X13012310 0.32075471698113206 0.3300970873786408 0.32075471698113206 0.32075471698113206 0.32075471698113206 0.32075471698113206 0.32075471698113206 0.32075471698113206 0.06666666666666667 0.32075471698113206 0.3146067415730337 0.32558139534883723 0.32075471698113206 0.32075471698113206 0.32075471698113206 0.37037037037037035 0.3218390804597701 0.3146067415730337 0.32075471698113206 0.33333333333333337
X12013310 0.3541666666666667 0.32075471698113206 0.3414634146341464 0.32075471698113206 0.32075471698113206 0.32075471698113206 0.3238095238095238 0.3269230769230769 0.32075471698113206 0.32075471698113206 0.32075471698113206 0.3269230769230769 0.32075471698113206 0.32075471698113206 0.33766233766233766 0.32075471698113206 0.32075471698113206 0.32075471698113206 0.37362637362637363 0.3855421686746988
X13012410 0.32075471698113206 0.32075471698113206 0.32075471698113206 0.32075471698113206 0.32075471698113206 0.32075471698113206 0.32075471698113206 0.32075471698113206 0.32075471698113206 0.3835616438356164 0.3414634146341464 0.0909090909090909 0.32075471698113206 0.32075471698113206 0.32075471698113206 0.32075471698113206 0.32075471698113206 0.32075471698113206 0.34567901234567905 0.32075471698113206
X13013610 0.32075471698113206 0.32075471698113206 0.32075471698113206 0.3209876543209877 0.32075471698113206 0.32075471698113206 0.3238095238095238 0.32075471698113206 0.32075471698113206 0.32075471698113206 0.32075471698113206 0.32075471698113206 0.2978723404255319 0.32075471698113206 0.2816901408450704 0.32075471698113206 0.32075471698113206 0.32075471698113206 0.32075471698113206 0.30303030303030304
X12012310 0.32075471698113206 0.32075471698113206 0.32075471698113206 0.32075471698113206 0.32075471698113206 0.32075471698113206 0.32075471698113206 0.32075471698113206 0.32075471698113206 0.32075471698113206 0.38202247191011235 0.3300970873786408 0.32075471698113206 0.32075471698113206 0.32075471698113206 0.32075471698113206 0.24242424242424243 0.32075471698113206 0.3170731707317074 0.16
X13013510 0.32075471698113206 0.32075471698113206 0.32075471698113206 0.32075471698113206 0.32075471698113206 0.35616438356164387 0.37681159420289856 0.32075471698113206 0.35555555555555557 0.32075471698113206 0.32075471698113206 0.32075471698113206 0.32075471698113206 0.32075471698113206 0.32075471698113206 0.33333333333333337 0.32075471698113206 0.32075471698113206 0.32075471698113206 0.32075471698113206
X11012610 0.3076923076923077 0.3714285714285715 0.32075471698113206 0.32075471698113206 0.32075471698113206 0.32075471698113206 0.32075471698113206 0.35000000000000003 0.38888888888888884 0.30303030303030304 0.44776119402985076 0.35443037974683544 0.32075471698113206 0.32075471698113206 0.3835616438356164 0.32075471698113206 0.3168316831683168 0.32558139534883723 0.32075471698113206 0.3296703296703297
X13012710 0.39999999999999997 0.32075471698113206 0.32075471698113206 0.39999999999999997 0.32075471698113206 0.32075471698113206 0.32075471698113206 0.32075471698113206 0.4057971014492754 0.32075471698113206 0.32075471698113206 0.32075471698113206 0.32075471698113206 0.4050632911392405 0.32075471698113206 0.32075471698113206 0.32075471698113206 0.32075471698113206 0.32075471698113206 0.32075471698113206
X12013410 0.32075471698113206 0.32075471698113206 0.2947368421052632 0.3181818181818182 0.32258064516129026 0.30769230769230765 0.32558139534883723 0.3 0.32075471698113206 0.32075471698113206 0.2857142857142857 0.3238095238095238 0.32075471698113206 0.32258064516129026 0.32075471698113206 0.32 0.32075471698113206 0.17142857142857143 0.33333333333333337 0.33663366336633666
X12012610 0.32075471698113206 0.32075471698113206 0.32075471698113206 0.32075471698113206 0.32075471698113206 0.32075471698113206 0.32075471698113206 0.32075471698113206 0.3181818181818182 0.32075471698113206 0.32075471698113206 0.32075471698113206 0.32075471698113206 0.32075471698113206 0.32075471698113206 0.32075471698113206 0.32075471698113206 0.32075471698113206 0.32075471698113206 0.32941176470588235
X12013610 0.3939393939393939 0.32075471698113206 0.3238095238095238 0.358974358974359 0.32075471698113206 0.32075471698113206 0.3404255319148936 0.32075471698113206 0.4057971014492754 0.32075471698113206 0.32075471698113206 0.32075471698113206 0.32075471698113206 0.35443037974683544 0.32075471698113206 0.3529411764705882 0.3218390804597701 0.32075471698113206 0.33333333333333337 0.32075471698113206
X13013310 0.32075471698113206 0.346938775510204 0.32075471698113206 0.32075471698113206 0.32075471698113206 0.32075471698113206 0.32075471698113206 0.33333333333333337 0.33333333333333337 0.3368421052631579 0.32075471698113206 0.3146067415730337 0.32075471698113206 0.30769230769230765 0.32075471698113206 0.3370786516853933 0.30303030303030304 0.32075471698113206 0.32075471698113206 0.32075471698113206
X12013710 0.32075471698113206 0.32075471698113206 0.38961038961038963 0.3296703296703297 0.35443037974683544 0.32075471698113206 0.3300970873786408 0.32075471698113206 0.32075471698113206 0.32075471698113206 0.32075471698113206 0.32 0.32075471698113206 0.32075471698113206 0.32075471698113206 0.32075471698113206 0.32075471698113206 0.32323232323232326 0.32075471698113206 0.32075471698113206
X12013510 0.3043478260869565 0.32941176470588235 0.32075471698113206 0.32075471698113206 0.32075471698113206 0.32075471698113206 0.32075471698113206 0.326530612244898 0.4050632911392405 0.33333333333333337 0.3146067415730337 0.32075471698113206 0.2765957446808511 0.31578947368421056 0.30769230769230765 0.32075471698113206 0.3714285714285715 0.32075471698113206 0.32075471698113206 0.32075471698113206
X11013511 0.2947368421052632 0.28571428571428575 0.32075471698113206 0.3513513513513513 0.3636363636363636 0.3614457831325301 0.35714285714285715 0.0 0.3238095238095238 0.3368421052631579 0.32075471698113206 0.04651162790697675 0.34 0.16326530612244897 0.3106796116504854 0.0 0.15 0.39344262295081966 0.0 0.16326530612244897
X11013610 0.3010752688172043 0.32075471698113206 0.2947368421052632 0.30927835051546393 0.3181818181818182 0.2127659574468085 0.32075471698113206 0.17241379310344826 0.32558139534883723 0.32989690721649484 0.3368421052631579 0.42622950819672134 0.32075471698113206 0.3043478260869565 0.24 0.3106796116504854 0.32075471698113206 0.32075471698113206 0.3243243243243243 0.35000000000000003
X12012410 0.32075471698113206 0.35443037974683544 0.32075471698113206 0.32075471698113206 0.34 0.32075471698113206 0.32075471698113206 0.32075471698113206 0.32075471698113206 0.3218390804597701 0.32075471698113206 0.32075471698113206 0.368421052631579 0.32075471698113206 0.32075471698113206 0.3466666666666667 0.358974358974359 0.32075471698113206 0.32075471698113206 0.37362637362637363
X12012710 0.3 0.32075471698113206 0.32075471698113206 0.3448275862068966 0.32075471698113206 0.15584415584415584 0.32075471698113206 0.32075471698113206 0.32075471698113206 0.35555555555555557 0.32075471698113206 0.3478260869565218 0.32075471698113206 0.3076923076923077 0.34090909090909094 0.32075471698113206 0.32075471698113206 0.32075471698113206 0.32075471698113206 0.32075471698113206
X12012510 0.3125 0.2962962962962963 0.3137254901960784 0.32075471698113206 0.32075471698113206 0.32075471698113206 0.32075471698113206 0.32075471698113206 0.32075471698113206 0.3269230769230769 0.32075471698113206 0.2545454545454545 0.22535211267605632 0.32075471698113206 0.20689655172413793 0.32075471698113206 0.32075471698113206 0.32075471698113206 0.3010752688172043 0.32075471698113206
X11012410 0.3125 0.30303030303030304 0.30303030303030304 0.32075471698113206 0.32075471698113206 0.32075471698113206 0.125 0.32258064516129026 0.30303030303030304 0.30769230769230765 0.30769230769230765 0.3061224489795918 0.30769230769230765 0.32075471698113206 0.32075471698113206 0.32075471698113206 0.125 0.32075471698113206 0.1935483870967742 0.368421052631579
X11002311 0.0 0.2916666666666667 0.3582089552238806 0.3010752688172043 0.4307692307692308 0.0 0.3146067415730337 0.0 0.0 0.0 0.46153846153846156 0.0 0.4 0.44776119402985076 0.0 0.42622950819672134 0.0 0.2745098039215686 0.0 0.0
X11012310 0.34 0.3541666666666667 0.32558139534883723 0.32075471698113206 0.3414634146341464 0.33333333333333337 0.06666666666666667 0.2909090909090909 0.34567901234567905 0.368421052631579 0.3793103448275862 0.24615384615384617 0.33663366336633666 0.358974358974359 0.15384615384615383 0.04651162790697675 0.4 0.3414634146341464 0.32075471698113206 0.3333333333333333
X11013310 0.30769230769230765 0.32075471698113206 0.31578947368421056 0.12765957446808512 0.32075471698113206 0.32075471698113206 0.3373493975903614 0.3373493975903614 0.32075471698113206 0.3168316831683168 0.3010752688172043 0.32075471698113206 0.32075471698113206 0.32075471698113206 0.30927835051546393 0.326530612244898 0.30952380952380953 0.30952380952380953 0.32075471698113206 0.31578947368421056
X11012510 0.32075471698113206 0.32075471698113206 0.28846153846153844 0.0 0.42857142857142855 0.32941176470588235 0.3291139240506329 0.32075471698113206 0.38095238095238093 0.32075471698113206 0.32075471698113206 0.32075471698113206 0.10256410256410256 0.4057971014492754 0.32075471698113206 0.32941176470588235 0.32075471698113206 0.32075471698113206 0.3218390804597701 0.30476190476190473
X11013510 0.3333333333333333 0.32075471698113206 0.33333333333333337 0.3859649122807018 0.32075471698113206 0.358974358974359 0.32075471698113206 0.358974358974359 0.37837837837837834 0.3373493975903614 0.380952380952381 0.35000000000000003 0.32 0.32075471698113206 0.32075471698113206 0.32075471698113206 0.38888888888888884 0.32075471698113206 0.32075471698113206 0.37777777777777777
X11013410 0.33333333333333337 0.368421052631579 0.32258064516129026 0.32075471698113206 0.32075471698113206 0.3636363636363636 0.35000000000000003 0.32075471698113206 0.32075471698113206 0.30769230769230765 0.35443037974683544 0.32075471698113206 0.32075471698113206 0.32075471698113206 0.32075471698113206 0.2916666666666667 0.2978723404255319 0.32075471698113206 0.32075471698113206 0.3908045977011494
X11002310 0.32941176470588235 0.30769230769230765 0.3218390804597701 0.32558139534883723 0.3541666666666667 0.3181818181818182 0.34567901234567905 0.32941176470588235 0.358974358974359 0.34567901234567905 0.33333333333333337 0.30769230769230765 0.33333333333333337 0.37333333333333335 0.3181818181818182 0.32941176470588235 0.31111111111111106 0.34567901234567905 0.31578947368421056 0.31111111111111106
X11002301 0.06451612903225808 0.1 0.0 0.0 0.15999999999999998 0.0 0.3384615384615385 0.0 0.0 0.0 0.0 0.0 0.0 0.0 0.25 0.417910447761194 0.0 0.3 0.0 0.24242424242424243
X13002310 0.3636363636363636 0.3146067415730337 0.37837837837837834 0.39436619718309857 0.35443037974683544 0.4444444444444444 0.3218390804597701 0.368421052631579 0.4057971014492754 0.4117647058823529 0.39436619718309857 0.37837837837837834 0.37837837837837834 0.4482758620689655 0.37837837837837834 0.37333333333333335 0.38888888888888884 0.4307692307692308 0.358974358974359 0.37837837837837834
