X13012310 0.19101123595505617 0.19767441860465115 0.19101123595505617 0.19101123595505617 0.19101123595505617 0.19101123595505617 0.19101123595505617 0.19101123595505617 0.07692307692307693 0.19101123595505617 0.19444444444444445 0.2028985507246377 0.19101123595505617 0.19101123595505617 0.19101123595505617 0.234375 0.2 0.19444444444444445 0.19101123595505617 0.2
X12013310 0.21518987341772153 0.19101123595505617 0.2153846153846154 0.19101123595505617 0.19101123595505617 0.19101123595505617 0.19318181818181818 0.19540229885057472 0.19101123595505617 0.19101123595505617 0.19101123595505617 0.19540229885057472 0.19101123595505617 0.19101123595505617 0.21666666666666667 0.19101123595505617 0.19101123595505617 0.19101123595505617 0.22972972972972974 0.24242424242424243
X13012410 0.19101123595505617 0.19101123595505617 0.19101123595505617 0.19101123595505617 0.19101123595505617 0.19101123595505617 0.19101123595505617 0.19101123595505617 0.19101123595505617 0.25 0.2153846153846154 0.07407407407407407 0.19101123595505617 0.19101123595505617 0.19101123595505617 0.19101123595505617 0.19101123595505617 0.19101123595505617 0.21875 0.19101123595505617
X13013610 0.19101123595505617 0.19101123595505617 0.19101123595505617 0.203125 0.19101123595505617 0.19101123595505617 0.19318181818181818 0.19101123595505617 0.19101123595505617 0.19101123595505617 0.19101123595505617 0.19101123595505617 0.18181818181818182 0.19101123595505617 0.18518518518518517 0.19101123595505617 0.19101123595505617 0.19101123595505617 0.19101123595505617 0.18292682926829268
X12012310 0.19101123595505617 0.19101123595505617 0.19101123595505617 0.19101123595505617 0.19101123595505617 0.19101123595505617 0.19101123595505617 0.19101123595505617 0.19101123595505617 0.19101123595505617 0.2361111111111111 0.19767441860465115 0.19101123595505617 0.19101123595505617 0.19101123595505617 0.19101123595505617 0.16326530612244897 0.19101123595505617 0.2 0.12121212121212122
X13013510 0.19101123595505617 0.19101123595505617 0.19101123595505617 0.19101123595505617 0.19101123595505617 0.23214285714285715 0.25 0.19101123595505617 0.2191780821917808 0.19101123595505617 0.19101123595505617 0.19101123595505617 0.19101123595505617 0.19101123595505617 0.19101123595505617 0.20253164556962025 0.19101123595505617 0.19101123595505617 0.19101123595505617 0.19101123595505617
X11012610 0.1839080459770115 0.24528301886792453 0.19101123595505617 0.19101123595505617 0.19101123595505617 0.19101123595505617 0.19101123595505617 0.2222222222222222 0.2545454545454545 0.18292682926829268 0.3 0.22580645161290322 0.19101123595505617 0.19101123595505617 0.25 0.19101123595505617 0.19047619047619047 0.2028985507246377 0.19101123595505617 0.20270270270270271
X13012710 0.25396825396825395 0.19101123595505617 0.19101123595505617 0.25396825396825395 0.19101123595505617 0.19101123595505617 0.19101123595505617 0.19101123595505617 0.2692307692307692 0.19101123595505617 0.19101123595505617 0.19101123595505617 0.19101123595505617 0.25806451612903225 0.19101123595505617 0.19101123595505617 0.19101123595505617 0.19101123595505617 0.19101123595505617 0.19101123595505617
X12013410 0.19101123595505617 0.19101123595505617 0.1794871794871795 0.19718309859154928 0.19736842105263158 0.1891891891891892 0.2028985507246377 0.20930232558139536 0.19101123595505617 0.19101123595505617 0.75 0.19318181818181818 0.19101123595505617 0.19736842105263158 0.19101123595505617 0.1927710843373494 0.19101123595505617 0.11320754716981132 0.2 0.20238095238095238
X12012610 0.19101123595505617 0.19101123595505617 0.19101123595505617 0.19101123595505617 0.19101123595505617 0.19101123595505617 0.19101123595505617 0.19101123595505617 0.19718309859154928 0.19101123595505617 0.19101123595505617 0.19101123595505617 0.19101123595505617 0.19101123595505617 0.19101123595505617 0.19101123595505617 0.19101123595505617 0.19101123595505617 0.19101123595505617 0.20588235294117646
X12013610 0.2653061224489796 0.19101123595505617 0.19318181818181818 0.22950819672131148 0.19101123595505617 0.19101123595505617 0.2077922077922078 0.19101123595505617 0.2692307692307692 0.19101123595505617 0.19101123595505617 0.19101123595505617 0.19101123595505617 0.22580645161290322 0.19101123595505617 0.22058823529411764 0.2 0.19101123595505617 0.208955223880597 0.19101123595505617
X13013310 0.19101123595505617 0.20987654320987653 0.19101123595505617 0.19101123595505617 0.19101123595505617 0.19101123595505617 0.19101123595505617 0.2 0.2 0.20512820512820512 0.19101123595505617 0.19444444444444445 0.19101123595505617 0.1891891891891892 0.19101123595505617 0.20833333333333334 0.18292682926829268 0.19101123595505617 0.19101123595505617 0.19101123595505617
X12013710 0.19101123595505617 0.19101123595505617 0.25 0.20270270270270271 0.22580645161290322 0.19101123595505617 0.19767441860465115 0.19101123595505617 0.19101123595505617 0.19101123595505617 0.19101123595505617 0.1927710843373494 0.19101123595505617 0.19101123595505617 0.19101123595505617 0.19101123595505617 0.19101123595505617 0.1951219512195122 0.19101123595505617 0.19101123595505617
X12013510 0.18666666666666668 0.20588235294117646 0.19101123595505617 0.19101123595505617 0.19101123595505617 0.19101123595505617 0.19101123595505617 0.19753086419753085 0.25806451612903225 0.208955223880597 0.19444444444444445 0.19101123595505617 0.16883116883116883 0.19230769230769232 0.1891891891891892 0.19101123595505617 0.24528301886792453 0.19101123595505617 0.19101123595505617 0.19101123595505617
X11013511 0.1794871794871795 0.2777777777777778 0.19101123595505617 0.22807017543859648 0.2631578947368421 0.22727272727272727 0.22388059701492538 0.0 0.19318181818181818 0.20512820512820512 0.19101123595505617 0.038461538461538464 0.20481927710843373 0.125 0.18604651162790697 0.0 0.13043478260869565 0.2727272727272727 0.0 0.125
X11013610 0.18421052631578946 0.19101123595505617 0.1794871794871795 0.1875 0.19718309859154928 0.12987012987012986 0.19101123595505617 0.12195121951219512 0.2028985507246377 0.2 0.20512820512820512 0.29545454545454547 0.19101123595505617 0.18666666666666668 0.375 0.18604651162790697 0.19101123595505617 0.19101123595505617 0.3 0.2222222222222222
X12012410 0.19101123595505617 0.22580645161290322 0.19101123595505617 0.19101123595505617 0.20481927710843373 0.19101123595505617 0.19101123595505617 0.19101123595505617 0.19101123595505617 0.2 0.19101123595505617 0.19101123595505617 0.23728813559322035 0.19101123595505617 0.19101123595505617 0.22413793103448276 0.22950819672131148 0.19101123595505617 0.19101123595505617 0.22972972972972974
X12012710 0.18072289156626506 0.19101123595505617 0.19101123595505617 0.21428571428571427 0.19101123595505617 0.1 0.19101123595505617 0.19101123595505617 0.19101123595505617 0.2191780821917808 0.19101123595505617 0.23076923076923078 0.19101123595505617 0.1839080459770115 0.2112676056338028 0.19101123595505617 0.19101123595505617 0.19101123595505617 0.19101123595505617 0.19101123595505617
X12012510 0.189873417721519 0.1875 0.18823529411764706 0.19101123595505617 0.19101123595505617 0.19101123595505617 0.19101123595505617 0.19101123595505617 0.19101123595505617 0.19540229885057472 0.19101123595505617 0.18421052631578946 0.14814814814814814 0.19101123595505617 0.14634146341463414 0.19101123595505617 0.19101123595505617 0.19101123595505617 0.18421052631578946 0.19101123595505617
X11012410 0.189873417721519 0.18292682926829268 0.18292682926829268 0.19101123595505617 0.19101123595505617 0.19101123595505617 0.0851063829787234 0.19736842105263158 0.18292682926829268 0.1891891891891892 0.1891891891891892 0.18518518518518517 0.1891891891891892 0.19101123595505617 0.19101123595505617 0.19101123595505617 0.0851063829787234 0.19101123595505617 0.21428571428571427 0.23728813559322035
X11002311 0.0 0.17721518987341772 0.24 0.18421052631578946 0.2916666666666667 0.0 0.19444444444444445 0.0 0.0 0.0 0.4090909090909091 0.0 0.2641509433962264 0.3 0.0 0.29545454545454547 0.0 0.20588235294117646 0.0 0.0
X11012310 0.20481927710843373 0.21518987341772153 0.2028985507246377 0.19101123595505617 0.2153846153846154 0.208955223880597 0.07692307692307693 0.21052631578947367 0.21875 0.23728813559322035 0.2682926829268293 0.16666666666666666 0.20238095238095238 0.22950819672131148 0.13636363636363635 0.038461538461538464 0.27906976744186046 0.2153846153846154 0.19101123595505617 0.2054794520547945
X11013310 0.1891891891891892 0.19101123595505617 0.19230769230769232 0.1 0.19101123595505617 0.19101123595505617 0.21212121212121213 0.21212121212121213 0.19101123595505617 0.19047619047619047 0.18421052631578946 0.19101123595505617 0.19101123595505617 0.19101123595505617 0.1875 0.19753086419753085 0.19402985074626866 0.19402985074626866 0.19101123595505617 0.19230769230769232
X11012510 0.19101123595505617 0.19101123595505617 0.1724137931034483 0.0 0.36 0.20588235294117646 0.20967741935483872 0.19101123595505617 0.23880597014925373 0.19101123595505617 0.19101123595505617 0.19101123595505617 0.09090909090909091 0.2692307692307692 0.19101123595505617 0.20588235294117646 0.19101123595505617 0.19101123595505617 0.2 0.18181818181818182
X11013510 0.2054794520547945 0.19101123595505617 0.208955223880597 0.275 0.19101123595505617 0.22950819672131148 0.19101123595505617 0.22950819672131148 0.24561403508771928 0.21212121212121213 0.2608695652173913 0.2222222222222222 0.1927710843373494 0.19101123595505617 0.19101123595505617 0.19101123595505617 0.2545454545454545 0.19101123595505617 0.19101123595505617 0.2328767123287671
X11013410 0.208955223880597 0.23728813559322035 0.19736842105263158 0.19101123595505617 0.19101123595505617 0.23333333333333334 0.2222222222222222 0.19101123595505617 0.19101123595505617 0.1891891891891892 0.22580645161290322 0.19101123595505617 0.19101123595505617 0.19101123595505617 0.19101123595505617 0.17721518987341772 0.18181818181818182 0.19101123595505617 0.19101123595505617 0.24285714285714285
X11002310 0.20588235294117646 0.1891891891891892 0.2 0.2028985507246377 0.21518987341772153 0.19718309859154928 0.21875 0.20588235294117646 0.22950819672131148 0.21875 0.208955223880597 0.1891891891891892 0.208955223880597 0.2413793103448276 0.19718309859154928 0.20588235294117646 0.1917808219178082 0.21875 0.19230769230769232 0.1917808219178082
X11002301 0.07142857142857142 0.3333333333333333 0.0 0.0 0.25 0.0 0.22916666666666666 0.0 0.0 0.0 0.0 0.0 0.0 0.0 0.42857142857142855 0.28 0.0 0.2608695652173913 0.0 0.25
X13002310 0.23333333333333334 0.19444444444444445 0.24561403508771928 0.25925925925925924 0.22580645161290322 0.30434782608695654 0.2 0.23728813559322035 0.2692307692307692 0.27450980392156865 0.25925925925925924 0.24561403508771928 0.24561403508771928 0.3170731707317073 0.24561403508771928 0.2413793103448276 0.2545454545454545 0.2916666666666667 0.22950819672131148 0.24561403508771928
