X13012310 1.0 1.0 1.0 1.0 1.0 1.0 1.0 1.0 0.058823529411764705 1.0 0.8235294117647058 0.8235294117647058 1.0 1.0 1.0 0.8823529411764706 0.8235294117647058 0.8235294117647058 1.0 1.0
X12013310 1.0 1.0 0.8235294117647058 1.0 1.0 1.0 1.0 1.0 1.0 1.0 1.0 1.0 1.0 1.0 0.7647058823529411 1.0 1.0 1.0 1.0 0.9411764705882353
X13012410 1.0 1.0 1.0 1.0 1.0 1.0 1.0 1.0 1.0 0.8235294117647058 0.8235294117647058 0.11764705882352941 1.0 1.0 1.0 1.0 1.0 1.0 0.8235294117647058 1.0
X13013610 1.0 1.0 1.0 0.7647058823529411 1.0 1.0 1.0 1.0 1.0 1.0 1.0 1.0 0.8235294117647058 1.0 0.5882352941176471 1.0 1.0 1.0 1.0 0.8823529411764706
X12012310 1.0 1.0 1.0 1.0 1.0 1.0 1.0 1.0 1.0 1.0 1.0 1.0 1.0 1.0 1.0 1.0 0.47058823529411764 1.0 0.7647058823529411 0.23529411764705882
X13013510 1.0 1.0 1.0 1.0 1.0 0.7647058823529411 0.7647058823529411 1.0 0.9411764705882353 1.0 1.0 1.0 1.0 1.0 1.0 0.9411764705882353 1.0 1.0 1.0 1.0
X11012610 0.9411764705882353 0.7647058823529411 1.0 1.0 1.0 1.0 1.0 0.8235294117647058 0.8235294117647058 0.8823529411764706 0.8823529411764706 0.8235294117647058 1.0 1.0 0.8235294117647058 1.0 0.9411764705882353 0.8235294117647058 1.0 0.8823529411764706
X13012710 0.9411764705882353 1.0 1.0 0.9411764705882353 1.0 1.0 1.0 1.0 0.8235294117647058 1.0 1.0 1.0 1.0 0.9411764705882353 1.0 1.0 1.0 1.0 1.0 1.0
X12013410 1.0 1.0 0.8235294117647058 0.8235294117647058 0.8823529411764706 0.8235294117647058 0.8235294117647058 0.5294117647058824 1.0 1.0 0.17647058823529413 1.0 1.0 0.8823529411764706 1.0 0.9411764705882353 1.0 0.35294117647058826 1.0 1.0
X12012610 1.0 1.0 1.0 1.0 1.0 1.0 1.0 1.0 0.8235294117647058 1.0 1.0 1.0 1.0 1.0 1.0 1.0 1.0 1.0 1.0 0.8235294117647058
X12013610 0.7647058823529411 1.0 1.0 0.8235294117647058 1.0 1.0 0.9411764705882353 1.0 0.8235294117647058 1.0 1.0 1.0 1.0 0.8235294117647058 1.0 0.8823529411764706 0.8235294117647058 1.0 0.8235294117647058 1.0
X13013310 1.0 1.0 1.0 1.0 1.0 1.0 1.0 1.0 1.0 0.9411764705882353 1.0 0.8235294117647058 1.0 0.8235294117647058 1.0 0.8823529411764706 0.8823529411764706 1.0 1.0 1.0
X12013710 1.0 1.0 0.8823529411764706 0.8823529411764706 0.8235294117647058 1.0 1.0 1.0 1.0 1.0 1.0 0.9411764705882353 1.0 1.0 1.0 1.0 1.0 0.9411764705882353 1.0 1.0
X12013510 0.8235294117647058 0.8235294117647058 1.0 1.0 1.0 1.0 1.0 0.9411764705882353 0.9411764705882353 0.8235294117647058 0.8235294117647058 1.0 0.7647058823529411 0.8823529411764706 0.8235294117647058 1.0 0.7647058823529411 1.0 1.0 1.0
X11013511 0.8235294117647058 0.29411764705882354 1.0 0.7647058823529411 0.5882352941176471 0.8823529411764706 0.8823529411764706 0.0 1.0 0.9411764705882353 1.0 0.058823529411764705 1.0 0.23529411764705882 0.9411764705882353 0.0 0.17647058823529413 0.7058823529411765 0.0 0.23529411764705882
X11013610 0.8235294117647058 1.0 0.8235294117647058 0.8823529411764706 0.8235294117647058 0.5882352941176471 1.0 0.29411764705882354 0.8235294117647058 0.9411764705882353 0.9411764705882353 0.7647058823529411 1.0 0.8235294117647058 0.17647058823529413 0.9411764705882353 1.0 1.0 0.35294117647058826 0.8235294117647058
X12012410 1.0 0.8235294117647058 1.0 1.0 1.0 1.0 1.0 1.0 1.0 0.8235294117647058 1.0 1.0 0.8235294117647058 1.0 1.0 0.7647058823529411 0.8235294117647058 1.0 1.0 1.0
X12012710 0.8823529411764706 1.0 1.0 0.8823529411764706 1.0 0.35294117647058826 1.0 1.0 1.0 0.9411764705882353 1.0 0.7058823529411765 1.0 0.9411764705882353 0.8823529411764706 1.0 1.0 1.0 1.0 1.0
X12012510 0.8823529411764706 0.7058823529411765 0.9411764705882353 1.0 1.0 1.0 1.0 1.0 1.0 1.0 1.0 0.4117647058823529 0.47058823529411764 1.0 0.35294117647058826 1.0 1.0 1.0 0.8235294117647058 1.0
X11012410 0.8823529411764706 0.8823529411764706 0.8823529411764706 1.0 1.0 1.0 0.23529411764705882 0.8823529411764706 0.8823529411764706 0.8235294117647058 0.8235294117647058 0.8823529411764706 0.8235294117647058 1.0 1.0 1.0 0.23529411764705882 1.0 0.17647058823529413 0.8235294117647058
X11002311 0.0 0.8235294117647058 0.7058823529411765 0.8235294117647058 0.8235294117647058 0.0 0.8235294117647058 0.0 0.0 0.0 0.5294117647058824 0.0 0.8235294117647058 0.8823529411764706 0.0 0.7647058823529411 0.0 0.4117647058823529 0.0 0.0
X11012310 1.0 1.0 0.8235294117647058 1.0 0.8235294117647058 0.8235294117647058 0.058823529411764705 0.47058823529411764 0.8235294117647058 0.8235294117647058 0.6470588235294118 0.47058823529411764 1.0 0.8235294117647058 0.17647058823529413 0.058823529411764705 0.7058823529411765 0.8235294117647058 1.0 0.8823529411764706
X11013310 0.8235294117647058 1.0 0.8823529411764706 0.17647058823529413 1.0 1.0 0.8235294117647058 0.8235294117647058 1.0 0.9411764705882353 0.8235294117647058 1.0 1.0 1.0 0.8823529411764706 0.9411764705882353 0.7647058823529411 0.7647058823529411 1.0 0.8823529411764706
X11012510 1.0 1.0 0.8823529411764706 0.0 0.5294117647058824 0.8235294117647058 0.7647058823529411 1.0 0.9411764705882353 1.0 1.0 1.0 0.11764705882352941 0.8235294117647058 1.0 0.8235294117647058 1.0 1.0 0.8235294117647058 0.9411764705882353
X11013510 0.8823529411764706 1.0 0.8235294117647058 0.6470588235294118 1.0 0.8235294117647058 1.0 0.8235294117647058 0.8235294117647058 0.8235294117647058 0.7058823529411765 0.8235294117647058 0.9411764705882353 1.0 1.0 1.0 0.8235294117647058 1.0 1.0 1.0
X11013410 0.8235294117647058 0.8235294117647058 0.8823529411764706 1.0 1.0 0.8235294117647058 0.8235294117647058 1.0 1.0 0.8235294117647058 0.8235294117647058 1.0 1.0 1.0 1.0 0.8235294117647058 0.8235294117647058 1.0 1.0 1.0
X11002310 0.8235294117647058 0.8235294117647058 0.8235294117647058 0.8235294117647058 1.0 0.8235294117647058 0.8235294117647058 0.8235294117647058 0.8235294117647058 0.8235294117647058 0.8235294117647058 0.8235294117647058 0.8235294117647058 0.8235294117647058 0.8235294117647058 0.8235294117647058 0.8235294117647058 0.8235294117647058 0.8823529411764706 0.8235294117647058
X11002301 0.058823529411764705 0.058823529411764705 0.0 0.0 0.11764705882352941 0.0 0.6470588235294118 0.0 0.0 0.0 0.0 0.0 0.0 0.0 0.17647058823529413 0.8235294117647058 0.0 0.35294117647058826 0.0 0.23529411764705882
X13002310 0.8235294117647058 0.8235294117647058 0.8235294117647058 0.8235294117647058 0.8235294117647058 0.8235294117647058 0.8235294117647058 0.8235294117647058 0.8235294117647058 0.8235294117647058 0.8235294117647058 0.8235294117647058 0.8235294117647058 0.7647058823529411 0.8235294117647058 0.8235294117647058 0.8235294117647058 0.8235294117647058 0.8235294117647058 0.8235294117647058
