X13012310 2.636631965637207 2.5237340927124023 2.5669002532958984 2.6477150917053223 2.7512004375457764 2.77992844581604 2.847599506378174 2.9323272705078125 3.016781806945801 3.1448004245758057 3.2061455249786377 3.275228261947632 3.348635196685791 3.440824508666992 3.476226568222046 3.5981252193450928 3.6982786655426025 3.852213144302368 3.918757200241089 4.233006238937378
X12013310 4.04355788230896 4.124239683151245 4.188506841659546 4.302616596221924 4.372864246368408 4.440603494644165 4.569135904312134 4.632674932479858 4.717666149139404 4.847606182098389 4.919900178909302 5.331418037414551 5.130897521972656 5.174789667129517 5.356913805007935 5.381841421127319 5.525045394897461 5.639517545700073 5.673855304718018 5.819764614105225
X13012410 6.443776369094849 6.6426002979278564 6.759264707565308 6.920751571655273 7.162482500076294 7.2032411098480225 7.726092338562012 7.5290327072143555 7.6948158740997314 7.873689413070679 7.93140983581543 8.046406269073486 8.182711601257324 8.274847745895386 8.422430992126465 8.528669834136963 8.738929748535156 8.843284606933594 8.926559686660767 9.158478260040283
X13013610 9.429125547409058 9.63146424293518 9.778719425201416 10.453571081161499 10.111678123474121 10.193092107772827 10.294104099273682 10.473497152328491 10.54219937324524 10.840502262115479 10.808270692825317 10.943005561828613 10.946709156036377 11.23830270767212 11.250031232833862 11.362091541290283 11.490915775299072 11.618570804595947 11.74118447303772 11.90737271308899
X12012310 11.851068496704102 11.958523273468018 12.05794620513916 12.245218992233276 12.322453022003174 12.406266212463379 12.490881443023682 12.750473499298096 12.959319591522217 12.940522909164429 12.957907915115356 13.198702573776245 13.211152791976929 13.294903993606567 13.331278562545776 13.459045648574829 13.44165563583374 13.654526710510254 13.670334815979004 13.768126726150513
X13013510 14.271512746810913 14.309143781661987 14.555816411972046 15.070898532867432 15.127475500106812 15.112095355987549 15.043115615844727 15.302789449691772 15.304751873016357 15.606465101242065 15.636859655380249 15.823931694030762 15.739717245101929 15.928101539611816 16.049331426620483 16.21736216545105 16.24655556678772 16.462095022201538 16.495996475219727 16.66089940071106
X11012610 16.50180745124817 16.585940837860107 16.737045288085938 16.862855195999146 16.97010350227356 17.070202827453613 17.10014772415161 17.224674463272095 17.295574426651 17.429879188537598 17.57183003425598 17.764798641204834 17.80895495414734 17.898500204086304 18.060240507125854 18.074776887893677 18.18079423904419 18.268036603927612 18.30680274963379 18.43040132522583
X13012710 19.141949892044067 19.357351303100586 19.430851459503174 19.676326036453247 19.795942068099976 19.97499966621399 20.048630475997925 20.292824745178223 20.587096452713013 20.760926723480225 20.90422010421753 21.108089208602905 21.049158573150635 21.202083110809326 21.337650299072266 22.320293188095093 21.653738737106323 21.882709741592407 21.932949781417847 22.094797611236572
X12013410 22.295769214630127 22.42470645904541 22.57139277458191 22.821317195892334 22.87125849723816 23.152559995651245 23.072450399398804 23.319995641708374 23.417153120040894 23.55054759979248 23.6823513507843 24.167288541793823 24.568577527999878 24.703221559524536 24.7973473072052 24.652554988861084 24.637863159179688 24.731382608413696 24.825653553009033 24.987961530685425
X12012610 25.243433952331543 25.387397050857544 25.338730096817017 25.673555612564087 25.7287175655365 25.887396097183228 25.65278458595276 25.804583311080933 25.82139825820923 26.08344340324402 26.183414220809937 26.27719759941101 26.289867639541626 26.532025575637817 26.524097442626953 26.767836809158325 26.727901458740234 26.877081871032715 26.90271759033203 27.11120104789734
X12013610 27.230793237686157 27.7085223197937 27.69694471359253 27.822399139404297 27.811838626861572 27.991515159606934 28.12977695465088 28.19705295562744 28.248496294021606 28.655270099639893 28.46393609046936 28.72181510925293 28.71950626373291 28.852077960968018 29.02009105682373 29.16159152984619 29.302684545516968 29.648257970809937 29.916866540908813 30.066356420516968
X13013310 30.233744382858276 30.437472581863403 30.584619760513306 30.97053098678589 30.79851984977722 30.95832848548889 30.985219478607178 31.17532968521118 31.26282835006714 31.559656143188477 31.667699098587036 31.981038093566895 31.937436819076538 32.091872692108154 32.070844888687134 32.087693214416504 31.853866577148438 31.87408208847046 32.0692994594574 32.19709062576294
X12013710 32.23804497718811 32.32993507385254 32.321895360946655 32.54874634742737 32.8550968170166 33.07053565979004 32.861979961395264 33.12396049499512 33.08677840232849 33.35290598869324 33.271398067474365 33.54954671859741 33.72140908241272 33.867595911026 33.8184814453125 33.959415435791016 34.049999713897705 34.18483591079712 34.20270085334778 35.76759648323059
X12013510 35.20199370384216 35.27020621299744 35.10209608078003 34.87114453315735 34.88890814781189 35.33096432685852 35.261472940444946 35.55424618721008 35.65897822380066 35.783926486968994 35.669516801834106 36.088380098342896 35.97019720077515 35.836079120635986 36.14756655693054 36.04684257507324 36.07028245925903 36.34203553199768 36.45966553688049 36.62805461883545
X11013511 36.498491048812866 36.80633211135864 37.27129364013672 38.95540404319763 38.58339977264404 38.803611755371094 38.9158890247345 39.03999710083008 39.01366567611694 39.44354009628296 39.2356333732605 39.44840669631958 39.58929944038391 39.629273891448975 40.40458846092224 40.54204773902893 40.36724042892456 40.90022873878479 39.934006690979004 39.889381408691406
X11013610 40.351481914520264 40.54877853393555 40.65165591239929 40.87329435348511 40.84073829650879 41.17672896385193 41.24374794960022 41.341352462768555 41.4193058013916 41.593977212905884 41.67793822288513 41.88018465042114 41.827903747558594 42.151609659194946 42.110435962677 42.2497079372406 42.318774461746216 42.47818613052368 42.623146057128906 42.65062355995178
X12012410 43.23130941390991 43.629926681518555 43.56241321563721 43.86194920539856 43.77209401130676 44.57567644119263 44.76855158805847 44.92135190963745 44.2883415222168 44.2651731967926 44.40446448326111 44.644407749176025 44.677895307540894 44.89992380142212 44.91478872299194 45.1332368850708 45.254587173461914 47.2395875453949 45.74783539772034 46.059515953063965
X12012710 46.3581748008728 46.5275194644928 46.54295349121094 46.682695627212524 46.80291557312012 46.99239110946655 47.04001569747925 47.195672273635864 47.132935762405396 47.360400915145874 47.393046617507935 47.75270056724548 47.73885941505432 48.2994430065155 48.57366919517517 48.65664458274841 48.362807750701904 48.341760873794556 48.32050824165344 48.58509421348572
X12012510 48.75510382652283 48.90610384941101 48.90786957740784 49.11848258972168 48.77231502532959 48.06731057167053 48.128918170928955 49.23310208320618 49.17958450317383 49.36738181114197 49.40203380584717 49.48130130767822 49.54857659339905 49.7401180267334 49.77910661697388 49.833569049835205 50.0450758934021 49.6079306602478 50.36611032485962 50.66433072090149
X11012410 51.31302452087402 51.28862190246582 50.66009521484375 50.79720735549927 50.814894676208496 50.89800834655762 50.96725010871887 51.17742395401001 51.27569246292114 51.53849172592163 52.634331941604614 52.178102016448975 51.98800873756409 51.931554555892944 51.89128661155701 51.994420528411865 52.33453726768494 52.53427791595459 52.21561098098755 52.311681509017944
X11002311 52.39200162887573 52.682931661605835 52.71328163146973 52.820712089538574 52.91065049171448 53.75531482696533 53.313533782958984 53.63591980934143 53.236125230789185 53.46481680870056 53.50255370140076 53.738985776901245 53.62643504142761 53.77621030807495 53.8192458152771 53.93906235694885 54.014546394348145 54.24587154388428 54.23796105384827 54.4570255279541
X11012310 54.68551445007324 54.66912579536438 54.69935917854309 54.79244661331177 54.88369631767273 55.057676553726196 55.08985924720764 55.26474213600159 55.21950888633728 55.801636934280396 56.07149839401245 55.762022256851196 55.69369316101074 55.837034940719604 55.812580585479736 56.02958583831787 56.043988943099976 56.11125445365906 58.44973564147949 56.71170997619629
X11013310 56.583160400390625 56.56883907318115 56.67086625099182 56.836286306381226 56.87661123275757 57.04459238052368 57.215646266937256 57.425463914871216 57.35687756538391 57.53328061103821 57.527541637420654 57.8210084438324 58.5264675617218 59.27841544151306 58.44966125488281 58.40648603439331 58.086047887802124 58.29289388656616 58.32142782211304 58.58712577819824
X11012510 59.06152129173279 59.1670126914978 59.17403435707092 59.582197189331055 59.626549243927 59.65083456039429 59.78805351257324 59.96257185935974 60.38745045661926 60.24427819252014 60.399964570999146 60.45949101448059 60.61831307411194 60.62744474411011 61.871556758880615 60.48861241340637 59.50815153121948 60.33987259864807 60.38839292526245 60.8782057762146
X11013510 61.32128643989563 61.7102735042572 61.135403633117676 60.87936878204346 61.4389705657959 62.04466009140015 61.91908597946167 61.81375503540039 61.82875728607178 62.19558000564575 62.1627779006958 62.30146098136902 62.26965141296387 62.48211932182312 62.85168695449829 63.98077368736267 63.18226170539856 62.78556990623474 62.92677426338196 62.972811222076416
X11013410 63.68031120300293 63.402121782302856 63.5311233997345 63.71768260002136 63.69508075714111 63.88720655441284 64.01950812339783 64.06732487678528 64.15933632850647 64.37239289283752 64.3048644065857 64.41853046417236 64.50834727287292 64.81670355796814 64.80897974967957 66.07851099967957 65.64629340171814 65.11101746559143 65.01431035995483 65.2576756477356
X11002310 65.26437139511108 65.36928343772888 65.60406589508057 65.6771342754364 65.72623562812805 65.73177313804626 65.81579041481018 66.13773369789124 66.24023818969727 66.33314156532288 66.56115937232971 66.45485067367554 66.57302188873291 66.6655547618866 66.60666060447693 67.5103919506073 67.57041358947754 67.65336728096008 66.98863625526428 67.15563726425171
X11002301 64.38787031173706 64.36829686164856 64.40123200416565 64.49483060836792 64.72266149520874 64.76579761505127 64.92688155174255 65.10012626647949 65.18105125427246 65.35569906234741 65.37848377227783 65.46488881111145 65.39759302139282 65.6761212348938 65.70907211303711 66.06769466400146 67.35811948776245 67.31309604644775 66.29699563980103 66.36525869369507
X13002310 69.92026138305664 70.01017904281616 70.90178656578064 71.16847610473633 71.55685591697693 71.56337022781372 71.77879476547241 72.10374236106873 72.04490232467651 72.35713934898376 71.16308736801147 72.28362941741943 72.1794981956482 73.3764283657074 72.96948051452637 73.54554772377014 74.13353204727173 73.30287194252014 73.40773677825928 73.50072288513184
