X11002301 0.304635761589404 0.3409090909090909 0.3958333333333333 0.3652173913043478 0.44800000000000006 0.2325581395348837 0.2077922077922078 0.3170731707317074 0.25581395348837205 0.39560439560439564 0.3689320388349514 0.2105263157894737 0.14457831325301204 0.32911392405063294 0.30357142857142855 0.35789473684210527 0.3125 0.28571428571428575 0.423728813559322 0.2247191011235955
X11013410 0.4460431654676259 0.04761904761904761 0.3677130044843049 0.1111111111111111 0.48051948051948057 0.39484978540772525 0.4382470119521913 0.425 0.3387978142076502 0.0 0.4592592592592593 0.24675324675324672 0.4274809160305343 0.42758620689655175 0.11627906976744184 0.4094488188976378 0.4696969696969697 0.22448979591836732 0.4255319148936171 0.05063291139240506
X11002310 0.4580152671755725 0.27450980392156865 0.38333333333333336 0.4390243902439024 0.34234234234234234 0.3902439024390244 0.38383838383838376 0.36842105263157887 0.3826086956521739 0.4424778761061947 0.44628099173553715 0.3652173913043478 0.45112781954887216 0.44036697247706424 0.34615384615384615 0.4426229508196722 0.2941176470588235 0.41441441441441446 0.2708333333333333 0.3818181818181818
X12013610 0.4225352112676056 0.3047619047619048 0.3875 0.3010752688172043 0.13157894736842105 0.4200913242009132 0.32758620689655177 0.45454545454545453 0.0 0.37037037037037035 0.4461538461538461 0.37209302325581395 0.3821656050955414 0.39846743295019155 0.45454545454545453 0.288659793814433 0.4181818181818182 0.3546099290780142 0.43356643356643354 0.4492753623188406
X11002310 0.46031746031746035 0.43859649122807015 0.4000000000000001 0.3703703703703704 0.3185840707964602 0.42 0.3636363636363637 0.4666666666666667 0.41739130434782606 0.416 0.43103448275862066 0.4580152671755725 0.3518518518518519 0.4713375796178344 0.44642857142857145 0.36190476190476184 0.37837837837837834 0.4132231404958678 0.48809523809523814 0.35514018691588783
X11012310 0.1388888888888889 0.18000000000000002 0.43786982248520717 0.43010752688172044 0.42599277978339345 0.45739910313901344 0.4409448818897637 0.36078431372549025 0.44565217391304346 0.2921348314606742 0.08955223880597016 0.38202247191011235 0.4097560975609756 0.35789473684210527 0.42790697674418604 0.2967741935483871 0.35443037974683544 0.4460431654676259 0.13333333333333333 0.34108527131782945
X11012610 0.0 0.3849765258215963 0.4382470119521913 0.42727272727272725 0.3735408560311284 0.4347826086956522 0.41071428571428575 0.4334600760456274 0.3298969072164949 0.45112781954887216 0.3366336633663366 0.4 0.48571428571428565 0.4132841328413284 0.47368421052631576 0.4502164502164502 0.38983050847457623 0.31390134529147984 0.3846153846153847 0.43971631205673756
X12013410 0.42028985507246375 0.39344262295081966 0.4074074074074075 0.3862068965517241 0.3620689655172414 0.19047619047619044 0.3113207547169812 0.3980099502487562 0.42758620689655175 0.23728813559322037 0.37154150197628455 0.3128491620111732 0.37681159420289856 0.2937062937062937 0.2574257425742575 0.17582417582417584 0.4025157232704403 0.425 0.4528301886792453 0.15789473684210528
X11013310 0.3826086956521739 0.42962962962962964 0.4251968503937008 0.3636363636363636 0.3724137931034483 0.43749999999999994 0.42168674698795183 0.2459016393442623 0.44628099173553715 0.36363636363636365 0.42045454545454547 0.4366197183098592 0.4235294117647059 0.3706896551724138 0.441025641025641 0.4474885844748858 0.45454545454545453 0.4358974358974359 0.42937853107344637 0.41379310344827586
X12012310 0.3181818181818182 0.0 0.20869565217391303 0.4205128205128205 0.43065693430656926 0.4160583941605839 0.4558823529411765 0.4247787610619469 0.3684210526315789 0.4081632653061225 0.44444444444444453 0.3157894736842105 0.32352941176470584 0.42448979591836733 0.42944785276073627 0.41935483870967744 0.4625 0.23728813559322037 0.4251968503937008 0.43478260869565216
X13002310 0.29357798165137616 0.3541666666666667 0.3 0.4912280701754386 0.3870967741935483 0.42 0.33644859813084116 0.34862385321100914 0.49056603773584906 0.40707964601769914 0.47619047619047616 0.423076923076923 0.3673469387755102 0.37254901960784315 0.4375 0.380952380952381 0.30379746835443044 0.37837837837837834 0.42592592592592593 0.3818181818181818
