X11002301 0.25274725274725274 0.5357142857142857 0.5277777777777778 0.38181818181818183 0.4307692307692308 0.38461538461538464 0.47058823529411764 0.5909090909090909 0.4230769230769231 0.5806451612903226 0.4418604651162791 0.5 0.2608695652173913 0.6842105263157895 0.3269230769230769 0.4857142857142857 0.4166666666666667 0.5 0.43103448275862066 0.3448275862068966
X11013410 0.3924050632911392 0.08333333333333333 0.25153374233128833 0.16666666666666666 0.39361702127659576 0.2658959537572254 0.2879581151832461 0.34 0.25203252032520324 0.0 0.41333333333333333 0.20212765957446807 0.39436619718309857 0.36470588235294116 0.19230769230769232 0.3880597014925373 0.4305555555555556 0.2894736842105263 0.2702702702702703 0.10526315789473684
X11002310 0.4225352112676056 0.3333333333333333 0.38333333333333336 0.42857142857142855 0.37254901960784315 0.3076923076923077 0.48717948717948717 0.3888888888888889 0.4 0.4716981132075472 0.4426229508196721 0.38181818181818183 0.410958904109589 0.4897959183673469 0.4090909090909091 0.43548387096774194 0.35714285714285715 0.45098039215686275 0.3611111111111111 0.42
X12013610 0.36585365853658536 0.35555555555555557 0.31 0.42424242424242425 0.3125 0.2893081761006289 0.3392857142857143 0.4166666666666667 0.0 0.29411764705882354 0.4142857142857143 0.25806451612903225 0.30927835051546393 0.25870646766169153 0.4166666666666667 0.3783783783783784 0.2875 0.30864197530864196 0.37349397590361444 0.3974358974358974
X11002310 0.4393939393939394 0.46296296296296297 0.4 0.4166666666666667 0.33962264150943394 0.525 0.46153846153846156 0.4666666666666667 0.43636363636363634 0.4 0.44642857142857145 0.4225352112676056 0.3958333333333333 0.38144329896907214 0.4807692307692308 0.4222222222222222 0.4117647058823529 0.4098360655737705 0.37962962962962965 0.40425531914893614
X11012310 0.4166666666666667 0.225 0.3394495412844037 0.273972602739726 0.271889400921659 0.3128834355828221 0.28865979381443296 0.2358974358974359 0.33064516129032256 0.4482758620689655 0.42857142857142855 0.2463768115942029 0.2896551724137931 0.4857142857142857 0.2967741935483871 0.24210526315789474 0.23728813559322035 0.3924050632911392 0.2 0.3188405797101449
X11012610 0.0 0.2679738562091503 0.2879581151832461 0.29375 0.2436548223350254 0.2849740932642487 0.4423076923076923 0.28078817733990147 0.43243243243243246 0.410958904109589 0.4146341463414634 0.2648648648648649 0.425 0.26540284360189575 0.391304347826087 0.30409356725146197 0.26136363636363635 0.2147239263803681 0.25862068965517243 0.38271604938271603
X12013410 0.3717948717948718 0.3870967741935484 0.3235294117647059 0.32941176470588235 0.2441860465116279 0.3333333333333333 0.21710526315789475 0.28368794326241137 0.36470588235294116 0.2413793103448276 0.24352331606217617 0.23529411764705882 0.3333333333333333 0.25301204819277107 0.3170731707317073 0.25806451612903225 0.32323232323232326 0.34 0.36363636363636365 0.375
X11013310 0.25882352941176473 0.2761904761904762 0.40298507462686567 0.24561403508771928 0.3176470588235294 0.4117647058823529 0.330188679245283 0.24193548387096775 0.4426229508196721 0.5714285714285714 0.31896551724137934 0.3780487804878049 0.32727272727272727 0.25 0.31851851851851853 0.3081761006289308 0.4166666666666667 0.3541666666666667 0.3247863247863248 0.35294117647058826
X12012310 0.5 0.0 0.21818181818181817 0.3037037037037037 0.2757009345794392 0.26635514018691586 0.40789473684210525 0.4528301886792453 0.30434782608695654 0.2702702702702703 0.32558139534883723 0.3333333333333333 0.2894736842105263 0.2810810810810811 0.33980582524271846 0.40625 0.37 0.2413793103448276 0.40298507462686567 0.3465346534653465
X13002310 0.32653061224489793 0.4722222222222222 0.375 0.5185185185185185 0.5454545454545454 0.525 0.3829787234042553 0.3877551020408163 0.5652173913043478 0.4339622641509434 0.45454545454545453 0.5 0.47368421052631576 0.4523809523809524 0.5833333333333334 0.4444444444444444 0.631578947368421 0.4117647058823529 0.4791666666666667 0.42
