X11002301 0.38333333333333336 0.25 0.31666666666666665 0.35 0.4666666666666667 0.16666666666666666 0.13333333333333333 0.21666666666666667 0.18333333333333332 0.3 0.31666666666666665 0.13333333333333333 0.1 0.21666666666666667 0.2833333333333333 0.2833333333333333 0.25 0.2 0.4166666666666667 0.16666666666666666
X11013410 0.5166666666666667 0.03333333333333333 0.6833333333333333 0.08333333333333333 0.6166666666666667 0.7666666666666667 0.9166666666666666 0.5666666666666667 0.5166666666666667 0.0 0.5166666666666667 0.31666666666666665 0.4666666666666667 0.5166666666666667 0.08333333333333333 0.43333333333333335 0.5166666666666667 0.18333333333333332 1.0 0.03333333333333333
X11002310 0.5 0.23333333333333334 0.38333333333333336 0.45 0.31666666666666665 0.5333333333333333 0.31666666666666665 0.35 0.36666666666666664 0.4166666666666667 0.45 0.35 0.5 0.4 0.3 0.45 0.25 0.38333333333333336 0.21666666666666667 0.35
X12013610 0.5 0.26666666666666666 0.5166666666666667 0.23333333333333334 0.08333333333333333 0.7666666666666667 0.31666666666666665 0.5 0.0 0.5 0.48333333333333334 0.6666666666666666 0.5 0.8666666666666667 0.5 0.23333333333333334 0.7666666666666667 0.4166666666666667 0.5166666666666667 0.5166666666666667
X11002310 0.48333333333333334 0.4166666666666667 0.4 0.3333333333333333 0.3 0.35 0.3 0.4666666666666667 0.4 0.43333333333333335 0.4166666666666667 0.5 0.31666666666666665 0.6166666666666667 0.4166666666666667 0.31666666666666665 0.35 0.4166666666666667 0.6833333333333333 0.31666666666666665
X11012310 0.08333333333333333 0.15 0.6166666666666667 1.0 0.9833333333333333 0.85 0.9333333333333333 0.7666666666666667 0.6833333333333333 0.21666666666666667 0.05 0.85 0.7 0.2833333333333333 0.7666666666666667 0.38333333333333336 0.7 0.5166666666666667 0.1 0.36666666666666664
X11012610 0.0 0.6833333333333333 0.9166666666666666 0.7833333333333333 0.8 0.9166666666666666 0.38333333333333336 0.95 0.26666666666666666 0.5 0.2833333333333333 0.8166666666666667 0.5666666666666667 0.9333333333333333 0.6 0.8666666666666667 0.7666666666666667 0.5833333333333334 0.75 0.5166666666666667
X12013410 0.48333333333333334 0.4 0.55 0.4666666666666667 0.7 0.13333333333333333 0.55 0.6666666666666666 0.5166666666666667 0.23333333333333334 0.7833333333333333 0.4666666666666667 0.43333333333333335 0.35 0.21666666666666667 0.13333333333333333 0.5333333333333333 0.5666666666666667 0.6 0.1
X11013310 0.7333333333333333 0.9666666666666667 0.45 0.7 0.45 0.4666666666666667 0.5833333333333334 0.25 0.45 0.26666666666666666 0.6166666666666667 0.5166666666666667 0.6 0.7166666666666667 0.7166666666666667 0.8166666666666667 0.5 0.5666666666666667 0.6333333333333333 0.5
X12012310 0.23333333333333334 0.0 0.2 0.6833333333333333 0.9833333333333333 0.95 0.5166666666666667 0.4 0.4666666666666667 0.8333333333333334 0.7 0.3 0.36666666666666664 0.8666666666666667 0.5833333333333334 0.43333333333333335 0.6166666666666667 0.23333333333333334 0.45 0.5833333333333334
X13002310 0.26666666666666666 0.2833333333333333 0.25 0.4666666666666667 0.3 0.35 0.3 0.31666666666666665 0.43333333333333335 0.38333333333333336 0.5 0.36666666666666664 0.3 0.31666666666666665 0.35 0.3333333333333333 0.2 0.35 0.38333333333333336 0.35
