X11002301 21.2812397480011 21.1062433719635 21.779189348220825 21.580588340759277 21.86042547225952 21.78585457801819 23.066526412963867 22.170209169387817 22.012614727020264 22.211178064346313 22.46219515800476 22.217336893081665 22.303231239318848 22.1801176071167 22.741687297821045 22.98015308380127 22.94641375541687 22.840795516967773 23.16185998916626 23.310991525650024
X11013410 23.826521158218384 23.443971157073975 24.03152370452881 24.408621311187744 24.362969636917114 24.228002548217773 24.642263889312744 24.223423719406128 24.98813819885254 24.860496282577515 24.998024940490723 28.82763934135437 26.90104579925537 26.79470419883728 27.013878345489502 26.56056046485901 26.831468105316162 26.5302095413208 26.49759793281555 26.46307873725891
X11002310 26.247132539749146 26.60127568244934 26.474282264709473 26.53087544441223 26.546678066253662 26.71508002281189 26.70639705657959 26.539992570877075 27.009844064712524 27.08523201942444 26.920528650283813 27.961222410202026 27.690553426742554 27.61168909072876 28.52495813369751 27.648544788360596 27.774751663208008 27.59467101097107 29.226576566696167 28.139068841934204
X12013610 28.321580410003662 27.91390633583069 28.452304363250732 28.509591102600098 28.784707069396973 28.7987380027771 29.014267683029175 29.296689748764038 29.098504781723022 29.070187091827393 29.200525522232056 29.615751266479492 29.284348487854004 30.133724451065063 29.928404569625854 30.53701615333557 29.91281270980835 30.162221431732178 29.947068691253662 30.39948797225952
X11002310 30.20966649055481 29.99716091156006 30.350780248641968 29.5976665019989 29.79151153564453 29.588742971420288 29.661824941635132 29.786328315734863 30.049375772476196 29.781658172607422 30.231059551239014 30.450196266174316 30.278926610946655 30.40474557876587 30.774280309677124 30.912654876708984 30.995981693267822 30.83003330230713 31.057572603225708 30.640384674072266
X11012310 30.87214231491089 30.700228691101074 30.97761869430542 31.19779062271118 31.20273756980896 31.110846757888794 31.077157974243164 32.73816204071045 31.888805866241455 32.15613341331482 32.362776041030884 32.65907406806946 32.389015913009644 32.268535137176514 32.45628023147583 32.776803731918335 32.791582107543945 32.55144786834717 32.08835220336914 32.261409759521484
X11012610 31.864126682281494 31.72458553314209 32.382869482040405 32.280457973480225 32.61987257003784 32.39247965812683 32.57717275619507 33.35729265213013 33.59845757484436 33.43384671211243 34.496938943862915 33.82121443748474 33.862531661987305 33.84171915054321 33.511526346206665 33.38890504837036 33.98006868362427 34.19932723045349 33.935319900512695 34.17475771903992
X12013410 34.200424909591675 34.07582950592041 34.41612887382507 34.34249806404114 34.703346490859985 35.02180051803589 34.81114840507507 35.44782042503357 35.41910147666931 36.52366662025452 35.98839831352234 35.524235010147095 35.96601843833923 35.65691137313843 36.18574333190918 36.20646381378174 36.35485363006592 37.54165768623352 37.27048945426941 37.048216581344604
X11013310 36.42587876319885 36.447033166885376 37.56744360923767 42.3584566116333 39.1027045249939 39.14309024810791 39.451671838760376 39.24484062194824 39.42101454734802 39.855002880096436 39.62570762634277 38.99530267715454 39.5727162361145 38.71132016181946 39.854488372802734 39.540250301361084 39.15315389633179 39.20724129676819 39.07005834579468 39.462178468704224
X12012310 39.885300159454346 40.23759841918945 39.68408155441284 39.50662899017334 40.03030252456665 40.116943359375 40.2399582862854 40.38428235054016 41.029874086380005 40.77737641334534 40.92563247680664 41.181411266326904 41.252641439437866 41.278374433517456 41.59412097930908 41.35730290412903 42.04963827133179 41.24163222312927 42.009591817855835 41.552929401397705
X13002310 42.826839447021484 42.34198474884033 42.778398752212524 42.54236173629761 43.06755471229553 42.918548822402954 43.971869707107544 43.37501859664917 44.09752917289734 43.32824945449829 43.57083511352539 43.57472538948059 43.854743242263794 44.03943586349487 44.426273584365845 44.15656495094299 44.65260553359985 44.30375957489014 44.68340301513672 44.97671103477478
