X13012310 0.5611111111111111 0.5881188118811881 0.5881188118811881 0.5881188118811881 0.5881188118811881 0.5881188118811881 0.5881188118811881 0.5881188118811881 0.5881188118811881 0.5881188118811881 0.5331278890600925 0.5881188118811881 0.5881188118811881 0.5620542082738944 0.5881188118811881 0.5881188118811881 0.5881188118811881 0.5881188118811881 0.5881188118811881 0.5881188118811881
X12013310 0.5881188118811881 0.5881188118811881 0.5881188118811881 0.5881188118811881 0.45655877342419077 0.5386996904024767 0.5616580310880829 0.5008635578583766 0.535073409461664 0.5830845771144278 0.5224358974358975 0.5506807866868381 0.579212916246216 0.31308411214953275 0.3890063424947146 0.5233333333333333 0.47689463955637706 0.39112903225806456 0.5151515151515151 0.4410058027079304
X13012410 0.5881188118811881 0.5881188118811881 0.5881188118811881 0.5881188118811881 0.5881188118811881 0.5881188118811881 0.5936395759717314 0.5881188118811881 0.5881188118811881 0.5881188118811881 0.5881188118811881 0.5635838150289018 0.5881188118811881 0.5169491525423728 0.5881188118811881 0.5881188118811881 0.5881188118811881 0.5881188118811881 0.5739130434782608 0.5881188118811881
X13013610 0.5881188118811881 0.5733695652173912 0.5333333333333333 0.5881188118811881 0.3541666666666667 0.5881188118811881 0.4949832775919732 0.5658914728682171 0.5881188118811881 0.5519203413940257 0.5881188118811881 0.3821428571428571 0.5881188118811881 0.5881188118811881 0.49910873440285203 0.5881188118811881 0.4667802385008518 0.5881188118811881 0.5649546827794562 0.5340136054421768
X12012310 0.5710186513629842 0.5881188118811881 0.5881188118811881 0.5247999999999999 0.5881188118811881 0.5881188118811881 0.5881188118811881 0.5214626391096979 0.5881188118811881 0.5867195242814668 0.5881188118811881 0.5881188118811881 0.5718120805369127 0.5881188118811881 0.5682451253481894 0.5245901639344263 0.5881188118811881 0.4949152542372881 0.5881188118811881 0.4991334488734835
X13013510 0.5881188118811881 0.4198473282442748 0.5636363636363636 0.5881188118811881 0.5881188118811881 0.5881188118811881 0.5881188118811881 0.5881188118811881 0.5881188118811881 0.5881188118811881 0.5881188118811881 0.5146579804560261 0.5881188118811881 0.5881188118811881 0.5186289120715349 0.44814814814814813 0.5881188118811881 0.5881188118811881 0.34375 0.5873015873015873
X11012610 0.5414710485133021 0.5881188118811881 0.5881188118811881 0.5881188118811881 0.4744525547445255 0.5881188118811881 0.5881188118811881 0.5881188118811881 0.45137614678899085 0.4670433145009416 0.4787234042553192 0.43181818181818177 0.5881188118811881 0.5881188118811881 0.5881188118811881 0.5881188118811881 0.5034722222222222 0.5881188118811881 0.5399361022364217 0.5881188118811881
X13012710 0.5468277945619335 0.5881188118811881 0.5881188118811881 0.5881188118811881 0.5881188118811881 0.5881188118811881 0.5881188118811881 0.5382262996941897 0.5881188118811881 0.5360501567398119 0.5881188118811881 0.5881188118811881 0.5881188118811881 0.5881188118811881 0.5881188118811881 0.5881188118811881 0.5416036308623298 0.5168539325842696 0.5881188118811881 0.5842167255594818
X12013410 0.5881188118811881 0.5593984962406015 0.5077186963979418 0.5292307692307693 0.356043956043956 0.5881188118811881 0.5881188118811881 0.4553415061295972 0.5881188118811881 0.48580441640378547 0.5033333333333334 0.5881188118811881 0.5881188118811881 0.411764705882353 0.5886792452830188 0.5952133194588971 0.5881188118811881 0.5881188118811881 0.46718146718146714 0.551937984496124
X12012610 0.5589519650655022 0.5912334352701325 0.4541984732824428 0.5881188118811881 0.5881188118811881 0.5938144329896907 0.5881188118811881 0.5881188118811881 0.5881188118811881 0.5881188118811881 0.45086705202312133 0.534375 0.5881188118811881 0.5360134003350082 0.5882352941176471 0.5881188118811881 0.5881188118811881 0.5881188118811881 0.5284178187403994 0.5865284974093264
X12013610 0.5881188118811881 0.5881188118811881 0.5881188118811881 0.5881188118811881 0.37473684210526315 0.5658536585365853 0.3736730360934183 0.5881188118811881 0.542654028436019 0.5333333333333333 0.5881188118811881 0.5881188118811881 0.5132192846034215 0.5881188118811881 0.5252854812398043 0.5881188118811881 0.5247524752475249 0.3663157894736842 0.5881188118811881 0.4404040404040404
X13013310 0.5881188118811881 0.5202492211838006 0.5881188118811881 0.5881188118811881 0.5881188118811881 0.40718562874251496 0.5881188118811881 0.5881188118811881 0.44047619047619047 0.43143812709030105 0.5881188118811881 0.5881188118811881 0.3636363636363636 0.5881188118811881 0.5881188118811881 0.5881188118811881 0.5881188118811881 0.5295950155763239 0.478920741989882 0.48067226890756304
X12013710 0.5571725571725572 0.5881188118811881 0.5881188118811881 0.39999999999999997 0.5881188118811881 0.5881188118811881 0.5881188118811881 0.40152963671128106 0.3629032258064516 0.3355119825708061 0.36231884057971014 0.33920704845814975 0.5881188118811881 0.3565217391304348 0.5881188118811881 0.39530332681017616 0.5881188118811881 0.5103857566765578 0.4293785310734463 0.3361344537815126
X12013510 0.5670816044260027 0.5881188118811881 0.5277777777777778 0.5240174672489083 0.4935064935064935 0.5808219178082191 0.5150976909413854 0.578005115089514 0.5286713286713287 0.5263157894736843 0.5026178010471203 0.5881188118811881 0.5881188118811881 0.5881188118811881 0.5881188118811881 0.5632183908045977 0.5881188118811881 0.5881188118811881 0.5881188118811881 0.5739348370927319
X11013511 0.5638432364096081 0.5387547649301144 0.5881188118811881 0.5348542458808618 0.5881188118811881 0.32335329341317365 0.5887016848364717 0.07453416149068323 0.5881188118811881 0.5881188118811881 0.24623115577889443 0.5881188118811881 0.5881188118811881 0.5730088495575221 0.5840163934426229 0.5385587863463969 0.5114155251141552 0.4764397905759163 0.5722070844686648 0.5766423357664233
X11013610 0.5853174603174602 0.544918998527246 0.5649867374005304 0.5582733812949641 0.5122349102773247 0.5881188118811881 0.5411061285500748 0.5881188118811881 0.5881188118811881 0.5568513119533528 0.5484351713859911 0.5881188118811881 0.5432473444613051 0.5077881619937695 0.5350877192982456 0.5227272727272727 0.5737931034482759 0.5351724137931034 0.5353383458646617 0.5746192893401015
X12012410 0.5881188118811881 0.5881188118811881 0.5674547983310153 0.5640326975476839 0.5881188118811881 0.5833333333333334 0.5881188118811881 0.5881188118811881 0.5881188118811881 0.5881188118811881 0.5881188118811881 0.5663474692202463 0.5881188118811881 0.5481927710843373 0.5881188118811881 0.5404624277456648 0.5654008438818565 0.5856777493606138 0.5641748942172073 0.5881188118811881
X12012710 0.5881188118811881 0.5152 0.5305514157973175 0.5881188118811881 0.5881188118811881 0.5881188118811881 0.5881188118811881 0.5103668261562998 0.4991680532445924 0.5881188118811881 0.4413518886679921 0.5881188118811881 0.5881188118811881 0.5881188118811881 0.5032051282051282 0.5849802371541503 0.5881188118811881 0.5881188118811881 0.5321100917431192 0.5881188118811881
X12012510 0.5881188118811881 0.5881188118811881 0.4828711256117455 0.5881188118811881 0.5881188118811881 0.5881188118811881 0.5881188118811881 0.5881188118811881 0.5881188118811881 0.5881188118811881 0.5033783783783785 0.5881188118811881 0.5881188118811881 0.5881188118811881 0.5881188118811881 0.5881188118811881 0.5881188118811881 0.5881188118811881 0.5881188118811881 0.5881188118811881
X11012410 0.5881188118811881 0.5881188118811881 0.41970802919708033 0.5881188118811881 0.5881188118811881 0.5881188118811881 0.5164644714038128 0.5234899328859062 0.5881188118811881 0.4789762340036563 0.462962962962963 0.5182724252491694 0.5008403361344538 0.34408602150537637 0.5584795321637427 0.4518518518518519 0.3838383838383838 0.4783950617283951 0.5881188118811881 0.5020242914979757
X11002311 0.0 0.3389830508474576 0.4288288288288288 0.5808080808080808 0.0 0.03115264797507788 0.1856763925729443 0.5281385281385281 0.0 0.5733186328555677 0.0 0.2687927107061504 0.006535947712418301 0.0 0.5614457831325301 0.0 0.0 0.5344827586206896 0.558659217877095 0.0
X11012310 0.5323076923076923 0.5881188118811881 0.5881188118811881 0.5834165834165834 0.528125 0.5881188118811881 0.5881188118811881 0.5145631067961165 0.47368421052631576 0.4541984732824428 0.5881188118811881 0.5303514376996805 0.5881188118811881 0.5630810092961487 0.4517304189435337 0.5881188118811881 0.4596491228070176 0.5181674565560822 0.5864509605662285 0.5881188118811881
X11013310 0.5925925925925926 0.5714285714285715 0.5528913963328632 0.5881188118811881 0.5546995377503853 0.5318818040435459 0.5300813008130082 0.42610364683301344 0.5070093457943924 0.4691780821917808 0.4839743589743589 0.5576642335766423 0.4319066147859922 0.4924623115577889 0.5007194244604316 0.5867195242814668 0.6012793176972282 0.5887016848364717 0.4892812105926861 0.5881188118811881
X11012510 0.5881188118811881 0.5801886792452831 0.5881188118811881 0.5881188118811881 0.5234899328859062 0.5881188118811881 0.5881188118811881 0.5881188118811881 0.5881188118811881 0.40344827586206894 0.3148148148148148 0.4763572679509633 0.4522968197879858 0.5881188118811881 0.5881188118811881 0.44964028776978415 0.5250836120401338 0.5881188118811881 0.4352720450281426 0.48148148148148145
X11013510 0.45620437956204385 0.579212916246216 0.4431818181818181 0.5934065934065934 0.4729981378026071 0.4216867469879518 0.41666666666666663 0.38721804511278196 0.473394495412844 0.5638766519823788 0.5428109854604201 0.5881188118811881 0.42857142857142855 0.5690721649484535 0.5220030349013658 0.5377358490566038 0.44919786096256686 0.4808362369337979 0.49935316946959896 0.5881188118811881
X11013410 0.5881188118811881 0.5047021943573669 0.5201342281879194 0.5119236883942766 0.5881188118811881 0.5292207792207791 0.4908180300500835 0.4903677758318739 0.585305105853051 0.5451664025356577 0.5000000000000001 0.4686998394863563 0.5261707988980716 0.57271702367531 0.5840163934426229 0.5881188118811881 0.496551724137931 0.5148514851485149 0.4729241877256318 0.513157894736842
X11002310 0.4391143911439115 0.4413518886679921 0.4411764705882353 0.40169133192389006 0.4171779141104294 0.44787644787644787 0.4870848708487085 0.4000000000000001 0.4919210053859964 0.43773584905660373 0.4190871369294606 0.45607476635514016 0.4130879345603272 0.5393258426966292 0.3782608695652174 0.46743295019157094 0.3605150214592275 0.4592030360531309 0.4900181488203267 0.436
X11002301 0.0 0.192090395480226 0.006711409395973153 0.03215434083601287 0.01993355481727575 0.0 0.0 0.019672131147540985 0.0 0.0 0.006688963210702341 0.0 0.0 0.03934426229508197 0.0 0.025806451612903226 0.0 0.0 0.0 0.056782334384858045
X13002310 0.4233870967741935 0.4393063583815029 0.36601307189542487 0.43947858472998136 0.4118811881188119 0.35729847494553374 0.32524271844660196 0.3589743589743589 0.44571428571428573 0.3755458515283843 0.3542600896860987 0.36323851203501095 0.3492063492063492 0.3511111111111111 0.37037037037037035 0.42655935613682094 0.34101382488479265 0.3521444695259594 0.2772277227722772 0.412
