X13012310 0.47754137115839246 0.4165497896213184 0.4165497896213184 0.4165497896213184 0.4165497896213184 0.4165497896213184 0.4165497896213184 0.4165497896213184 0.4165497896213184 0.4165497896213184 0.4914772727272727 0.4165497896213184 0.4165497896213184 0.4876237623762376 0.4165497896213184 0.4165497896213184 0.4165497896213184 0.4165497896213184 0.4165497896213184 0.4165497896213184
X12013310 0.4165497896213184 0.4165497896213184 0.4165497896213184 0.4165497896213184 0.46206896551724136 0.498567335243553 0.405688622754491 0.5141843971631206 0.5189873417721519 0.4138418079096045 0.4984709480122324 0.5 0.41354466858789624 0.5114503816793893 0.5227272727272727 0.5181518151815182 0.5286885245901639 0.48743718592964824 0.5151515151515151 0.5181818181818182
X13012410 0.4165497896213184 0.4165497896213184 0.4165497896213184 0.4165497896213184 0.4165497896213184 0.4165497896213184 0.45652173913043476 0.4165497896213184 0.4165497896213184 0.4165497896213184 0.4165497896213184 0.4936708860759494 0.4165497896213184 0.44525547445255476 0.4165497896213184 0.4165497896213184 0.4165497896213184 0.4165497896213184 0.5038167938931297 0.4165497896213184
X13013610 0.4165497896213184 0.4806378132118451 0.528052805280528 0.4165497896213184 0.4644808743169399 0.4165497896213184 0.49169435215946844 0.4591194968553459 0.4165497896213184 0.47783251231527096 0.4165497896213184 0.4068441064638783 0.4165497896213184 0.4165497896213184 0.5303030303030303 0.4165497896213184 0.4724137931034483 0.4165497896213184 0.5123287671232877 0.5395189003436426
X12012310 0.4975 0.4165497896213184 0.4165497896213184 0.5 0.4165497896213184 0.4165497896213184 0.4165497896213184 0.4939759036144578 0.4165497896213184 0.4157303370786517 0.4165497896213184 0.4165497896213184 0.47544642857142855 0.4165497896213184 0.4845605700712589 0.5111821086261981 0.4165497896213184 0.49829351535836175 0.4165497896213184 0.5142857142857142
X13013510 0.4165497896213184 0.4845814977973568 0.512396694214876 0.4165497896213184 0.4165497896213184 0.4165497896213184 0.4165497896213184 0.4165497896213184 0.4165497896213184 0.4165497896213184 0.4165497896213184 0.49842271293375395 0.4165497896213184 0.4165497896213184 0.46524064171123 0.49794238683127573 0.4165497896213184 0.4165497896213184 0.5099337748344371 0.41631504922644164
X11012610 0.5058479532163743 0.4165497896213184 0.4165497896213184 0.4165497896213184 0.5179282868525896 0.4165497896213184 0.4165497896213184 0.4165497896213184 0.4959677419354839 0.5299145299145299 0.5056179775280899 0.4935064935064935 0.4165497896213184 0.4165497896213184 0.4165497896213184 0.4165497896213184 0.5197132616487455 0.4165497896213184 0.513677811550152 0.4165497896213184
X13012710 0.4958904109589041 0.4165497896213184 0.4165497896213184 0.4165497896213184 0.4165497896213184 0.4165497896213184 0.4165497896213184 0.49299719887955185 0.4165497896213184 0.501466275659824 0.4165497896213184 0.4165497896213184 0.4165497896213184 0.4165497896213184 0.4165497896213184 0.4165497896213184 0.49175824175824173 0.4938650306748466 0.4165497896213184 0.4492753623188406
X12013410 0.4165497896213184 0.5054347826086957 0.5174825174825175 0.48725212464589235 0.5126582278481012 0.4165497896213184 0.4165497896213184 0.4744525547445255 0.4165497896213184 0.456973293768546 0.49834983498349833 0.4165497896213184 0.4165497896213184 0.4 0.46987951807228917 0.4307228915662651 0.4165497896213184 0.4165497896213184 0.5475113122171946 0.5114942528735632
X12012610 0.49230769230769234 0.4239766081871345 0.5242290748898678 0.4165497896213184 0.4165497896213184 0.4279346210995542 0.4165497896213184 0.4165497896213184 0.4165497896213184 0.4165497896213184 0.527027027027027 0.49854227405247814 0.4165497896213184 0.5333333333333333 0.4178470254957507 0.4165497896213184 0.4165497896213184 0.4165497896213184 0.4858757062146893 0.4236526946107784
X12013610 0.4165497896213184 0.4165497896213184 0.4165497896213184 0.4165497896213184 0.5 0.4435946462715105 0.5057471264367817 0.4165497896213184 0.4186471663619744 0.528052805280528 0.4165497896213184 0.4165497896213184 0.476878612716763 0.4165497896213184 0.509493670886076 0.4165497896213184 0.5145631067961165 0.4887640449438202 0.4165497896213184 0.5505050505050505
X13013310 0.4165497896213184 0.48405797101449277 0.4165497896213184 0.4165497896213184 0.4165497896213184 0.5 0.4165497896213184 0.4165497896213184 0.5362318840579711 0.42857142857142855 0.4165497896213184 0.4165497896213184 0.509090909090909 0.4165497896213184 0.4165497896213184 0.4165497896213184 0.4165497896213184 0.4927536231884058 0.4797297297297297 0.4798657718120805
X12013710 0.4030075187969925 0.4165497896213184 0.4165497896213184 0.4788732394366197 0.4165497896213184 0.4165497896213184 0.4165497896213184 0.4646017699115044 0.45226130653266333 0.47530864197530864 0.39215686274509803 0.49044585987261147 0.4165497896213184 0.5030674846625767 0.4165497896213184 0.4719626168224299 0.4165497896213184 0.4562334217506631 0.48717948717948717 0.44692737430167595
X12013510 0.4812206572769953 0.4165497896213184 0.48717948717948717 0.46153846153846156 0.5495867768595041 0.4896073903002309 0.5451127819548872 0.465979381443299 0.45215311004784686 0.4871060171919771 0.5217391304347826 0.4165497896213184 0.4165497896213184 0.4165497896213184 0.4165497896213184 0.49122807017543857 0.4165497896213184 0.4165497896213184 0.4165497896213184 0.45708582834331335
X11013511 0.451417004048583 0.4326530612244898 0.4165497896213184 0.42886178861788615 0.4165497896213184 0.39705882352941174 0.41713483146067415 0.48 0.4165497896213184 0.4165497896213184 0.48514851485148514 0.4165497896213184 0.4165497896213184 0.42668863261943984 0.41973490427098675 0.4311740890688259 0.38687392055267705 0.3897216274089936 0.4805491990846682 0.4514285714285714
X11013610 0.4149085794655415 0.48429319371727747 0.4660831509846827 0.48743718592964824 0.49683544303797467 0.4165497896213184 0.48655913978494625 0.4165497896213184 0.4165497896213184 0.4910025706940874 0.4919786096256685 0.4165497896213184 0.494475138121547 0.47246376811594204 0.4728682170542636 0.4520884520884521 0.48598130841121495 0.4532710280373832 0.483695652173913 0.4113372093023256
X12012410 0.4165497896213184 0.4165497896213184 0.4834123222748815 0.47368421052631576 0.4165497896213184 0.43824027072758037 0.4165497896213184 0.4165497896213184 0.4165497896213184 0.4165497896213184 0.4165497896213184 0.4769585253456221 0.4165497896213184 0.49591280653950953 0.4165497896213184 0.47341772151898737 0.4855072463768116 0.47216494845360824 0.4854368932038835 0.4165497896213184
X12012710 0.4165497896213184 0.49085365853658536 0.47593582887700536 0.4165497896213184 0.4165497896213184 0.4165497896213184 0.4165497896213184 0.48484848484848486 0.4934210526315789 0.4165497896213184 0.5388349514563107 0.4165497896213184 0.4165497896213184 0.4165497896213184 0.4801223241590214 0.4805194805194805 0.4165497896213184 0.4165497896213184 0.48739495798319327 0.4165497896213184
X12012510 0.4165497896213184 0.4165497896213184 0.46835443037974683 0.4165497896213184 0.4165497896213184 0.4165497896213184 0.4165497896213184 0.4165497896213184 0.4165497896213184 0.4165497896213184 0.5050847457627119 0.4165497896213184 0.4165497896213184 0.4165497896213184 0.4165497896213184 0.4165497896213184 0.4165497896213184 0.4165497896213184 0.4165497896213184 0.4165497896213184
X11012410 0.4165497896213184 0.4165497896213184 0.4581673306772908 0.4165497896213184 0.4165497896213184 0.4165497896213184 0.5321428571428571 0.5217391304347826 0.4165497896213184 0.524 0.51440329218107 0.5114754098360655 0.5 0.47619047619047616 0.4935400516795866 0.5020576131687243 0.4797979797979798 0.4415954415954416 0.4165497896213184 0.4189189189189189
X11002311 0.0 0.45714285714285713 0.46124031007751937 0.46464646464646464 0.0 0.20833333333333334 0.4375 0.4621212121212121 0.0 0.4262295081967213 0.0 0.4154929577464789 0.1111111111111111 0.0 0.4371482176360225 0.0 0.0 0.46616541353383456 0.477326968973747 0.0
X11012310 0.49008498583569404 0.4165497896213184 0.4165497896213184 0.4147727272727273 0.49271137026239065 0.4165497896213184 0.4165497896213184 0.4953271028037383 0.4945054945054945 0.5242290748898678 0.4165497896213184 0.5045592705167173 0.4165497896213184 0.4649122807017544 0.49206349206349204 0.4165497896213184 0.47985347985347987 0.4880952380952381 0.4190751445086705 0.4165497896213184
X11013310 0.42165242165242167 0.4625 0.47572815533980584 0.4165497896213184 0.5113636363636364 0.49421965317919075 0.5125786163522013 0.4955357142857143 0.3881932021466905 0.47735191637630664 0.4617737003058104 0.49226804123711343 0.511520737327189 0.49 0.4371859296482412 0.4157303370786517 0.43993759750390016 0.41713483146067415 0.3911290322580645 0.4165497896213184
X11012510 0.4165497896213184 0.44646098003629764 0.4165497896213184 0.4165497896213184 0.5217391304347826 0.4165497896213184 0.4165497896213184 0.4165497896213184 0.4165497896213184 0.4134275618374558 0.5037037037037037 0.49635036496350365 0.4758364312267658 0.4165497896213184 0.4165497896213184 0.4826254826254826 0.521594684385382 0.4165497896213184 0.4915254237288136 0.48148148148148145
X11013510 0.49800796812749004 0.41354466858789624 0.5064935064935064 0.421875 0.5291666666666667 0.5223880597014925 0.43010752688172044 0.43829787234042555 0.5201612903225806 0.5 0.5217391304347826 0.4165497896213184 0.40540540540540543 0.4101040118870728 0.47513812154696133 0.504424778761062 0.4772727272727273 0.4981949458483754 0.4054621848739496 0.4165497896213184
X11013410 0.4165497896213184 0.47214076246334313 0.5183946488294314 0.48493975903614456 0.4165497896213184 0.5109717868338558 0.4867549668874172 0.5109489051094891 0.4644268774703557 0.5149700598802395 0.4983277591973244 0.44785276073619634 0.44522144522144524 0.43050847457627117 0.41973490427098675 0.4165497896213184 0.508833922261484 0.5048543689320388 0.5097276264591439 0.5016077170418006
X11002310 0.4857142857142857 0.5388349514563107 0.48582995951417 0.5397727272727273 0.53125 0.5248868778280543 0.5387755102040817 0.5245901639344263 0.5269230769230769 0.4978540772532189 0.5459459459459459 0.5126050420168067 0.5260416666666666 0.5153374233128835 0.5337423312883436 0.5422222222222223 0.4970414201183432 0.5260869565217391 0.531496062992126 0.5369458128078818
X11002301 0.0 0.5964912280701754 1.0 0.35714285714285715 0.75 0.0 0.0 0.375 0.0 0.0 0.5 0.0 0.0 0.75 0.0 0.3076923076923077 0.0 0.0 0.0 0.45
X13002310 0.5276381909547738 0.5135135135135135 0.5185185185185185 0.49166666666666664 0.5 0.5061728395061729 0.5826086956521739 0.49122807017543857 0.5131578947368421 0.5341614906832298 0.5302013422818792 0.51875 0.5347222222222222 0.5163398692810458 0.5925925925925926 0.53 0.5401459854014599 0.5342465753424658 0.5233644859813084 0.5073891625615764
