X13012310 0.6801346801346801 1.0 1.0 1.0 1.0 1.0 1.0 1.0 1.0 1.0 0.5824915824915825 1.0 1.0 0.6632996632996633 1.0 1.0 1.0 1.0 1.0 1.0
X12013310 1.0 1.0 1.0 1.0 0.4511784511784512 0.5858585858585859 0.9124579124579124 0.4882154882154882 0.5521885521885522 0.9865319865319865 0.5488215488215489 0.6127946127946128 0.9663299663299664 0.2255892255892256 0.30976430976430974 0.5286195286195287 0.43434343434343436 0.3265993265993266 0.5151515151515151 0.3838383838383838
X13012410 1.0 1.0 1.0 1.0 1.0 1.0 0.8484848484848485 1.0 1.0 1.0 1.0 0.6565656565656566 1.0 0.6161616161616161 1.0 1.0 1.0 1.0 0.6666666666666666 1.0
X13013610 1.0 0.7104377104377104 0.5387205387205387 1.0 0.28619528619528617 1.0 0.4983164983164983 0.7373737373737373 1.0 0.6531986531986532 1.0 0.3602693602693603 1.0 1.0 0.4713804713804714 1.0 0.4612794612794613 1.0 0.6296296296296297 0.5286195286195287
X12012310 0.67003367003367 1.0 1.0 0.5521885521885522 1.0 1.0 1.0 0.5521885521885522 1.0 0.9966329966329966 1.0 1.0 0.7171717171717171 1.0 0.6868686868686869 0.5387205387205387 1.0 0.49158249158249157 1.0 0.48484848484848486
X13013510 1.0 0.37037037037037035 0.6262626262626263 1.0 1.0 1.0 1.0 1.0 1.0 1.0 1.0 0.531986531986532 1.0 1.0 0.5858585858585859 0.4074074074074074 1.0 1.0 0.25925925925925924 0.9966329966329966
X11012610 0.5824915824915825 1.0 1.0 1.0 0.4377104377104377 1.0 1.0 1.0 0.41414141414141414 0.4175084175084175 0.45454545454545453 0.3838383838383838 1.0 1.0 1.0 1.0 0.4882154882154882 1.0 0.569023569023569 1.0
X13012710 0.6094276094276094 1.0 1.0 1.0 1.0 1.0 1.0 0.5925925925925926 1.0 0.5757575757575758 1.0 1.0 1.0 1.0 1.0 1.0 0.6026936026936027 0.5420875420875421 1.0 0.835016835016835
X12013410 1.0 0.6262626262626263 0.4983164983164983 0.5791245791245792 0.2727272727272727 1.0 1.0 0.4377104377104377 1.0 0.5185185185185185 0.5084175084175084 1.0 1.0 0.42424242424242425 0.7878787878787878 0.9629629629629629 1.0 1.0 0.4074074074074074 0.5993265993265994
X12012610 0.6464646464646465 0.9764309764309764 0.4006734006734007 1.0 1.0 0.9696969696969697 1.0 1.0 1.0 1.0 0.3939393939393939 0.5757575757575758 1.0 0.5387205387205387 0.9932659932659933 1.0 1.0 1.0 0.5791245791245792 0.9528619528619529
X12013610 1.0 1.0 1.0 1.0 0.2996632996632997 0.7811447811447811 0.2962962962962963 1.0 0.7710437710437711 0.5387205387205387 1.0 1.0 0.5555555555555556 1.0 0.5420875420875421 1.0 0.5353535353535354 0.29292929292929293 1.0 0.367003367003367
X13013310 1.0 0.5622895622895623 1.0 1.0 1.0 0.3434343434343434 1.0 1.0 0.37373737373737376 0.43434343434343436 1.0 1.0 0.2828282828282828 1.0 1.0 1.0 1.0 0.5723905723905723 0.4781144781144781 0.48148148148148145
X12013710 0.9023569023569024 1.0 1.0 0.3434343434343434 1.0 1.0 1.0 0.35353535353535354 0.30303030303030304 0.25925925925925924 0.3367003367003367 0.25925925925925924 1.0 0.2760942760942761 1.0 0.3400673400673401 1.0 0.5791245791245792 0.3838383838383838 0.26936026936026936
X12013510 0.6902356902356902 1.0 0.5757575757575758 0.6060606060606061 0.4478114478114478 0.7138047138047138 0.4882154882154882 0.7609427609427609 0.6363636363636364 0.5723905723905723 0.48484848484848486 1.0 1.0 1.0 1.0 0.6599326599326599 1.0 1.0 1.0 0.7710437710437711
X11013511 0.7508417508417509 0.7138047138047138 1.0 0.7104377104377104 1.0 0.2727272727272727 1.0 0.04040404040404041 1.0 1.0 0.16498316498316498 1.0 1.0 0.8720538720538721 0.9595959595959596 0.7171717171717171 0.7542087542087542 0.6127946127946128 0.7070707070707071 0.797979797979798
X11013610 0.9932659932659933 0.622895622895623 0.7171717171717171 0.6531986531986532 0.5286195286195287 1.0 0.6094276094276094 1.0 1.0 0.6430976430976431 0.6195286195286195 1.0 0.6026936026936027 0.5488215488215489 0.6161616161616161 0.6195286195286195 0.7003367003367004 0.6531986531986532 0.5993265993265994 0.9528619528619529
X12012410 1.0 1.0 0.6868686868686869 0.696969696969697 1.0 0.8720538720538721 1.0 1.0 1.0 1.0 1.0 0.696969696969697 1.0 0.6127946127946128 1.0 0.6296296296296297 0.6767676767676768 0.7710437710437711 0.6734006734006734 1.0
X12012710 1.0 0.5420875420875421 0.5993265993265994 1.0 1.0 1.0 1.0 0.5387205387205387 0.5050505050505051 1.0 0.37373737373737376 1.0 1.0 1.0 0.5286195286195287 0.7474747474747475 1.0 1.0 0.5858585858585859 1.0
X12012510 1.0 1.0 0.4983164983164983 1.0 1.0 1.0 1.0 1.0 1.0 1.0 0.5016835016835017 1.0 1.0 1.0 1.0 1.0 1.0 1.0 1.0 1.0
X11012410 1.0 1.0 0.3872053872053872 1.0 1.0 1.0 0.5016835016835017 0.5252525252525253 1.0 0.44107744107744107 0.4208754208754209 0.5252525252525253 0.5016835016835017 0.26936026936026936 0.6430976430976431 0.4107744107744108 0.31986531986531985 0.5218855218855218 1.0 0.6262626262626263
X11002311 0.0 0.26936026936026936 0.4006734006734007 0.7744107744107744 0.0 0.016835016835016835 0.11784511784511785 0.6161616161616161 0.0 0.8754208754208754 0.0 0.19865319865319866 0.003367003367003367 0.0 0.7845117845117845 0.0 0.0 0.6262626262626263 0.6734006734006734 0.0
X11012310 0.5824915824915825 1.0 1.0 0.9831649831649831 0.569023569023569 1.0 1.0 0.5353535353535354 0.45454545454545453 0.4006734006734007 1.0 0.5589225589225589 1.0 0.7138047138047138 0.4175084175084175 1.0 0.44107744107744107 0.5521885521885522 0.9764309764309764 1.0
X11013310 0.9966329966329966 0.7474747474747475 0.6599326599326599 1.0 0.6060606060606061 0.5757575757575758 0.5488215488215489 0.37373737373737376 0.7306397306397306 0.4612794612794613 0.5084175084175084 0.6430976430976431 0.37373737373737376 0.494949494949495 0.5858585858585859 0.9966329966329966 0.9494949494949495 1.0 0.6531986531986532 1.0
X11012510 1.0 0.8282828282828283 1.0 1.0 0.5252525252525253 1.0 1.0 1.0 1.0 0.3939393939393939 0.22895622895622897 0.45791245791245794 0.43097643097643096 1.0 1.0 0.4208754208754209 0.5286195286195287 1.0 0.39057239057239057 0.48148148148148145
X11013510 0.4208754208754209 0.9663299663299664 0.3939393939393939 1.0 0.4276094276094276 0.35353535353535354 0.40404040404040403 0.3468013468013468 0.43434343434343436 0.6464646464646465 0.5656565656565656 1.0 0.45454545454545453 0.9292929292929293 0.5791245791245792 0.5757575757575758 0.42424242424242425 0.46464646464646464 0.6498316498316499 1.0
X11013410 1.0 0.5420875420875421 0.5218855218855218 0.5420875420875421 1.0 0.5488215488215489 0.494949494949495 0.4713804713804714 0.7912457912457912 0.5791245791245792 0.5016835016835017 0.49158249158249157 0.6430976430976431 0.8552188552188552 0.9595959595959596 1.0 0.48484848484848486 0.5252525252525253 0.44107744107744107 0.5252525252525253
X11002310 0.4006734006734007 0.37373737373737376 0.40404040404040403 0.31986531986531985 0.3434343434343434 0.39057239057239057 0.4444444444444444 0.32323232323232326 0.4612794612794613 0.39057239057239057 0.3400673400673401 0.4107744107744108 0.3400673400673401 0.5656565656565656 0.29292929292929293 0.4107744107744108 0.2828282828282828 0.4074074074074074 0.45454545454545453 0.367003367003367
X11002301 0.0 0.11447811447811448 0.003367003367003367 0.016835016835016835 0.010101010101010102 0.0 0.0 0.010101010101010102 0.0 0.0 0.003367003367003367 0.0 0.0 0.020202020202020204 0.0 0.013468013468013467 0.0 0.0 0.0 0.030303030303030304
X13002310 0.35353535353535354 0.3838383838383838 0.2828282828282828 0.39730639730639733 0.3501683501683502 0.2760942760942761 0.2255892255892256 0.2828282828282828 0.3939393939393939 0.2895622895622896 0.265993265993266 0.27946127946127947 0.25925925925925924 0.265993265993266 0.26936026936026936 0.3569023569023569 0.24915824915824916 0.26262626262626265 0.18855218855218855 0.3468013468013468
