X13012310 4.473161697387695 4.690375804901123 4.675982475280762 4.741096496582031 4.872744083404541 5.009725093841553 5.310287237167358 5.2495787143707275 5.346639156341553 5.244422197341919 5.557912826538086 5.613928318023682 5.699568510055542 5.9461328983306885 6.135493516921997 6.531518936157227 6.340148448944092 6.655479669570923 7.637698411941528 6.86724328994751
X12013310 6.766091346740723 6.9951629638671875 7.3848206996917725 7.5973451137542725 7.125861406326294 7.49793553352356 7.586092233657837 7.875050783157349 7.956861734390259 7.9094085693359375 8.131091594696045 8.229203939437866 8.247688055038452 8.39855670928955 8.640841484069824 8.68736219406128 8.816223859786987 8.898048639297485 9.114349126815796 9.063291072845459
X13012410 9.893438339233398 10.010504007339478 10.237898111343384 10.471879720687866 10.817146301269531 10.912632465362549 11.986636638641357 11.042522668838501 11.257869005203247 11.87474012374878 11.45931077003479 11.53123688697815 12.000845670700073 11.875426054000854 12.048325061798096 12.28995680809021 12.365216970443726 12.445075511932373 13.22440481185913 12.839970350265503
X13013610 12.935379981994629 13.151139497756958 13.318609476089478 13.664918661117554 13.647244453430176 14.16370177268982 15.095968961715698 14.304820775985718 14.802690744400024 14.79919171333313 14.76320767402649 14.849509954452515 15.34152364730835 15.706760168075562 15.638461112976074 15.56588363647461 16.203447341918945 16.487167835235596 16.174585819244385 16.282097101211548
X12012310 4.059946060180664 4.239909648895264 3.990370988845825 3.7445545196533203 4.073803901672363 4.277980327606201 4.216750383377075 4.4679272174835205 4.280705451965332 4.4772937297821045 4.560040235519409 4.654080629348755 4.771223068237305 4.9805073738098145 5.039002418518066 5.253380537033081 5.427281379699707 5.4152138233184814 5.495040655136108 5.632505416870117
X13013510 6.172942161560059 6.251488208770752 6.36665415763855 6.840015411376953 6.744035243988037 6.9280686378479 7.21440052986145 7.782198190689087 7.425555229187012 7.55298924446106 7.675720691680908 7.829522132873535 7.914543151855469 8.088581085205078 8.174946546554565 8.437872886657715 8.694415092468262 9.150705814361572 9.034759998321533 9.274781227111816
X11012610 9.427881002426147 9.128264665603638 9.066599130630493 9.208192825317383 9.216755867004395 9.432177782058716 9.555988550186157 9.76857304573059 9.817437171936035 9.817408800125122 9.829710721969604 9.786159753799438 10.2982177734375 10.411381483078003 10.38191819190979 10.598894119262695 10.636191368103027 10.84697937965393 10.748754262924194 10.91205382347107
X13012710 11.544735193252563 11.891767263412476 12.081316471099854 12.95518684387207 12.452085971832275 12.746834993362427 12.650187253952026 13.091878414154053 13.476510763168335 13.495706558227539 13.633040189743042 13.84680438041687 13.855837345123291 14.269378185272217 14.120025873184204 14.275639533996582 14.409131288528442 14.645217418670654 14.887716293334961 15.052428245544434
X12013410 15.620362281799316 14.922945499420166 15.176498413085938 15.921223878860474 15.471258401870728 15.792718648910522 15.70674204826355 15.950711488723755 16.125044345855713 16.371557235717773 16.53125810623169 16.485811948776245 16.623985290527344 16.757670164108276 16.847667455673218 16.915621757507324 17.710262060165405 17.20284104347229 17.257285356521606 17.32091498374939
X12012610 17.787605047225952 17.693373441696167 18.21773910522461 18.341472625732422 18.440956592559814 18.805193185806274 18.453983068466187 18.73201584815979 18.819099187850952 19.844287395477295 19.013359785079956 19.282764673233032 19.262337684631348 19.563320875167847 19.565847635269165 20.389283657073975 19.7364981174469 19.78279209136963 20.036917448043823 20.03691601753235
X12013610 20.580957174301147 20.978917360305786 20.88553524017334 21.045413732528687 20.937210083007812 21.024562120437622 22.02713704109192 21.732741832733154 21.556246757507324 21.773958683013916 21.824666738510132 21.91281795501709 22.057878494262695 22.551268339157104 22.24592900276184 22.933752059936523 22.44460940361023 22.973671674728394 23.598640203475952 23.166558504104614
X13013310 23.7200345993042 23.709956645965576 24.02482771873474 24.608980655670166 24.255704164505005 24.769904136657715 24.67529559135437 25.555410385131836 25.13993215560913 25.372425317764282 25.364375591278076 25.83483910560608 25.704651355743408 27.64134383201599 26.284520626068115 26.238041400909424 26.687725067138672 27.162583351135254 27.13261890411377 27.142796277999878
X12013710 26.86621069908142 27.27052593231201 27.38840627670288 27.295443058013916 27.800395011901855 28.279433965682983 28.034481287002563 27.668692111968994 28.15398406982422 28.051387071609497 28.342384815216064 28.600979804992676 28.611013889312744 29.144538164138794 29.610726594924927 29.199233055114746 29.699278116226196 29.498347520828247 30.060819387435913 29.815540075302124
X12013510 30.26256823539734 30.102986574172974 30.23933744430542 30.368825912475586 30.627867937088013 31.310953617095947 30.405987977981567 31.628139972686768 31.461920738220215 30.983736991882324 31.88799738883972 31.870251655578613 31.50554919242859 32.59559965133667 32.61476230621338 33.318779945373535 32.97259998321533 32.59456753730774 32.442471504211426 33.00918412208557
X11013511 32.97541666030884 33.10286259651184 33.17005968093872 33.04972982406616 33.872267723083496 33.75375580787659 33.121378660202026 34.630086183547974 34.206416606903076 35.651559352874756 34.07339143753052 34.31337928771973 33.79655361175537 34.29034972190857 34.748095750808716 34.75093865394592 34.65306234359741 35.038898944854736 35.08317804336548 35.08146691322327
X11013610 35.37989950180054 35.031715631484985 34.92004108428955 35.589519739151 35.70696258544922 35.67530918121338 36.140772104263306 36.25656747817993 36.29666590690613 36.067676067352295 37.23842239379883 36.90962505340576 36.836862087249756 36.76333737373352 37.26069450378418 37.79040312767029 37.515164852142334 37.41206502914429 37.28226017951965 37.55873084068298
X12012410 38.40880990028381 38.122824907302856 39.444751501083374 39.265435457229614 39.63883972167969 38.59151291847229 39.308664083480835 40.18940186500549 40.582374572753906 42.235450983047485 40.7224600315094 40.88582372665405 40.38154602050781 43.242947816848755 45.7164671421051 47.67063069343567 46.666386127471924 43.95009922981262 41.64990711212158 38.54883313179016
X12012710 39.69921326637268 38.99266767501831 38.62138533592224 38.72822713851929 38.73126268386841 39.118754148483276 38.820988178253174 39.61553764343262 41.30180048942566 41.50121808052063 40.33013725280762 39.995004177093506 40.34001326560974 42.034754514694214 41.25521469116211 41.03557014465332 40.94155430793762 41.15032410621643 40.80910778045654 41.180927991867065
X12012510 42.28872990608215 41.7410352230072 41.279019594192505 41.64025926589966 42.6680371761322 43.557143688201904 42.293466091156006 42.1684947013855 42.94871520996094 42.447386741638184 42.71259117126465 42.924031019210815 42.96673917770386 43.49984431266785 44.22339391708374 43.57239890098572 45.63671684265137 46.999468088150024 45.68925857543945 45.68778371810913
X11012410 44.57778263092041 46.929789304733276 45.895668506622314 45.49942636489868 45.49300408363342 44.933260679244995 45.12645196914673 46.430376052856445 45.22553730010986 45.25900936126709 45.6036057472229 44.99540734291077 46.34510612487793 45.397738218307495 45.97012448310852 45.249922037124634 45.781339168548584 47.49738621711731 46.497398376464844 45.908151388168335
X11002311 46.2807981967926 46.348809003829956 46.59021353721619 47.75493335723877 46.36119222640991 46.214770793914795 47.80744528770447 46.939563274383545 47.399712800979614 47.14063048362732 46.90718364715576 47.26526999473572 47.6933970451355 47.44880986213684 49.782642126083374 47.7630889415741 47.968459606170654 48.093716621398926 48.009687662124634 48.83564615249634
X11012310 48.64086985588074 48.11303091049194 48.60419464111328 48.67853307723999 48.63841366767883 48.65555787086487 49.075289726257324 49.59147381782532 49.31684947013855 50.11419868469238 50.114471435546875 49.75628185272217 49.35970592498779 49.65999484062195 51.08537149429321 50.33124828338623 50.1831111907959 49.86016321182251 50.34106135368347 51.89272689819336
X11013310 51.50318670272827 51.061514377593994 51.458092212677 52.781270027160645 51.682899951934814 52.167925119400024 53.36196684837341 53.20482277870178 52.64481449127197 52.750250577926636 51.87828063964844 53.19923377037048 53.18369460105896 52.805909395217896 53.877137899398804 55.135825395584106 55.41155958175659 55.457900285720825 55.56017088890076 53.59777784347534
X11012510 53.94117736816406 55.01391863822937 53.508805990219116 54.517486333847046 54.15269470214844 55.38070297241211 55.68891906738281 54.94830322265625 54.90857172012329 53.46921491622925 55.16073298454285 54.04830765724182 54.495394229888916 54.57995629310608 55.431726694107056 56.122151613235474 54.70331025123596 55.58517813682556 55.07997703552246 55.45244288444519
X11013510 55.37105202674866 55.1126766204834 55.01901197433472 56.008517026901245 55.276225566864014 56.19460344314575 55.45476150512695 55.53913927078247 57.632734298706055 57.89298892021179 57.19052696228027 57.723933696746826 56.52347373962402 56.11979866027832 56.85414004325867 57.05629897117615 57.33939743041992 58.02943992614746 59.110371351242065 61.388686418533325
X11013410 58.680673360824585 58.33041310310364 57.97136878967285 59.11610651016235 58.45928072929382 58.406230211257935 59.98341417312622 57.91764187812805 58.560585737228394 59.838642597198486 58.70803499221802 58.2936372756958 59.12282586097717 59.181108713150024 59.354520320892334 59.457226037979126 60.49812388420105 60.31150722503662 60.04053616523743 59.57645797729492
X11002310 60.49887704849243 61.327609062194824 61.28442192077637 60.10439848899841 60.18093538284302 62.634217262268066 62.7801239490509 60.18370342254639 61.049766540527344 60.41494369506836 62.289844036102295 61.474449157714844 61.53794240951538 62.003358602523804 63.670170545578 62.18352508544922 62.68268179893494 62.715139389038086 63.74933075904846 63.52202820777893
X11002301 47.991556882858276 47.98408341407776 49.02143836021423 48.34882974624634 48.02203011512756 48.51090049743652 48.675321102142334 48.56051683425903 50.92435956001282 49.302762031555176 49.06991982460022 48.78130602836609 49.85871624946594 50.125595569610596 50.39293622970581 51.55729627609253 50.268150806427 50.22604060173035 49.54356622695923 50.07357144355774
X13002310 4.57148551940918 3.982163667678833 4.027174472808838 4.218383312225342 4.2274580001831055 4.50244402885437 4.58343243598938 4.74621319770813 4.800785064697266 4.922629356384277 5.256450176239014 5.322885036468506 5.353458404541016 5.707165479660034 5.546405553817749 5.734311103820801 6.14966082572937 5.828251838684082 5.954607009887695 6.069649934768677
