   1  X11002301 (*-                       |                        ), 0.000,  0.000,  0.000,  0.020,  0.057
   1  X11002311 (---------*---------------|--                      ), 0.000,  0.000,  0.186,  0.528,  0.573
   2  X13002310 (                 -*--    |                        ), 0.341,  0.354,  0.366,  0.412,  0.439
   3  X11002310 (                    --*- |                        ), 0.400,  0.419,  0.441,  0.459,  0.492
   4  X11013510 (                      --*|---                     ), 0.422,  0.456,  0.499,  0.564,  0.588
   4  X12013710 (                   ------*---                     ), 0.339,  0.395,  0.510,  0.588,  0.588
   5  X11012410 (                       --*---                     ), 0.420,  0.479,  0.518,  0.588,  0.588
   6  X11013410 (                         |*--                     ), 0.490,  0.505,  0.520,  0.573,  0.588
   6  X12013310 (                         |*--                     ), 0.391,  0.501,  0.535,  0.579,  0.588
   6  X11013310 (                         |-*-                     ), 0.469,  0.501,  0.553,  0.587,  0.593
   7  X11013610 (                         | *-                     ), 0.523,  0.541,  0.557,  0.575,  0.588
   7  X11013511 (                         |--*                     ), 0.323,  0.539,  0.573,  0.588,  0.588
   7  X13013610 (                         |--*                     ), 0.467,  0.534,  0.573,  0.588,  0.588
   7  X12013510 (                         |--*                     ), 0.515,  0.529,  0.578,  0.588,  0.588
   7  X11012310 (                         |---*                    ), 0.460,  0.528,  0.583,  0.588,  0.588
   8  X13012310 (                         |   *                    ), 0.562,  0.588,  0.588,  0.588,  0.588
   8  X13012410 (                         |   *                    ), 0.574,  0.588,  0.588,  0.588,  0.588
   8  X12012310 (                         |  -*                    ), 0.521,  0.571,  0.588,  0.588,  0.588
   8  X13013510 (                         |   *                    ), 0.448,  0.587,  0.588,  0.588,  0.588
   8  X11012610 (                         |---*                    ), 0.467,  0.540,  0.588,  0.588,  0.588
   8  X13012710 (                         |   *                    ), 0.538,  0.588,  0.588,  0.588,  0.588
   8  X12013410 (                         |---*                    ), 0.455,  0.508,  0.588,  0.588,  0.589
   8  X12012610 (                         |   *                    ), 0.528,  0.587,  0.588,  0.588,  0.591
   8  X12013610 (                         |---*                    ), 0.375,  0.525,  0.588,  0.588,  0.588
   8  X13013310 (                         |---*                    ), 0.431,  0.520,  0.588,  0.588,  0.588
   8  X12012410 (                         |  -*                    ), 0.564,  0.567,  0.588,  0.588,  0.588
   8  X12012710 (                         |---*                    ), 0.503,  0.532,  0.588,  0.588,  0.588
   8  X12012510 (                         |   *                    ), 0.588,  0.588,  0.588,  0.588,  0.588
   8  X11012510 (                        -|---*                    ), 0.435,  0.481,  0.588,  0.588,  0.588
