X11002301 0.011560693641618498 0.045714285714285714 0.18627450980392157 0.0 0.09944751381215469 0.0 0.0 0.03488372093023256 0.056818181818181816 0.03488372093023256 0.0 0.5333333333333333 0.0 0.0 0.0 0.3291139240506329 0.0 0.0972972972972973 0.03468208092485549 0.0
X11013410 0.4509394572025052 0.1693989071038251 0.35722160970231537 0.45161290322580644 0.5485961123110151 0.4431486880466472 0.3372093023255814 0.576923076923077 0.3816254416961131 0.5478841870824054 0.29230769230769227 0.5591939546599496 0.10840108401084013 0.5622119815668203 0.5754716981132076 0.4432717678100263 0.3522595596755504 0.29721362229102166 0.5465587044534412 0.4747774480712166
X11002310 0.5124378109452736 0.46194225721784776 0.4770114942528736 0.5081967213114754 0.5194174757281553 0.491725768321513 0.5065963060686016 0.5260545905707197 0.5415676959619953 0.47826086956521735 0.5015105740181269 0.5230769230769231 0.4958217270194986 0.4623376623376623 0.5494949494949495 0.520618556701031 0.5492537313432837 0.5072886297376095 0.4721311475409837 0.4935064935064935
X12013610 0.5830721003134796 0.49295774647887325 0.508 0.5628140703517588 0.0 0.5365853658536585 0.5419354838709678 0.4393063583815029 0.5277777777777778 0.5258964143426295 0.559610705596107 0.5569620253164557 0.5530864197530864 0.55 0.5480093676814988 0.5342163355408388 0.5458937198067633 0.0 0.5529715762273901 0.553072625698324
X11002310 0.42763157894736836 0.5345622119815668 0.5437352245862884 0.5221238938053098 0.5185185185185186 0.5306122448979591 0.5638297872340425 0.5380952380952381 0.5084745762711864 0.5260115606936416 0.5384615384615384 0.5803357314148682 0.5396825396825398 0.5491990846681922 0.5564853556485355 0.51931330472103 0.5308641975308642 0.5616045845272207 0.5373134328358209 0.5544041450777203
X11012310 0.5514018691588785 0.39325842696629215 0.5450980392156862 0.47368421052631576 0.1320450885668277 0.5432098765432098 0.4624624624624624 0.5365853658536586 0.5461847389558233 0.5303030303030304 0.17537313432835824 0.520353982300885 0.1986754966887417 0.5432098765432098 0.5390070921985817 0.5190562613430127 0.30992736077481836 0.5413533834586466 0.18374558303886923 0.4406779661016949
X11012610 0.43391521197007477 0.3054187192118227 0.47678018575851394 0.3222094361334868 0.5076660988074958 0.4980392156862745 0.18361581920903955 0.5634517766497462 0.047058823529411764 0.3418803418803419 0.5045045045045045 0.340632603406326 0.51252408477842 0.41487279843444225 0.5171624713958811 0.2375 0.4827586206896552 0.27848101265822783 0.48899755501222497 0.537987679671458
X12013410 0.41595441595441596 0.39603960396039606 0.5149700598802395 0.4554455445544555 0.32666666666666666 0.2996515679442508 0.48172043010752685 0.25130890052356025 0.5076142131979695 0.5101580135440181 0.5279642058165548 0.42000000000000004 0.40715268225584594 0.5107692307692308 0.5040650406504066 0.5236051502145923 0.5294117647058822 0.3213872832369942 0.5139318885448916 0.46112600536193027
X11013310 0.5340050377833753 0.45977011494252873 0.5653333333333332 0.4974619289340102 0.451923076923077 0.4978723404255319 0.5185185185185185 0.49171270718232046 0.3959899749373434 0.395010395010395 0.5478841870824054 0.5026455026455027 0.49438202247191015 0.4476744186046511 0.5761904761904761 0.3594306049822064 0.44663382594417084 0.5496535796766744 0.5506329113924051 0.43383947939262474
X12012310 0.34110787172011664 0.3636363636363636 0.2280701754385965 0.533066132264529 0.48571428571428565 0.36443468715697036 0.5391304347826087 0.011049723756906077 0.05291005291005291 0.3269230769230769 0.00749063670411985 0.27419354838709675 0.4131736526946108 0.5071428571428571 0.3634361233480176 0.5538461538461538 0.5263157894736843 0.0 0.536470588235294 0.43513513513513524
