X11002301 0.14285714285714285 0.4444444444444444 0.5 0.0 0.6 0.0 0.0 0.5 0.5 0.5 0.0 0.45188284518828453 0.0 0.0 0.0 0.5492957746478874 0.0 0.47368421052631576 0.42857142857142855 0.0
X11013410 0.3450479233226837 0.155 0.21862348178137653 0.4077669902912621 0.4276094276094276 0.4293785310734463 0.20893371757925072 0.5303030303030303 0.46153846153846156 0.43462897526501765 0.40425531914893614 0.4805194805194805 0.09852216748768473 0.4552238805970149 0.4728682170542636 0.39436619718309857 0.21807747489239598 0.3057324840764331 0.4115853658536585 0.4678362573099415
X11002310 0.4364406779661017 0.40930232558139534 0.45604395604395603 0.465 0.4349593495934959 0.4046692607003891 0.4507042253521127 0.4472573839662447 0.4470588235294118 0.4935897435897436 0.503030303030303 0.45535714285714285 0.46113989637305697 0.4063926940639269 0.4133738601823708 0.45495495495495497 0.5443786982248521 0.4915254237288136 0.5179856115107914 0.38513513513513514
X12013610 0.6078431372549019 0.40384615384615385 0.38023952095808383 0.4827586206896552 0.0 0.4049079754601227 0.5833333333333334 0.4222222222222222 0.39349112426035504 0.39285714285714285 0.46938775510204084 0.5866666666666667 0.4686192468619247 0.4700854700854701 0.4482758620689655 0.42160278745644597 0.45564516129032256 0.0 0.4841628959276018 0.515625
X11002310 0.47101449275362317 0.43283582089552236 0.4474708171206226 0.4125874125874126 0.46226415094339623 0.46017699115044247 0.5047619047619047 0.4448818897637795 0.4787234042553192 0.5055555555555555 0.5290697674418605 0.4820717131474104 0.43272727272727274 0.44280442804428044 0.42628205128205127 0.4033333333333333 0.403125 0.5355191256830601 0.4576271186440678 0.4863636363636364
X11012310 0.45038167938931295 0.3684210526315789 0.40406976744186046 0.31875 0.09010989010989011 0.4125 0.308 0.45081967213114754 0.40963855421686746 0.3867403314917127 0.12702702702702703 0.3684210526315789 0.156794425087108 0.4125 0.44357976653696496 0.37142857142857144 0.19393939393939394 0.39344262295081966 0.2222222222222222 0.30660377358490565
X11012610 0.3702127659574468 0.19195046439628483 0.32083333333333336 0.19914651493598862 0.35391923990498814 0.3691860465116279 0.11992619926199262 0.4868421052631579 1.0 0.21439509954058192 0.4028776978417266 0.21341463414634146 0.37677053824362605 0.3072463768115942 0.41697416974169743 0.18152866242038215 0.5645161290322581 0.4647887323943662 0.411522633744856 0.40809968847352024
X12013410 0.3945945945945946 0.33613445378151263 0.5119047619047619 0.5036496350364964 0.3656716417910448 0.35537190082644626 0.3745819397993311 0.2222222222222222 0.43859649122807015 0.40794223826714804 0.4199288256227758 0.4701492537313433 0.2638146167557932 0.5220125786163522 0.3803680981595092 0.4066666666666667 0.47596153846153844 0.1988555078683834 0.5286624203821656 0.41545893719806765
X11013310 0.4588744588744589 0.43956043956043955 0.507177033492823 0.4298245614035088 0.376 0.3848684210526316 0.5316455696202531 0.45408163265306123 0.33905579399141633 0.30158730158730157 0.43462897526501765 0.4481132075471698 0.4631578947368421 0.43258426966292135 0.4763779527559055 0.255050505050505 0.30699774266365687 0.44569288389513106 0.58 0.3389830508474576
X12012310 0.225 0.2327150084317032 0.41935483870967744 0.3993993993993994 0.3297413793103448 0.22281879194630871 0.4217687074829932 0.06666666666666667 0.21739130434782608 0.3493150684931507 0.009900990099009901 0.4146341463414634 0.4107142857142857 0.3604060913705584 0.2223719676549865 0.4359861591695502 0.42435424354243545 0.0 0.44015444015444016 0.2804878048780488
