X11002301 0.006024096385542169 0.024096385542168676 0.1144578313253012 0.0 0.05421686746987952 0.0 0.0 0.018072289156626505 0.030120481927710843 0.018072289156626505 0.0 0.6506024096385542 0.0 0.0 0.0 0.23493975903614459 0.0 0.05421686746987952 0.018072289156626505 0.0
X11013410 0.6506024096385542 0.18674698795180722 0.9759036144578314 0.5060240963855421 0.7650602409638554 0.4578313253012048 0.8734939759036144 0.6325301204819277 0.3253012048192771 0.7409638554216867 0.2289156626506024 0.6686746987951807 0.12048192771084337 0.7349397590361446 0.7349397590361446 0.5060240963855421 0.9156626506024096 0.2891566265060241 0.8132530120481928 0.4819277108433735
X11002310 0.6204819277108434 0.5301204819277109 0.5 0.5602409638554217 0.6445783132530121 0.6265060240963856 0.5783132530120482 0.6385542168674698 0.6867469879518072 0.463855421686747 0.5 0.6144578313253012 0.536144578313253 0.536144578313253 0.8192771084337349 0.608433734939759 0.5542168674698795 0.5240963855421686 0.43373493975903615 0.6867469879518072
X12013610 0.5602409638554217 0.6325301204819277 0.7650602409638554 0.6746987951807228 0.0 0.7951807228915663 0.5060240963855421 0.4578313253012048 0.8012048192771084 0.7951807228915663 0.6927710843373494 0.5301204819277109 0.6746987951807228 0.6626506024096386 0.7048192771084337 0.7289156626506024 0.6807228915662651 0.0 0.6445783132530121 0.5963855421686747
X11002310 0.39156626506024095 0.6987951807228916 0.6927710843373494 0.7108433734939759 0.5903614457831325 0.6265060240963856 0.6385542168674698 0.6807228915662651 0.5421686746987951 0.5481927710843374 0.5481927710843374 0.7289156626506024 0.7168674698795181 0.7228915662650602 0.8012048192771084 0.7289156626506024 0.7771084337349398 0.5903614457831325 0.6506024096385542 0.6445783132530121
X11012310 0.7108433734939759 0.42168674698795183 0.8373493975903614 0.9216867469879518 0.2469879518072289 0.7951807228915663 0.927710843373494 0.6626506024096386 0.8192771084337349 0.8433734939759037 0.28313253012048195 0.8855421686746988 0.2710843373493976 0.7951807228915663 0.6867469879518072 0.8614457831325302 0.7710843373493976 0.8674698795180723 0.1566265060240964 0.7831325301204819
X11012610 0.5240963855421686 0.7469879518072289 0.927710843373494 0.8433734939759037 0.8975903614457831 0.7650602409638554 0.39156626506024095 0.6686746987951807 0.024096385542168676 0.8433734939759037 0.6746987951807228 0.8433734939759037 0.8012048192771084 0.6385542168674698 0.6807228915662651 0.3433734939759036 0.42168674698795183 0.19879518072289157 0.6024096385542169 0.7891566265060241
X12013410 0.4397590361445783 0.4819277108433735 0.5180722891566265 0.41566265060240964 0.29518072289156627 0.25903614457831325 0.6746987951807228 0.2891566265060241 0.6024096385542169 0.6807228915662651 0.7108433734939759 0.3795180722891566 0.891566265060241 0.5 0.7469879518072289 0.7349397590361446 0.5963855421686747 0.8373493975903614 0.5 0.5180722891566265
X11013310 0.6385542168674698 0.4819277108433735 0.6385542168674698 0.5903614457831325 0.5662650602409639 0.7048192771084337 0.5060240963855421 0.536144578313253 0.4759036144578313 0.572289156626506 0.7409638554216867 0.572289156626506 0.5301204819277109 0.463855421686747 0.7289156626506024 0.608433734939759 0.8192771084337349 0.7168674698795181 0.5240963855421686 0.6024096385542169
X12012310 0.7048192771084337 0.8313253012048193 0.1566265060240964 0.8012048192771084 0.9216867469879518 1.0 0.7469879518072289 0.006024096385542169 0.030120481927710843 0.3072289156626506 0.006024096385542169 0.20481927710843373 0.41566265060240964 0.8554216867469879 0.9939759036144579 0.7590361445783133 0.6927710843373494 0.0 0.6867469879518072 0.9698795180722891
