X11002301 29.570745944976807 29.654662609100342 29.595909357070923 29.70843005180359 29.830044746398926 29.859604835510254 30.039576292037964 30.09000587463379 30.112184524536133 30.189618349075317 30.31007957458496 30.41298532485962 30.473623991012573 30.60342502593994 30.651167392730713 30.76852512359619 30.670291900634766 30.78015398979187 30.876369953155518 31.05793523788452
X11013410 32.48373317718506 32.59015989303589 32.61241388320923 32.7740581035614 32.79523491859436 32.9600293636322 32.94194722175598 32.9412043094635 33.095747232437134 33.15781092643738 33.169577836990356 33.28144598007202 33.44738268852234 33.096153259277344 33.35301399230957 33.82150411605835 33.54330062866211 33.4103798866272 33.55777049064636 33.56296467781067
X11002310 34.077497720718384 34.262471437454224 34.40762734413147 34.22350263595581 34.45917534828186 34.68101525306702 34.83608913421631 34.88606262207031 34.90699553489685 35.16782736778259 34.97157835960388 35.027573585510254 35.214635372161865 35.24087738990784 35.3402636051178 35.349255323410034 35.661874771118164 35.71726965904236 35.97570085525513 36.021422147750854
X12013610 36.73324751853943 36.783605337142944 36.79688501358032 36.865394115448 37.07171607017517 37.279086112976074 37.348750591278076 37.32103776931763 37.70984196662903 37.74612212181091 37.62122464179993 37.922470569610596 38.08464288711548 38.07933974266052 37.71065282821655 38.38336730003357 38.571831464767456 38.60936141014099 38.71733832359314 38.88554620742798
X11002310 38.80012607574463 38.74546718597412 38.79829239845276 38.81771516799927 38.856489419937134 39.061734199523926 39.325594663619995 39.357330560684204 39.50949144363403 39.66701006889343 39.71670126914978 39.77869772911072 40.01770377159119 39.925522327423096 39.99432730674744 40.141674280166626 40.34910249710083 40.34321141242981 40.614834785461426 40.5730242729187
X11012310 40.8490571975708 40.73264002799988 40.85035276412964 41.16654181480408 41.38810992240906 41.13987326622009 41.253472566604614 41.64223337173462 41.74020195007324 41.85738563537598 41.926570653915405 41.99371671676636 42.02749586105347 42.07658815383911 42.358728647232056 42.19310784339905 42.458264112472534 42.264076948165894 42.34937787055969 42.55285143852234
X11012610 42.99112343788147 43.04772329330444 43.06032848358154 43.075533390045166 43.262836933135986 43.562395095825195 43.6171338558197 43.62712621688843 43.77554774284363 43.95335936546326 44.180487871170044 44.14550471305847 44.23774218559265 44.37762141227722 44.49740433692932 44.864588260650635 44.80590891838074 45.050586223602295 45.14181852340698 45.312516927719116
X12013410 46.025211572647095 46.21032404899597 47.98061203956604 46.65553545951843 46.439406871795654 46.47853350639343 46.76533055305481 46.76385021209717 47.278870582580566 47.20756459236145 47.4646360874176 47.82585906982422 47.93827795982361 47.7100043296814 47.7605721950531 48.11517643928528 48.38356137275696 48.50944519042969 48.35700178146362 48.285216331481934
X11013310 48.111055850982666 48.320271015167236 48.300639152526855 48.39602875709534 48.305054903030396 48.769954442977905 48.96929407119751 49.047813415527344 49.232884883880615 49.32511115074158 49.311219930648804 49.44426941871643 49.635916233062744 49.69847559928894 49.77312159538269 49.61842918395996 49.92176294326782 50.25496482849121 50.32049918174744 50.67541003227234
X12012310 51.526700258255005 51.52136707305908 51.223007917404175 51.25753927230835 51.90724182128906 51.729079484939575 51.81293773651123 52.1192741394043 52.18649482727051 52.24266076087952 52.606536626815796 52.636688232421875 52.75800395011902 52.916351556777954 52.71060109138489 52.73701047897339 53.1033079624176 53.50463628768921 53.732097864151 53.70007824897766
