   1       x001 (                        -*-----------------       ), 0.484,  0.496,  0.516,  0.532,  0.872
   1       x011 (                    -----*------                  ), 0.345,  0.414,  0.517,  0.586,  0.655
   1       x111 (                    -----*-------------           ), 0.379,  0.414,  0.517,  0.655,  0.793
   2       x101 (                         |-*--------------        ), 0.468,  0.508,  0.556,  0.772,  0.852
   3       x020 (                         |---*---------           ), 0.483,  0.517,  0.586,  0.655,  0.793
   4       x000 (                        -|----*---------          ), 0.480,  0.492,  0.616,  0.756,  0.812
   4       x010 (                         |-----*-------           ), 0.448,  0.517,  0.621,  0.724,  0.793
   4       x110 (                         |   --*-----------       ), 0.414,  0.586,  0.621,  0.793,  0.862
   4       x120 (                        -|-----*-----------       ), 0.276,  0.483,  0.621,  0.759,  0.862
   4       x021 (                         |------*----             ), 0.310,  0.517,  0.655,  0.690,  0.759
   4       x121 (                         |------*----------       ), 0.379,  0.517,  0.655,  0.724,  0.862
   4       x100 (                         |----------*-----        ), 0.372,  0.540,  0.740,  0.776,  0.848
