X13012310 0.20633299284984677 0.20633299284984677 0.20633299284984677 0.20633299284984677 0.20633299284984677 0.20633299284984677 0.20633299284984677 0.20633299284984677 0.20633299284984677 0.20633299284984677 0.20633299284984677 0.20633299284984677 0.20633299284984677 0.19884393063583813 0.19815668202764974 0.20633299284984677 0.20633299284984677 0.20633299284984677 0.20633299284984677 0.20633299284984677
X12013310 0.20633299284984677 0.20633299284984677 0.20633299284984677 0.20633299284984677 0.2319236016371078 0.2039859320046893 0.20633299284984677 0.20633299284984677 0.20633299284984677 0.20633299284984677 0.20633299284984677 0.20633299284984677 0.20633299284984677 0.2100456621004566 0.20584795321637428 0.20824742268041235 0.20633299284984677 0.20633299284984677 0.20633299284984677 0.20633299284984677
X13012410 0.20633299284984677 0.20633299284984677 0.20633299284984677 0.20633299284984677 0.20633299284984677 0.20633299284984677 0.20633299284984677 0.20633299284984677 0.20633299284984677 0.20633299284984677 0.20633299284984677 0.20633299284984677 0.20633299284984677 0.20633299284984677 0.20633299284984677 0.20633299284984677 0.20633299284984677 0.20633299284984677 0.20293122886133033 0.20633299284984677
X13013610 0.20633299284984677 0.20633299284984677 0.20633299284984677 0.20633299284984677 0.20633299284984677 0.20633299284984677 0.20633299284984677 0.20633299284984677 0.20633299284984677 0.20633299284984677 0.21403091557669443 0.20633299284984677 0.20633299284984677 0.20633299284984677 0.20633299284984677 0.20633299284984677 0.20633299284984677 0.20633299284984677 0.20633299284984677 0.21527777777777782
X12012310 0.20633299284984677 0.20633299284984677 0.20633299284984677 0.20633299284984677 0.19649122807017544 0.20633299284984677 0.20633299284984677 0.20633299284984677 0.20437956204379562 0.20633299284984677 0.20633299284984677 0.20633299284984677 0.1928817451205511 0.19310344827586207 0.20633299284984677 0.20633299284984677 0.20633299284984677 0.20633299284984677 0.20633299284984677 0.20633299284984677
X13013510 0.20633299284984677 0.20633299284984677 0.20633299284984677 0.21462264150943397 0.20633299284984677 0.20625 0.20633299284984677 0.20633299284984677 0.20633299284984677 0.20633299284984677 0.20633299284984677 0.20633299284984677 0.20633299284984677 0.20633299284984677 0.20633299284984677 0.20633299284984677 0.20633299284984677 0.20633299284984677 0.20633299284984677 0.20633299284984677
X11012610 0.20633299284984677 0.20633299284984677 0.20633299284984677 0.20803295571575695 0.20633299284984677 0.20633299284984677 0.20633299284984677 0.20633299284984677 0.20633299284984677 0.20042643923240938 0.20633299284984677 0.21065088757396452 0.20633299284984677 0.20633299284984677 0.20633299284984677 0.20633299284984677 0.20633299284984677 0.2062780269058296 0.21308016877637131 0.20633299284984677
X13012710 0.20633299284984677 0.20633299284984677 0.20633299284984677 0.20633299284984677 0.20633299284984677 0.20633299284984677 0.20633299284984677 0.20633299284984677 0.20633299284984677 0.20633299284984677 0.20633299284984677 0.20633299284984677 0.20633299284984677 0.20633299284984677 0.20633299284984677 0.20633299284984677 0.20633299284984677 0.20633299284984677 0.20633299284984677 0.20633299284984677
X12013410 0.20633299284984677 0.20633299284984677 0.20633299284984677 0.20633299284984677 0.20633299284984677 0.20633299284984677 0.20633299284984677 0.21615472127417523 0.20306965761511214 0.21140142517814728 0.20633299284984677 0.20633299284984677 0.20633299284984677 0.20633299284984677 0.20633299284984677 0.20633299284984677 0.20633299284984677 0.21411764705882352 0.20989143546441497 0.21777777777777776
X12012610 0.20633299284984677 0.20633299284984677 0.20633299284984677 0.20633299284984677 0.20633299284984677 0.20633299284984677 0.20633299284984677 0.20633299284984677 0.20633299284984677 0.20633299284984677 0.20633299284984677 0.20633299284984677 0.20633299284984677 0.20633299284984677 0.20633299284984677 0.20633299284984677 0.20633299284984677 0.20633299284984677 0.20633299284984677 0.20633299284984677
X12013610 0.2065439672801636 0.22043628013777267 0.20633299284984677 0.20633299284984677 0.20633299284984677 0.20633299284984677 0.20633299284984677 0.2115812917594655 0.20633299284984677 0.20633299284984677 0.20633299284984677 0.20564971751412434 0.20633299284984677 0.20633299284984677 0.20633299284984677 0.20633299284984677 0.20633299284984677 0.20633299284984677 0.20633299284984677 0.19792865362485615
X13013310 0.20633299284984677 0.20633299284984677 0.20633299284984677 0.20633299284984677 0.20633299284984677 0.20633299284984677 0.19881656804733727 0.20633299284984677 0.20633299284984677 0.20633299284984677 0.20633299284984677 0.20633299284984677 0.20633299284984677 0.20633299284984677 0.2077012835472579 0.21276595744680854 0.20633299284984677 0.20633299284984677 0.20633299284984677 0.20633299284984677
X12013710 0.20633299284984677 0.2081949058693245 0.20633299284984677 0.20633299284984677 0.20633299284984677 0.20633299284984677 0.20633299284984677 0.20633299284984677 0.21064814814814814 0.20633299284984677 0.20633299284984677 0.20633299284984677 0.20633299284984677 0.20633299284984677 0.20045045045045046 0.20633299284984677 0.20633299284984677 0.20633299284984677 0.19955156950672648 0.20633299284984677
X12013510 0.20633299284984677 0.2122641509433962 0.20633299284984677 0.20633299284984677 0.2159730033745782 0.20633299284984677 0.20633299284984677 0.20633299284984677 0.21112372304199775 0.20633299284984677 0.20633299284984677 0.20633299284984677 0.19932810750279958 0.20633299284984677 0.20633299284984677 0.20633299284984677 0.20633299284984677 0.20633299284984677 0.20633299284984677 0.20633299284984677
X11013511 0.19999999999999998 0.20993227990970653 0.20633299284984677 0.20531400966183574 0.20633299284984677 0.21379310344827587 0.2053388090349076 0.2065439672801636 0.20633299284984677 0.20554984583761562 0.2067553735926305 0.21253985122210414 0.19896373056994815 0.20633299284984677 0.20633299284984677 0.20776495278069257 0.20588235294117646 0.20431328036322363 0.20633299284984677 0.2067553735926305
X11013610 0.20633299284984677 0.20633299284984677 0.20633299284984677 0.20633299284984677 0.20633299284984677 0.20633299284984677 0.20633299284984677 0.20633299284984677 0.20633299284984677 0.20633299284984677 0.20633299284984677 0.20633299284984677 0.20633299284984677 0.20633299284984677 0.20633299284984677 0.20633299284984677 0.2044989775051125 0.20633299284984677 0.20633299284984677 0.20633299284984677
X12012410 0.20633299284984677 0.20633299284984677 0.20633299284984677 0.20633299284984677 0.20633299284984677 0.20633299284984677 0.20633299284984677 0.20633299284984677 0.20633299284984677 0.20633299284984677 0.20633299284984677 0.20633299284984677 0.20633299284984677 0.20633299284984677 0.20633299284984677 0.20633299284984677 0.20633299284984677 0.20633299284984677 0.20633299284984677 0.20633299284984677
X12012710 0.20633299284984677 0.20633299284984677 0.20633299284984677 0.20633299284984677 0.20633299284984677 0.20633299284984677 0.20633299284984677 0.20633299284984677 0.19362186788154898 0.20633299284984677 0.20633299284984677 0.20633299284984677 0.20633299284984677 0.20633299284984677 0.20046620046620048 0.2010362694300518 0.20633299284984677 0.20633299284984677 0.20633299284984677 0.20633299284984677
X12012510 0.20633299284984677 0.20633299284984677 0.20633299284984677 0.20633299284984677 0.20633299284984677 0.20633299284984677 0.20633299284984677 0.20633299284984677 0.20633299284984677 0.20633299284984677 0.20633299284984677 0.19999999999999998 0.20633299284984677 0.20633299284984677 0.19859813084112152 0.20633299284984677 0.20633299284984677 0.20633299284984677 0.20633299284984677 0.20633299284984677
X11012410 0.20633299284984677 0.20633299284984677 0.20633299284984677 0.20633299284984677 0.20633299284984677 0.20633299284984677 0.20633299284984677 0.20633299284984677 0.20633299284984677 0.20633299284984677 0.20633299284984677 0.20633299284984677 0.20633299284984677 0.20633299284984677 0.20633299284984677 0.20633299284984677 0.20633299284984677 0.20633299284984677 0.20633299284984677 0.20633299284984677
X11002311 0.2087378640776699 0.18830242510699002 0.20448179271708683 0.21146496815286625 0.18569254185692544 0.20356234096692113 0.20833333333333331 0.2128174123337364 0.2125984251968504 0.20224719101123595 0.2059973924380704 0.1977715877437326 0.19780219780219777 0.20738636363636365 0.21361815754339117 0.20130718954248367 0.21161290322580645 0.18641810918774965 0.22399999999999998 0.18874172185430466
X11012310 0.20618556701030927 0.20633299284984677 0.20633299284984677 0.20633299284984677 0.20633299284984677 0.20633299284984677 0.20633299284984677 0.20633299284984677 0.20633299284984677 0.20633299284984677 0.20814479638009048 0.20633299284984677 0.20633299284984677 0.20633299284984677 0.20633299284984677 0.20633299284984677 0.20633299284984677 0.20633299284984677 0.20633299284984677 0.20633299284984677
X11013310 0.20761245674740486 0.21754385964912282 0.20554984583761562 0.20633299284984677 0.2093023255813953 0.20156774916013437 0.20413122721749696 0.2122641509433962 0.20633299284984677 0.20905923344947736 0.20633299284984677 0.20633299284984677 0.2085747392815759 0.20633299284984677 0.2067553735926305 0.20633299284984677 0.19823788546255508 0.20633299284984677 0.20727673649393605 0.2014388489208633
X11012510 0.20633299284984677 0.20633299284984677 0.20633299284984677 0.21894218942189425 0.20633299284984677 0.20633299284984677 0.20633299284984677 0.20633299284984677 0.20633299284984677 0.20633299284984677 0.20633299284984677 0.20633299284984677 0.21813725490196076 0.20633299284984677 0.20633299284984677 0.20633299284984677 0.20633299284984677 0.20633299284984677 0.20633299284984677 0.20633299284984677
X11013510 0.2118742724097788 0.20633299284984677 0.20633299284984677 0.21394230769230768 0.20506912442396316 0.20633299284984677 0.20633299284984677 0.2147165259348613 0.20633299284984677 0.20633299284984677 0.20633299284984677 0.20875420875420875 0.2044989775051125 0.21077844311377245 0.20633299284984677 0.20633299284984677 0.20633299284984677 0.20537897310513448 0.2087378640776699 0.21141649048625794
X11013410 0.20633299284984677 0.21470245040840139 0.20135746606334842 0.20633299284984677 0.20633299284984677 0.21248630887185102 0.20633299284984677 0.20633299284984677 0.20633299284984677 0.20633299284984677 0.2093023255813953 0.20633299284984677 0.20633299284984677 0.20578778135048234 0.2102803738317757 0.20633299284984677 0.20633299284984677 0.20633299284984677 0.20633299284984677 0.20614035087719298
X11002310 0.206266318537859 0.22250639386189258 0.2081575246132208 0.20474406991260927 0.2054794520547945 0.21188630490956073 0.20202020202020202 0.22668579626972743 0.21229050279329612 0.19942196531791906 0.2041343669250646 0.20821917808219179 0.20491803278688522 0.20899470899470898 0.2112482853223594 0.2007722007722008 0.20431654676258992 0.2100954979536153 0.21300138312586447 0.2072072072072072
X11002301 0.0 0.10144927536231885 0.037037037037037035 0.04444444444444444 0.12560386473429952 0.019230769230769232 0.019417475728155338 0.0 0.038461538461538464 0.07361963190184048 0.11009174311926605 0.09473684210526315 0.03773584905660377 0.14393939393939395 0.037037037037037035 0.06299212598425197 0.08530805687203792 0.019047619047619046 0.0 0.0
X13002310 0.21038251366120217 0.2127659574468085 0.19865319865319864 0.18398637137989776 0.21007194244604319 0.20199146514935984 0.1894353369763206 0.20083682008368198 0.21766561514195581 0.18874773139745918 0.1917293233082707 0.22310756972111553 0.2034383954154728 0.21851851851851853 0.19885277246653923 0.21922428330522764 0.20784313725490192 0.2019230769230769 0.20489296636085624 0.19765494137353434
