X13012310 0.11503416856492027 0.11503416856492027 0.11503416856492027 0.11503416856492027 0.11503416856492027 0.11503416856492027 0.11503416856492027 0.11503416856492027 0.11503416856492027 0.11503416856492027 0.11503416856492027 0.11503416856492027 0.11503416856492027 0.112565445026178 0.1121251629726206 0.11503416856492027 0.11503416856492027 0.11503416856492027 0.11503416856492027 0.11503416856492027
X12013310 0.11503416856492027 0.11503416856492027 0.11503416856492027 0.11503416856492027 0.13449367088607594 0.11569148936170212 0.11503416856492027 0.11503416856492027 0.11503416856492027 0.11503416856492027 0.11503416856492027 0.11503416856492027 0.11503416856492027 0.11870967741935484 0.11671087533156499 0.11622554660529344 0.11503416856492027 0.11503416856492027 0.11503416856492027 0.11503416856492027
X13012410 0.11503416856492027 0.11503416856492027 0.11503416856492027 0.11503416856492027 0.11503416856492027 0.11503416856492027 0.11503416856492027 0.11503416856492027 0.11503416856492027 0.11503416856492027 0.11503416856492027 0.11503416856492027 0.11503416856492027 0.11503416856492027 0.11503416856492027 0.11503416856492027 0.11503416856492027 0.11503416856492027 0.11450381679389313 0.11503416856492027
X13013610 0.11503416856492027 0.11503416856492027 0.11503416856492027 0.11503416856492027 0.11503416856492027 0.11503416856492027 0.11503416856492027 0.11503416856492027 0.11503416856492027 0.11503416856492027 0.12162162162162163 0.11503416856492027 0.11503416856492027 0.11503416856492027 0.11503416856492027 0.11503416856492027 0.11503416856492027 0.11503416856492027 0.11503416856492027 0.1218872870249017
X12012310 0.11503416856492027 0.11503416856492027 0.11503416856492027 0.11503416856492027 0.11140583554376658 0.11503416856492027 0.11503416856492027 0.11503416856492027 0.11650485436893204 0.11503416856492027 0.11503416856492027 0.11503416856492027 0.10909090909090909 0.10923276983094929 0.11503416856492027 0.11503416856492027 0.11503416856492027 0.11503416856492027 0.11503416856492027 0.11503416856492027
X13013510 0.11503416856492027 0.11503416856492027 0.11503416856492027 0.12182061579651941 0.11503416856492027 0.11525029103608847 0.11503416856492027 0.11503416856492027 0.11503416856492027 0.11503416856492027 0.11503416856492027 0.11503416856492027 0.11503416856492027 0.11503416856492027 0.11503416856492027 0.11503416856492027 0.11503416856492027 0.11503416856492027 0.11503416856492027 0.11503416856492027
X11012610 0.11503416856492027 0.11503416856492027 0.11503416856492027 0.11609195402298851 0.11503416856492027 0.11503416856492027 0.11503416856492027 0.11503416856492027 0.11503416856492027 0.11230585424133811 0.11503416856492027 0.1196236559139785 0.11503416856492027 0.11503416856492027 0.11503416856492027 0.11503416856492027 0.11503416856492027 0.11630847029077118 0.1192443919716647 0.11503416856492027
X13012710 0.11503416856492027 0.11503416856492027 0.11503416856492027 0.11503416856492027 0.11503416856492027 0.11503416856492027 0.11503416856492027 0.11503416856492027 0.11503416856492027 0.11503416856492027 0.11503416856492027 0.11503416856492027 0.11503416856492027 0.11503416856492027 0.11503416856492027 0.11503416856492027 0.11503416856492027 0.11503416856492027 0.11503416856492027 0.11503416856492027
X12013410 0.11503416856492027 0.11503416856492027 0.11503416856492027 0.11503416856492027 0.11503416856492027 0.11503416856492027 0.11503416856492027 0.12210796915167095 0.11528150134048257 0.12010796221322537 0.11503416856492027 0.11503416856492027 0.11503416856492027 0.11503416856492027 0.11503416856492027 0.11503416856492027 0.11503416856492027 0.12149532710280374 0.11950549450549451 0.12265331664580725
X12012610 0.11503416856492027 0.11503416856492027 0.11503416856492027 0.11503416856492027 0.11503416856492027 0.11503416856492027 0.11503416856492027 0.11503416856492027 0.11503416856492027 0.11503416856492027 0.11503416856492027 0.11503416856492027 0.11503416856492027 0.11503416856492027 0.11503416856492027 0.11503416856492027 0.11503416856492027 0.11503416856492027 0.11503416856492027 0.11503416856492027
X12013610 0.11516533637400228 0.12467532467532468 0.11503416856492027 0.11503416856492027 0.11503416856492027 0.11503416856492027 0.11503416856492027 0.1191969887076537 0.11503416856492027 0.11503416856492027 0.11503416856492027 0.11607142857142858 0.11503416856492027 0.11503416856492027 0.11503416856492027 0.11503416856492027 0.11503416856492027 0.11503416856492027 0.11503416856492027 0.11197916666666667
X13013310 0.11503416856492027 0.11503416856492027 0.11503416856492027 0.11503416856492027 0.11503416856492027 0.11503416856492027 0.11290322580645161 0.11503416856492027 0.11503416856492027 0.11503416856492027 0.11503416856492027 0.11503416856492027 0.11503416856492027 0.11503416856492027 0.11772486772486772 0.12080536912751678 0.11503416856492027 0.11503416856492027 0.11503416856492027 0.11503416856492027
X12013710 0.11503416856492027 0.1172069825436409 0.11503416856492027 0.11503416856492027 0.11503416856492027 0.11503416856492027 0.11503416856492027 0.11503416856492027 0.11926605504587157 0.11503416856492027 0.11503416856492027 0.11503416856492027 0.11503416856492027 0.11503416856492027 0.11308767471410419 0.11503416856492027 0.11503416856492027 0.11503416856492027 0.1125158027812895 0.11503416856492027
X12013510 0.11503416856492027 0.12048192771084337 0.11503416856492027 0.11503416856492027 0.1218274111675127 0.11503416856492027 0.11503416856492027 0.11503416856492027 0.11923076923076924 0.11503416856492027 0.11503416856492027 0.11503416856492027 0.11237373737373738 0.11503416856492027 0.11503416856492027 0.11503416856492027 0.11503416856492027 0.11503416856492027 0.11503416856492027 0.11503416856492027
X11013511 0.11162255466052934 0.11847133757961784 0.11503416856492027 0.11691884456671252 0.11503416856492027 0.12093628088426528 0.1145475372279496 0.11516533637400228 0.11503416856492027 0.11467889908256881 0.11529680365296803 0.11904761904761904 0.1111111111111111 0.11503416856492027 0.11503416856492027 0.11619718309859155 0.11515863689776733 0.11538461538461539 0.11503416856492027 0.11529680365296803
X11013610 0.11503416856492027 0.11503416856492027 0.11503416856492027 0.11503416856492027 0.11503416856492027 0.11503416856492027 0.11503416856492027 0.11503416856492027 0.11503416856492027 0.11503416856492027 0.11503416856492027 0.11503416856492027 0.11503416856492027 0.11503416856492027 0.11503416856492027 0.11503416856492027 0.11402508551881414 0.11503416856492027 0.11503416856492027 0.11503416856492027
X12012410 0.11503416856492027 0.11503416856492027 0.11503416856492027 0.11503416856492027 0.11503416856492027 0.11503416856492027 0.11503416856492027 0.11503416856492027 0.11503416856492027 0.11503416856492027 0.11503416856492027 0.11503416856492027 0.11503416856492027 0.11503416856492027 0.11503416856492027 0.11503416856492027 0.11503416856492027 0.11503416856492027 0.11503416856492027 0.11503416856492027
X12012710 0.11503416856492027 0.11503416856492027 0.11503416856492027 0.11503416856492027 0.11503416856492027 0.11503416856492027 0.11503416856492027 0.11503416856492027 0.1093951093951094 0.11503416856492027 0.11503416856492027 0.11503416856492027 0.11503416856492027 0.11503416856492027 0.11360634081902246 0.11226851851851852 0.11503416856492027 0.11503416856492027 0.11503416856492027 0.11503416856492027
X12012510 0.11503416856492027 0.11503416856492027 0.11503416856492027 0.11503416856492027 0.11503416856492027 0.11503416856492027 0.11503416856492027 0.11503416856492027 0.11503416856492027 0.11503416856492027 0.11503416856492027 0.11280101394169835 0.11503416856492027 0.11503416856492027 0.11258278145695365 0.11503416856492027 0.11503416856492027 0.11503416856492027 0.11503416856492027 0.11503416856492027
X11012410 0.11503416856492027 0.11503416856492027 0.11503416856492027 0.11503416856492027 0.11503416856492027 0.11503416856492027 0.11503416856492027 0.11503416856492027 0.11503416856492027 0.11503416856492027 0.11503416856492027 0.11503416856492027 0.11503416856492027 0.11503416856492027 0.11503416856492027 0.11503416856492027 0.11503416856492027 0.11503416856492027 0.11503416856492027 0.11503416856492027
X11002311 0.11894882434301521 0.11 0.11908646003262642 0.12134502923976608 0.10971223021582734 0.11678832116788321 0.1199400299850075 0.12121212121212122 0.12254160363086233 0.11783960720130933 0.11861861861861862 0.11507293354943274 0.11483253588516747 0.12106135986733002 0.12345679012345678 0.11596385542168675 0.12166172106824925 0.1076923076923077 0.12942989214175654 0.11332007952286283
X11012310 0.11658031088082901 0.11503416856492027 0.11503416856492027 0.11503416856492027 0.11503416856492027 0.11503416856492027 0.11503416856492027 0.11503416856492027 0.11503416856492027 0.11503416856492027 0.11749680715197956 0.11503416856492027 0.11503416856492027 0.11503416856492027 0.11503416856492027 0.11503416856492027 0.11503416856492027 0.11503416856492027 0.11503416856492027 0.11503416856492027
X11013310 0.1174934725848564 0.123342175066313 0.11467889908256881 0.11503416856492027 0.11857707509881422 0.11363636363636363 0.11634349030470914 0.12048192771084337 0.11503416856492027 0.11842105263157894 0.11503416856492027 0.11503416856492027 0.11811023622047244 0.11503416856492027 0.11529680365296803 0.11503416856492027 0.11152416356877323 0.11503416856492027 0.11662531017369727 0.1145975443383356
X11012510 0.11503416856492027 0.11503416856492027 0.11503416856492027 0.125 0.11503416856492027 0.11503416856492027 0.11503416856492027 0.11503416856492027 0.11503416856492027 0.11503416856492027 0.11503416856492027 0.11503416856492027 0.12447552447552447 0.11503416856492027 0.11503416856492027 0.11503416856492027 0.11503416856492027 0.11503416856492027 0.11503416856492027 0.11503416856492027
X11013510 0.12005277044854881 0.11503416856492027 0.11503416856492027 0.12175102599179206 0.11603650586701435 0.11503416856492027 0.11503416856492027 0.12225274725274725 0.11503416856492027 0.11503416856492027 0.11503416856492027 0.11772151898734177 0.11402508551881414 0.11989100817438691 0.11503416856492027 0.11503416856492027 0.11503416856492027 0.11715481171548117 0.11894882434301521 0.11834319526627218
X11013410 0.11503416856492027 0.12169312169312169 0.1136653895274585 0.11503416856492027 0.11503416856492027 0.11945812807881774 0.11503416856492027 0.11503416856492027 0.11503416856492027 0.11503416856492027 0.11857707509881422 0.11503416856492027 0.11503416856492027 0.11538461538461539 0.11920529801324503 0.11503416856492027 0.11503416856492027 0.11503416856492027 0.11503416856492027 0.1159062885326757
X11002310 0.11879699248120301 0.1277533039647577 0.12131147540983607 0.11714285714285715 0.1192368839427663 0.12184249628528974 0.11824324324324324 0.1325503355704698 0.12357723577235773 0.116751269035533 0.11738484398216939 0.12082670906200318 0.11885895404120443 0.12061068702290076 0.12261146496815287 0.11538461538461539 0.11952861952861953 0.12183544303797468 0.12379421221864952 0.12212389380530973
X11002301 0.0 0.1891891891891892 0.2857142857142857 0.08823529411764706 0.12264150943396226 0.3333333333333333 0.5 0.0 0.6666666666666666 0.0967741935483871 0.10256410256410256 0.10112359550561797 0.4 0.1165644171779141 0.2857142857142857 0.15384615384615385 0.08181818181818182 0.25 0.0 0.0
X13002310 0.12202852614896989 0.12745098039215685 0.11967545638945233 0.1111111111111111 0.12289562289562289 0.11794019933554817 0.11607142857142858 0.11688311688311688 0.1294559099437148 0.11555555555555555 0.11832946635730858 0.1396508728179551 0.11892797319932999 0.13439635535307518 0.12322274881516587 0.13211382113821138 0.1295843520782396 0.12045889101338432 0.12115732368896925 0.11895161290322581
