X13012310 1.0 1.0 1.0 1.0 1.0 1.0 1.0 1.0 1.0 1.0 1.0 1.0 1.0 0.8514851485148515 0.8514851485148515 1.0 1.0 1.0 1.0 1.0
X12013310 1.0 1.0 1.0 1.0 0.8415841584158416 0.8613861386138614 1.0 1.0 1.0 1.0 1.0 1.0 1.0 0.9108910891089109 0.8712871287128713 1.0 1.0 1.0 1.0 1.0
X13012410 1.0 1.0 1.0 1.0 1.0 1.0 1.0 1.0 1.0 1.0 1.0 1.0 1.0 1.0 1.0 1.0 1.0 1.0 0.8910891089108911 1.0
X13013610 1.0 1.0 1.0 1.0 1.0 1.0 1.0 1.0 1.0 1.0 0.8910891089108911 1.0 1.0 1.0 1.0 1.0 1.0 1.0 1.0 0.9207920792079208
X12012310 1.0 1.0 1.0 1.0 0.8316831683168316 1.0 1.0 1.0 0.8316831683168316 1.0 1.0 1.0 0.8316831683168316 0.8316831683168316 1.0 1.0 1.0 1.0 1.0 1.0
X13013510 1.0 1.0 1.0 0.900990099009901 1.0 0.9801980198019802 1.0 1.0 1.0 1.0 1.0 1.0 1.0 1.0 1.0 1.0 1.0 1.0 1.0 1.0
X11012610 1.0 1.0 1.0 1.0 1.0 1.0 1.0 1.0 1.0 0.9306930693069307 1.0 0.8811881188118812 1.0 1.0 1.0 1.0 1.0 0.9108910891089109 1.0 1.0
X13012710 1.0 1.0 1.0 1.0 1.0 1.0 1.0 1.0 1.0 1.0 1.0 1.0 1.0 1.0 1.0 1.0 1.0 1.0 1.0 1.0
X12013410 1.0 1.0 1.0 1.0 1.0 1.0 1.0 0.9405940594059405 0.8514851485148515 0.8811881188118812 1.0 1.0 1.0 1.0 1.0 1.0 1.0 0.900990099009901 0.8613861386138614 0.9702970297029703
X12012610 1.0 1.0 1.0 1.0 1.0 1.0 1.0 1.0 1.0 1.0 1.0 1.0 1.0 1.0 1.0 1.0 1.0 1.0 1.0 1.0
X12013610 1.0 0.9504950495049505 1.0 1.0 1.0 1.0 1.0 0.9405940594059405 1.0 1.0 1.0 0.900990099009901 1.0 1.0 1.0 1.0 1.0 1.0 1.0 0.8514851485148515
X13013310 1.0 1.0 1.0 1.0 1.0 1.0 0.8316831683168316 1.0 1.0 1.0 1.0 1.0 1.0 1.0 0.8811881188118812 0.8910891089108911 1.0 1.0 1.0 1.0
X12013710 1.0 0.9306930693069307 1.0 1.0 1.0 1.0 1.0 1.0 0.900990099009901 1.0 1.0 1.0 1.0 1.0 0.8811881188118812 1.0 1.0 1.0 0.8811881188118812 1.0
X12013510 1.0 0.8910891089108911 1.0 1.0 0.9504950495049505 1.0 1.0 1.0 0.9207920792079208 1.0 1.0 1.0 0.8811881188118812 1.0 1.0 1.0 1.0 1.0 1.0 1.0
X11013511 0.9603960396039604 0.9207920792079208 1.0 0.8415841584158416 1.0 0.9207920792079208 0.9900990099009901 1.0 1.0 0.9900990099009901 1.0 0.9900990099009901 0.9504950495049505 1.0 1.0 0.9801980198019802 0.9702970297029703 0.8910891089108911 1.0 1.0
X11013610 1.0 1.0 1.0 1.0 1.0 1.0 1.0 1.0 1.0 1.0 1.0 1.0 1.0 1.0 1.0 1.0 0.9900990099009901 1.0 1.0 1.0
X12012410 1.0 1.0 1.0 1.0 1.0 1.0 1.0 1.0 1.0 1.0 1.0 1.0 1.0 1.0 1.0 1.0 1.0 1.0 1.0 1.0
X12012710 1.0 1.0 1.0 1.0 1.0 1.0 1.0 1.0 0.8415841584158416 1.0 1.0 1.0 1.0 1.0 0.8514851485148515 0.9603960396039604 1.0 1.0 1.0 1.0
X12012510 1.0 1.0 1.0 1.0 1.0 1.0 1.0 1.0 1.0 1.0 1.0 0.8811881188118812 1.0 1.0 0.8415841584158416 1.0 1.0 1.0 1.0 1.0
X11012410 1.0 1.0 1.0 1.0 1.0 1.0 1.0 1.0 1.0 1.0 1.0 1.0 1.0 1.0 1.0 1.0 1.0 1.0 1.0 1.0
X11002311 0.8514851485148515 0.6534653465346535 0.7227722772277227 0.8217821782178217 0.6039603960396039 0.7920792079207921 0.7920792079207921 0.8712871287128713 0.801980198019802 0.7128712871287128 0.7821782178217822 0.7029702970297029 0.7128712871287128 0.7227722772277227 0.7920792079207921 0.7623762376237624 0.8118811881188119 0.693069306930693 0.8316831683168316 0.5643564356435643
X11012310 0.8910891089108911 1.0 1.0 1.0 1.0 1.0 1.0 1.0 1.0 1.0 0.9108910891089109 1.0 1.0 1.0 1.0 1.0 1.0 1.0 1.0 1.0
X11013310 0.8910891089108911 0.9207920792079208 0.9900990099009901 1.0 0.8910891089108911 0.8910891089108911 0.8316831683168316 0.8910891089108911 1.0 0.8910891089108911 1.0 1.0 0.8910891089108911 1.0 1.0 1.0 0.8910891089108911 1.0 0.9306930693069307 0.8316831683168316
X11012510 1.0 1.0 1.0 0.8811881188118812 1.0 1.0 1.0 1.0 1.0 1.0 1.0 1.0 0.8811881188118812 1.0 1.0 1.0 1.0 1.0 1.0 1.0
X11013510 0.900990099009901 1.0 1.0 0.8811881188118812 0.8811881188118812 1.0 1.0 0.8811881188118812 1.0 1.0 1.0 0.9207920792079208 0.9900990099009901 0.8712871287128713 1.0 1.0 1.0 0.8316831683168316 0.8514851485148515 0.9900990099009901
X11013410 1.0 0.9108910891089109 0.8811881188118812 1.0 1.0 0.9603960396039604 1.0 1.0 1.0 1.0 0.8910891089108911 1.0 1.0 0.9504950495049505 0.8910891089108911 1.0 1.0 1.0 1.0 0.9306930693069307
X11002310 0.7821782178217822 0.8613861386138614 0.7326732673267327 0.8118811881188119 0.7425742574257426 0.8118811881188119 0.693069306930693 0.7821782178217822 0.7524752475247525 0.6831683168316832 0.7821782178217822 0.7524752475247525 0.7425742574257426 0.7821782178217822 0.7623762376237624 0.7722772277227723 0.7029702970297029 0.7623762376237624 0.7623762376237624 0.6831683168316832
X11002301 0.0 0.06930693069306931 0.019801980198019802 0.0297029702970297 0.12871287128712872 0.009900990099009901 0.009900990099009901 0.0 0.019801980198019802 0.0594059405940594 0.1188118811881188 0.0891089108910891 0.019801980198019802 0.18811881188118812 0.019801980198019802 0.039603960396039604 0.0891089108910891 0.009900990099009901 0.0 0.0
X13002310 0.7623762376237624 0.6435643564356436 0.5841584158415841 0.5346534653465347 0.7227722772277227 0.7029702970297029 0.5148514851485149 0.7128712871287128 0.6831683168316832 0.5148514851485149 0.504950495049505 0.5544554455445545 0.7029702970297029 0.5841584158415841 0.5148514851485149 0.6435643564356436 0.5247524752475248 0.6237623762376238 0.6633663366336634 0.5841584158415841
