X13012310 18.29629135131836 18.66086745262146 18.74192214012146 18.992551803588867 20.152423858642578 19.113802433013916 19.05478835105896 19.255773067474365 19.61345148086548 19.683537483215332 19.75535297393799 19.832000017166138 19.890557527542114 19.964107036590576 20.868944883346558 20.363162994384766 20.798506259918213 20.61096215248108 21.048927307128906 21.917192697525024
X12013310 19.941701412200928 20.84670901298523 21.017215251922607 21.338486433029175 21.019365310668945 21.31955337524414 21.117435693740845 22.216692686080933 22.684773683547974 21.798933267593384 21.50640106201172 22.050023555755615 22.21487545967102 22.00104546546936 21.78413963317871 22.44663405418396 22.272011518478394 22.330780744552612 22.775071620941162 22.668465852737427
X13012410 24.99519968032837 25.6267728805542 25.71269655227661 25.247134685516357 25.935012578964233 25.913617849349976 25.79634141921997 25.89518928527832 26.729047536849976 26.632834672927856 26.31786012649536 26.774426221847534 27.48123335838318 26.95319628715515 27.379101037979126 27.430878162384033 27.5519757270813 27.83613109588623 28.035757541656494 28.41129469871521
X13013610 28.20894980430603 28.887582540512085 28.80395007133484 29.857011079788208 29.51635766029358 29.633131980895996 29.850597143173218 29.80104637145996 30.082736492156982 30.3758704662323 31.233593940734863 31.802351474761963 30.875195264816284 31.13848090171814 31.38353419303894 31.395259141921997 31.507768869400024 31.794896125793457 32.377845287323 32.17004203796387
X12012310 31.397974729537964 31.09481120109558 31.406583070755005 31.36298155784607 31.64215064048767 31.955233335494995 32.40518236160278 32.27553343772888 32.181679248809814 32.92314171791077 32.62710618972778 32.54614233970642 32.90394854545593 32.972588777542114 33.298012256622314 33.283860206604004 33.57234978675842 34.021913290023804 33.801082611083984 33.966150999069214
X13013510 36.45237755775452 37.113606452941895 36.93331837654114 36.773128509521484 36.903284549713135 36.98332381248474 37.027304887771606 37.26579260826111 37.579617738723755 37.399035930633545 37.83563041687012 37.89998006820679 38.77581024169922 38.76056623458862 39.03786087036133 39.84426760673523 40.296255350112915 39.15151619911194 39.351866245269775 40.22608971595764
X11012610 36.58216381072998 36.57878589630127 37.42447090148926 36.78137397766113 37.84655809402466 37.51189565658569 37.78228187561035 37.55485224723816 37.84726142883301 38.28565835952759 37.92251634597778 37.81573748588562 37.978535652160645 38.47281241416931 38.2816481590271 38.30686807632446 38.55325961112976 38.5484881401062 38.63376450538635 39.1986780166626
X13012710 43.389402866363525 42.82148027420044 43.33365273475647 42.98773455619812 43.34409523010254 43.93431043624878 44.15177536010742 44.11112427711487 43.99130463600159 44.36910104751587 44.55311679840088 44.86142897605896 44.99888825416565 45.27644944190979 46.383195877075195 45.79070210456848 45.84283661842346 46.014124155044556 46.37023329734802 46.523640155792236
X12013410 44.852991580963135 45.30059051513672 45.23522162437439 45.52549171447754 46.30374002456665 45.95438742637634 46.249881744384766 46.08463382720947 46.29516673088074 46.58346486091614 47.13355278968811 46.51756286621094 46.882699728012085 47.19799065589905 47.22251629829407 47.26951360702515 48.18980860710144 47.538658618927 47.85893678665161 47.986841440200806
X12012610 48.26397347450256 49.01247811317444 48.60926365852356 48.75199222564697 49.091721057891846 48.919394969940186 49.2819721698761 49.905752182006836 49.51301074028015 49.78761887550354 50.4479124546051 50.37845778465271 50.617666721343994 50.82084774971008 50.80833196640015 50.440287351608276 51.015915632247925 51.05527091026306 51.40783095359802 51.20229721069336
X12013610 51.561737060546875 52.43048906326294 52.47334098815918 52.1718373298645 52.31355905532837 52.72257447242737 52.73995065689087 52.96892237663269 53.08970284461975 53.183998584747314 53.29966402053833 53.41520142555237 53.78035759925842 54.00408315658569 53.869527101516724 53.97763204574585 53.881895780563354 56.355536222457886 55.8917772769928 55.92591738700867
X13013310 56.92143630981445 56.93418550491333 57.48872971534729 57.504183292388916 58.04745888710022 57.533080101013184 57.9649863243103 58.52200794219971 58.09865665435791 58.42959260940552 58.5237557888031 58.66604995727539 59.08420920372009 59.253751277923584 58.95913648605347 59.42472267150879 59.64328455924988 59.74975085258484 59.85596942901611 59.815282344818115
X12013710 58.90716862678528 58.95446038246155 58.861088037490845 59.490458965301514 59.46650552749634 60.09037446975708 59.772560358047485 60.170825481414795 60.745877742767334 60.69181799888611 61.38800621032715 61.28077816963196 62.36643719673157 62.86643838882446 63.044036865234375 62.47433423995972 63.70802569389343 64.18276643753052 63.679102182388306 63.058207511901855
X12013510 63.749566078186035 63.607378244400024 64.31829380989075 63.874202489852905 64.08538603782654 64.17559266090393 64.45666265487671 64.82684993743896 64.87339377403259 65.39219808578491 65.45358157157898 65.50065231323242 65.64183521270752 66.45192909240723 66.13760900497437 66.30227398872375 66.96875071525574 66.99115538597107 66.83303618431091 67.52199625968933
X11013511 65.79175639152527 66.06746196746826 66.23456692695618 66.2517511844635 66.34657263755798 66.65658378601074 66.62229442596436 66.96423387527466 67.32819509506226 67.69896054267883 68.26596927642822 68.18825626373291 68.56218671798706 67.70104336738586 66.8959379196167 67.64444875717163 67.3171775341034 67.56701850891113 68.36069369316101 68.29420709609985
X11013610 70.08310985565186 68.59953260421753 68.18660712242126 68.70579671859741 68.04625844955444 68.29874229431152 69.15016078948975 69.08659386634827 69.02672338485718 69.19170713424683 69.6627926826477 69.55647563934326 70.02363705635071 70.0540521144867 69.94435715675354 70.03110599517822 69.84555745124817 69.97885870933533 70.79823398590088 71.44256472587585
X12012410 73.29321885108948 73.85769939422607 74.39851403236389 74.1199038028717 74.9480550289154 74.71918773651123 74.93867826461792 75.19006586074829 75.42958617210388 75.2281243801117 75.30744481086731 75.40034174919128 75.62542748451233 76.30183696746826 76.87737250328064 76.7398419380188 77.17830896377563 76.98560452461243 77.68457078933716 77.37141442298889
X12012710 77.5461196899414 77.89649057388306 78.66278791427612 78.02438426017761 78.97043919563293 78.31389379501343 79.3430380821228 78.59773683547974 78.7815773487091 78.49861145019531 78.29147815704346 78.56629371643066 78.69776225090027 78.1269600391388 78.80072855949402 79.19349598884583 79.82848358154297 80.07657527923584 79.00748538970947 78.8677704334259
X12012510 79.45743489265442 78.94613242149353 78.7425012588501 78.3795850276947 78.84288048744202 79.28495144844055 78.70872688293457 78.76315426826477 78.33814120292664 78.91584181785583 79.25337672233582 79.12625455856323 79.49501037597656 79.25365924835205 79.50932693481445 79.68202900886536 79.90367841720581 79.86526536941528 80.01515984535217 80.2827000617981
X11012410 78.6773726940155 78.91200590133667 79.41147422790527 79.10799407958984 79.39680194854736 79.82295846939087 79.43494486808777 80.00103259086609 79.63881206512451 79.85984063148499 79.99628019332886 80.16110301017761 80.42787480354309 80.3547945022583 80.65511202812195 81.03801107406616 80.81956481933594 80.71774411201477 80.91834568977356 81.22512745857239
X11002311 81.3946168422699 81.59046912193298 81.88112306594849 82.3349871635437 82.43617987632751 82.5027003288269 82.45899629592896 84.59825444221497 84.36421179771423 83.29560685157776 83.78560090065002 82.42545962333679 82.59887051582336 82.61122870445251 83.05201983451843 83.08161854743958 83.15113520622253 83.05622959136963 83.71099591255188 83.7843542098999
X11012310 84.07853174209595 84.27931475639343 84.10281109809875 84.20405316352844 84.62688112258911 84.64396238327026 85.28194308280945 85.35417485237122 85.05097818374634 85.14953756332397 85.44286370277405 84.723562002182 84.79965043067932 86.90205907821655 85.51430320739746 85.83353590965271 85.6007330417633 85.7869963645935 86.16648483276367 86.3702187538147
X11013310 86.48618412017822 86.98403358459473 87.55081701278687 86.83391737937927 86.98871374130249 87.21457600593567 86.75250244140625 87.60910272598267 87.56676363945007 87.53481245040894 87.39529585838318 87.81242322921753 87.82147884368896 87.74865698814392 88.11726713180542 88.07115721702576 87.8543450832367 88.14351797103882 88.19028568267822 88.55062174797058
X11012510 89.11292815208435 89.24388527870178 88.88065457344055 89.53422164916992 89.27525424957275 89.36560773849487 90.02696633338928 90.09314274787903 89.65496802330017 90.46081447601318 90.12886619567871 90.15537810325623 90.63440418243408 90.58671689033508 90.37252998352051 90.68741822242737 90.71458888053894 91.23885726928711 91.06878304481506 92.31012034416199
X11013510 92.12516474723816 91.93614053726196 92.34190249443054 92.20673632621765 91.69120502471924 92.00129818916321 93.01780986785889 92.60515236854553 92.4137749671936 93.15516257286072 92.82859683036804 92.57716131210327 93.0925965309143 92.94384455680847 93.01193904876709 93.31259059906006 93.24223709106445 93.14043474197388 93.42708349227905 93.67565107345581
X11013410 94.7349796295166 94.1313464641571 93.97718477249146 94.54544687271118 94.36145448684692 94.29386568069458 94.90836596488953 95.09186959266663 95.1258773803711 95.08897948265076 95.27407193183899 95.82667303085327 95.2213385105133 95.44124794006348 95.80766916275024 95.62010478973389 95.85672211647034 96.00071620941162 96.11445784568787 96.06288146972656
X11002310 96.65885877609253 96.51432609558105 96.5925669670105 96.76542091369629 96.63192296028137 97.2586190700531 97.01029372215271 97.54467582702637 97.0869529247284 97.45464277267456 97.61311173439026 97.94080901145935 99.4022741317749 98.93538641929626 98.34189200401306 98.65453171730042 99.21665287017822 98.57495641708374 98.30000519752502 98.78661727905273
X11002301 53.219120025634766 53.249125719070435 53.12339377403259 53.510777711868286 53.353965759277344 53.640525102615356 53.490851402282715 53.801008224487305 53.76865577697754 53.83969688415527 53.83507061004639 53.90627336502075 54.07731533050537 54.06577968597412 54.18691682815552 54.16354322433472 54.31283116340637 54.30360674858093 54.2979850769043 54.491650342941284
X13002310 104.82685852050781 104.51202654838562 104.76344180107117 105.2938129901886 105.0512363910675 105.74106812477112 105.94734477996826 105.97599983215332 108.2997477054596 106.21411490440369 107.30730366706848 107.809743642807 108.07215929031372 108.35313677787781 107.54994893074036 107.73657655715942 107.7678918838501 107.81099605560303 107.97780442237854 107.71609044075012
