X13012310 0.529209621993127 0.529209621993127 0.529209621993127 0.529209621993127 0.529209621993127 0.529209621993127 0.529209621993127 0.529209621993127 0.529209621993127 0.529209621993127 0.529209621993127 0.5259515570934256 0.529209621993127 0.529209621993127 0.529209621993127 0.529209621993127 0.529209621993127 0.529209621993127 0.529209621993127 0.529209621993127
X12013310 0.529209621993127 0.529209621993127 0.529209621993127 0.529209621993127 0.529209621993127 0.5681818181818181 0.529209621993127 0.529209621993127 0.529209621993127 0.529209621993127 0.529209621993127 0.529209621993127 0.529209621993127 0.529209621993127 0.529209621993127 0.529209621993127 0.529209621993127 0.5227272727272727 0.529209621993127 0.529209621993127
X13012410 0.529209621993127 0.529209621993127 0.529209621993127 0.529209621993127 0.529209621993127 0.529209621993127 0.529209621993127 0.5648854961832062 0.529209621993127 0.529209621993127 0.529209621993127 0.529209621993127 0.529209621993127 0.529209621993127 0.529209621993127 0.5190311418685121 0.575107296137339 0.529209621993127 0.529209621993127 0.529209621993127
X13013610 0.529209621993127 0.529209621993127 0.5798319327731092 0.529209621993127 0.529209621993127 0.529209621993127 0.529209621993127 0.529209621993127 0.529209621993127 0.529209621993127 0.529209621993127 0.529209621993127 0.529209621993127 0.529209621993127 0.529209621993127 0.529209621993127 0.529209621993127 0.5547445255474452 0.529209621993127 0.529209621993127
X12012310 0.529209621993127 0.529209621993127 0.529209621993127 0.5190311418685121 0.529209621993127 0.529209621993127 0.529209621993127 0.529209621993127 0.529209621993127 0.529209621993127 0.529209621993127 0.529209621993127 0.529209621993127 0.5310344827586206 0.529209621993127 0.529209621993127 0.5259515570934256 0.529209621993127 0.529209621993127 0.529209621993127
X13013510 0.529209621993127 0.529209621993127 0.529209621993127 0.529209621993127 0.529209621993127 0.529209621993127 0.529209621993127 0.529209621993127 0.529209621993127 0.529209621993127 0.529209621993127 0.529209621993127 0.529209621993127 0.529209621993127 0.529209621993127 0.529209621993127 0.529209621993127 0.529209621993127 0.529209621993127 0.529209621993127
X11012610 0.529209621993127 0.529209621993127 0.529209621993127 0.529209621993127 0.5236363636363637 0.5124555160142349 0.529209621993127 0.5737051792828685 0.529209621993127 0.529209621993127 0.529209621993127 0.5495495495495495 0.529209621993127 0.5467625899280576 0.529209621993127 0.529209621993127 0.529209621993127 0.5681818181818181 0.529209621993127 0.529209621993127
X13012710 0.529209621993127 0.529209621993127 0.529209621993127 0.529209621993127 0.529209621993127 0.529209621993127 0.529209621993127 0.529209621993127 0.529209621993127 0.529209621993127 0.5241379310344827 0.5277777777777778 0.529209621993127 0.529209621993127 0.529209621993127 0.529209621993127 0.529209621993127 0.529209621993127 0.529209621993127 0.529209621993127
X12013410 0.529209621993127 0.529209621993127 0.529209621993127 0.5310344827586206 0.529209621993127 0.529209621993127 0.529209621993127 0.529209621993127 0.529209621993127 0.532871972318339 0.529209621993127 0.529209621993127 0.529209621993127 0.529209621993127 0.529209621993127 0.529209621993127 0.5277777777777778 0.529209621993127 0.529209621993127 0.529209621993127
X12012610 0.529209621993127 0.529209621993127 0.529209621993127 0.529209621993127 0.529209621993127 0.529209621993127 0.529209621993127 0.529209621993127 0.529209621993127 0.529209621993127 0.529209621993127 0.529209621993127 0.5654008438818565 0.529209621993127 0.529209621993127 0.529209621993127 0.529209621993127 0.529209621993127 0.529209621993127 0.5296167247386759
X12013610 0.529209621993127 0.529209621993127 0.529209621993127 0.529209621993127 0.529209621993127 0.529209621993127 0.529209621993127 0.529209621993127 0.529209621993127 0.5208333333333334 0.529209621993127 0.529209621993127 0.5192982456140351 0.529209621993127 0.529209621993127 0.529209621993127 0.529209621993127 0.532871972318339 0.5241379310344827 0.529209621993127
X13013310 0.529209621993127 0.529209621993127 0.529209621993127 0.529209621993127 0.529209621993127 0.529209621993127 0.529209621993127 0.529209621993127 0.529209621993127 0.529209621993127 0.529209621993127 0.5310344827586206 0.529209621993127 0.529209621993127 0.529209621993127 0.529209621993127 0.529209621993127 0.529209621993127 0.529209621993127 0.529209621993127
X12013710 0.529209621993127 0.529209621993127 0.529209621993127 0.529209621993127 0.529209621993127 0.529209621993127 0.529209621993127 0.576923076923077 0.529209621993127 0.529209621993127 0.5758754863813229 0.529209621993127 0.529209621993127 0.529209621993127 0.529209621993127 0.529209621993127 0.529209621993127 0.529209621993127 0.529209621993127 0.529209621993127
X12013510 0.529209621993127 0.529209621993127 0.529209621993127 0.529209621993127 0.529209621993127 0.529209621993127 0.529209621993127 0.529209621993127 0.529209621993127 0.529209621993127 0.529209621993127 0.5310344827586206 0.529209621993127 0.529209621993127 0.529209621993127 0.529209621993127 0.562962962962963 0.529209621993127 0.529209621993127 0.529209621993127
X11013511 0.5229681978798587 0.5310344827586206 0.5429864253393666 0.5641025641025641 0.529209621993127 0.529209621993127 0.529209621993127 0.5070422535211266 0.5277777777777778 0.529209621993127 0.529209621993127 0.5078125 0.529209621993127 0.5507246376811594 0.529209621993127 0.529209621993127 0.529209621993127 0.5277777777777778 0.529209621993127 0.529209621993127
X11013610 0.5415162454873647 0.5390070921985816 0.5467625899280576 0.5328467153284672 0.5639097744360902 0.529209621993127 0.529209621993127 0.5487364620938628 0.5527272727272727 0.5428571428571429 0.5461254612546125 0.529209621993127 0.529209621993127 0.5692883895131087 0.5441176470588235 0.5480427046263345 0.555956678700361 0.5421245421245421 0.5641025641025641 0.5597014925373135
X12012410 0.529209621993127 0.529209621993127 0.529209621993127 0.529209621993127 0.529209621993127 0.529209621993127 0.529209621993127 0.529209621993127 0.529209621993127 0.529209621993127 0.5588235294117646 0.529209621993127 0.529209621993127 0.529209621993127 0.529209621993127 0.529209621993127 0.529209621993127 0.529209621993127 0.529209621993127 0.529209621993127
X12012710 0.529209621993127 0.529209621993127 0.529209621993127 0.529209621993127 0.529209621993127 0.529209621993127 0.529209621993127 0.529209621993127 0.529209621993127 0.529209621993127 0.529209621993127 0.5310344827586206 0.529209621993127 0.529209621993127 0.529209621993127 0.529209621993127 0.529209621993127 0.529209621993127 0.529209621993127 0.529209621993127
X12012510 0.529209621993127 0.529209621993127 0.5241379310344827 0.532871972318339 0.529209621993127 0.529209621993127 0.529209621993127 0.529209621993127 0.529209621993127 0.529209621993127 0.529209621993127 0.529209621993127 0.529209621993127 0.5448028673835126 0.529209621993127 0.529209621993127 0.529209621993127 0.529209621993127 0.529209621993127 0.529209621993127
X11012410 0.529209621993127 0.529209621993127 0.5590551181102363 0.5310344827586206 0.5310344827586206 0.529209621993127 0.529209621993127 0.529209621993127 0.529209621993127 0.529209621993127 0.529209621993127 0.529209621993127 0.529209621993127 0.529209621993127 0.529209621993127 0.529209621993127 0.528169014084507 0.529209621993127 0.5259515570934256 0.5017921146953405
X11002311 0.04938271604938272 0.5617977528089888 0.5597014925373135 0.6016260162601625 0.5863453815261045 0.0 0.5846153846153848 0.576 0.5555555555555556 0.5758754863813229 0.584 0.5226480836236934 0.5959183673469388 0.025316455696202535 0.5365853658536585 0.5905511811023622 0.6083333333333333 0.0 0.5671641791044775 0.5757575757575758
X11012310 0.529209621993127 0.529209621993127 0.529209621993127 0.529209621993127 0.529209621993127 0.5241379310344827 0.49038461538461536 0.529209621993127 0.5241379310344827 0.529209621993127 0.529209621993127 0.47706422018348627 0.529209621993127 0.529209621993127 0.529209621993127 0.529209621993127 0.529209621993127 0.529209621993127 0.529209621993127 0.529209621993127
X11013310 0.529209621993127 0.5241379310344827 0.529209621993127 0.529209621993127 0.529209621993127 0.529209621993127 0.5259515570934256 0.529209621993127 0.5703422053231939 0.529209621993127 0.529209621993127 0.5300353356890459 0.529209621993127 0.5277777777777778 0.5555555555555556 0.529209621993127 0.529209621993127 0.529209621993127 0.5533596837944664 0.5567765567765567
X11012510 0.49 0.5174825174825175 0.529209621993127 0.529209621993127 0.5054151624548736 0.529209621993127 0.5259515570934256 0.529209621993127 0.529209621993127 0.529209621993127 0.529209621993127 0.529209621993127 0.4607843137254902 0.529209621993127 0.529209621993127 0.529209621993127 0.5714285714285714 0.529209621993127 0.5241379310344827 0.529209621993127
X11013510 0.529209621993127 0.529209621993127 0.5291828793774319 0.529209621993127 0.529209621993127 0.529209621993127 0.529209621993127 0.529209621993127 0.529209621993127 0.529209621993127 0.5285714285714286 0.529209621993127 0.529209621993127 0.5296442687747036 0.5418326693227091 0.5461847389558233 0.529209621993127 0.529209621993127 0.5259515570934256 0.529209621993127
X11013410 0.529209621993127 0.5746268656716418 0.529209621993127 0.4810126582278481 0.5530303030303031 0.529209621993127 0.529209621993127 0.5692307692307692 0.5474452554744526 0.529209621993127 0.529209621993127 0.529209621993127 0.5310344827586206 0.529209621993127 0.529209621993127 0.529209621993127 0.529209621993127 0.529209621993127 0.5319148936170213 0.5681818181818181
X11002310 0.590717299578059 0.5877551020408164 0.5863453815261045 0.5872340425531914 0.5547445255474452 0.5680000000000001 0.6042553191489363 0.5772357723577235 0.529209621993127 0.6050420168067226 0.593886462882096 0.5803921568627451 0.5857740585774058 0.5714285714285715 0.5892857142857143 0.5528455284552846 0.5896414342629482 0.575 0.5547445255474452 0.5627376425855514
X11002301 0.48571428571428565 0.0 0.5725190839694657 0.5643153526970954 0.59375 0.6075949367088607 0.603448275862069 0.6058091286307054 0.5737051792828685 0.5703125 0.5826771653543307 0.47741935483870973 0.48275862068965514 0.529209621993127 0.5862068965517241 0.5725490196078431 0.5934959349593496 0.5806451612903226 0.5777777777777777 0.5806451612903226
X13002310 0.5757575757575758 0.5829596412556054 0.5990338164251208 0.5849802371541503 0.5873015873015873 0.5882352941176471 0.5823754789272031 0.608695652173913 0.5991189427312775 0.5981308411214953 0.6094420600858369 0.5813953488372093 0.6042553191489363 0.6040816326530613 0.5819672131147541 0.583732057416268 0.5974025974025974 0.603448275862069 0.600896860986547 0.6009389671361502
