X13012310 0.3598130841121495 0.3598130841121495 0.3598130841121495 0.3598130841121495 0.3598130841121495 0.3598130841121495 0.3598130841121495 0.3598130841121495 0.3598130841121495 0.3598130841121495 0.3598130841121495 0.3584905660377358 0.3598130841121495 0.3598130841121495 0.3598130841121495 0.3598130841121495 0.3598130841121495 0.3598130841121495 0.3598130841121495 0.3598130841121495
X12013310 0.3598130841121495 0.3598130841121495 0.3598130841121495 0.3598130841121495 0.3598130841121495 0.40106951871657753 0.3598130841121495 0.3598130841121495 0.3598130841121495 0.3598130841121495 0.3598130841121495 0.3598130841121495 0.3598130841121495 0.3598130841121495 0.3598130841121495 0.3598130841121495 0.3598130841121495 0.3689839572192513 0.3598130841121495 0.3598130841121495
X13012410 0.3598130841121495 0.3598130841121495 0.3598130841121495 0.3598130841121495 0.3598130841121495 0.3598130841121495 0.3598130841121495 0.4 0.3598130841121495 0.3598130841121495 0.3598130841121495 0.3598130841121495 0.3598130841121495 0.3598130841121495 0.3598130841121495 0.35377358490566035 0.42948717948717946 0.3598130841121495 0.3598130841121495 0.3598130841121495
X13013610 0.3598130841121495 0.3598130841121495 0.42857142857142855 0.3598130841121495 0.3598130841121495 0.3598130841121495 0.3598130841121495 0.3598130841121495 0.3598130841121495 0.3598130841121495 0.3598130841121495 0.3598130841121495 0.3598130841121495 0.3598130841121495 0.3598130841121495 0.3598130841121495 0.3598130841121495 0.38578680203045684 0.3598130841121495 0.3598130841121495
X12012310 0.3598130841121495 0.3598130841121495 0.3598130841121495 0.35377358490566035 0.3598130841121495 0.3598130841121495 0.3598130841121495 0.3598130841121495 0.3598130841121495 0.3598130841121495 0.3598130841121495 0.3598130841121495 0.3598130841121495 0.3615023474178404 0.3598130841121495 0.3598130841121495 0.3584905660377358 0.3598130841121495 0.3598130841121495 0.3598130841121495
X13013510 0.3598130841121495 0.3598130841121495 0.3598130841121495 0.3598130841121495 0.3598130841121495 0.3598130841121495 0.3598130841121495 0.3598130841121495 0.3598130841121495 0.3598130841121495 0.3598130841121495 0.3598130841121495 0.3598130841121495 0.3598130841121495 0.3598130841121495 0.3598130841121495 0.3598130841121495 0.3598130841121495 0.3598130841121495 0.3598130841121495
X11012610 0.3598130841121495 0.3598130841121495 0.3598130841121495 0.3598130841121495 0.36363636363636365 0.35294117647058826 0.3598130841121495 0.41379310344827586 0.3598130841121495 0.3598130841121495 0.3598130841121495 0.4206896551724138 0.3598130841121495 0.3781094527363184 0.3598130841121495 0.3598130841121495 0.3598130841121495 0.40106951871657753 0.3598130841121495 0.3598130841121495
X13012710 0.3598130841121495 0.3598130841121495 0.3598130841121495 0.3598130841121495 0.3598130841121495 0.3598130841121495 0.3598130841121495 0.3598130841121495 0.3598130841121495 0.3598130841121495 0.3568075117370892 0.36018957345971564 0.3598130841121495 0.3598130841121495 0.3598130841121495 0.3598130841121495 0.3598130841121495 0.3598130841121495 0.3598130841121495 0.3598130841121495
X12013410 0.3598130841121495 0.3598130841121495 0.3598130841121495 0.3615023474178404 0.3598130841121495 0.3598130841121495 0.3598130841121495 0.3598130841121495 0.3598130841121495 0.3632075471698113 0.3598130841121495 0.3598130841121495 0.3598130841121495 0.3598130841121495 0.3598130841121495 0.3598130841121495 0.36018957345971564 0.3598130841121495 0.3598130841121495 0.3598130841121495
X12012610 0.3598130841121495 0.3598130841121495 0.3598130841121495 0.3598130841121495 0.3598130841121495 0.3598130841121495 0.3598130841121495 0.3598130841121495 0.3598130841121495 0.3598130841121495 0.3598130841121495 0.3598130841121495 0.41875 0.3598130841121495 0.3598130841121495 0.3598130841121495 0.3598130841121495 0.3598130841121495 0.3598130841121495 0.3619047619047619
X12013610 0.3598130841121495 0.3598130841121495 0.3598130841121495 0.3598130841121495 0.3598130841121495 0.3598130841121495 0.3598130841121495 0.3598130841121495 0.3598130841121495 0.35545023696682465 0.3598130841121495 0.3598130841121495 0.3557692307692308 0.3598130841121495 0.3598130841121495 0.3598130841121495 0.3598130841121495 0.3632075471698113 0.3568075117370892 0.3598130841121495
X13013310 0.3598130841121495 0.3598130841121495 0.3598130841121495 0.3598130841121495 0.3598130841121495 0.3598130841121495 0.3598130841121495 0.3598130841121495 0.3598130841121495 0.3598130841121495 0.3598130841121495 0.3615023474178404 0.3598130841121495 0.3598130841121495 0.3598130841121495 0.3598130841121495 0.3598130841121495 0.3598130841121495 0.3598130841121495 0.3598130841121495
X12013710 0.3598130841121495 0.3598130841121495 0.3598130841121495 0.3598130841121495 0.3598130841121495 0.3598130841121495 0.3598130841121495 0.4098360655737705 0.3598130841121495 0.3598130841121495 0.4111111111111111 0.3598130841121495 0.3598130841121495 0.3598130841121495 0.3598130841121495 0.3598130841121495 0.3598130841121495 0.3598130841121495 0.3598130841121495 0.3598130841121495
X12013510 0.3598130841121495 0.3598130841121495 0.3598130841121495 0.3598130841121495 0.3598130841121495 0.3598130841121495 0.3598130841121495 0.3598130841121495 0.3598130841121495 0.3598130841121495 0.3598130841121495 0.3615023474178404 0.3598130841121495 0.3598130841121495 0.3598130841121495 0.3598130841121495 0.39378238341968913 0.3598130841121495 0.3598130841121495 0.3598130841121495
X11013511 0.3592233009708738 0.3615023474178404 0.4166666666666667 0.39285714285714285 0.3598130841121495 0.3598130841121495 0.3598130841121495 0.34782608695652173 0.36018957345971564 0.3598130841121495 0.3598130841121495 0.36312849162011174 0.3598130841121495 0.38190954773869346 0.3598130841121495 0.3598130841121495 0.3598130841121495 0.36018957345971564 0.3598130841121495 0.3598130841121495
X11013610 0.375 0.37073170731707317 0.3781094527363184 0.37055837563451777 0.3968253968253968 0.3598130841121495 0.3598130841121495 0.38 0.3838383838383838 0.37438423645320196 0.38144329896907214 0.3598130841121495 0.3598130841121495 0.4 0.37948717948717947 0.37745098039215685 0.385 0.37755102040816324 0.39285714285714285 0.39267015706806285
X12012410 0.3598130841121495 0.3598130841121495 0.3598130841121495 0.3598130841121495 0.3598130841121495 0.3598130841121495 0.3598130841121495 0.3598130841121495 0.3598130841121495 0.3598130841121495 0.38974358974358975 0.3598130841121495 0.3598130841121495 0.3598130841121495 0.3598130841121495 0.3598130841121495 0.3598130841121495 0.3598130841121495 0.3598130841121495 0.3598130841121495
X12012710 0.3598130841121495 0.3598130841121495 0.3598130841121495 0.3598130841121495 0.3598130841121495 0.3598130841121495 0.3598130841121495 0.3598130841121495 0.3598130841121495 0.3598130841121495 0.3598130841121495 0.3615023474178404 0.3598130841121495 0.3598130841121495 0.3598130841121495 0.3598130841121495 0.3598130841121495 0.3598130841121495 0.3598130841121495 0.3598130841121495
X12012510 0.3598130841121495 0.3598130841121495 0.3568075117370892 0.3632075471698113 0.3598130841121495 0.3598130841121495 0.3598130841121495 0.3598130841121495 0.3598130841121495 0.3598130841121495 0.3598130841121495 0.3598130841121495 0.3598130841121495 0.37623762376237624 0.3598130841121495 0.3598130841121495 0.3598130841121495 0.3598130841121495 0.3598130841121495 0.3598130841121495
X11012410 0.3598130841121495 0.3598130841121495 0.4011299435028249 0.3615023474178404 0.3615023474178404 0.3598130841121495 0.3598130841121495 0.3598130841121495 0.3598130841121495 0.3598130841121495 0.3598130841121495 0.3598130841121495 0.3598130841121495 0.3598130841121495 0.3598130841121495 0.3598130841121495 0.36231884057971014 0.3598130841121495 0.3584905660377358 0.3465346534653465
X11002311 0.5 0.39473684210526316 0.39267015706806285 0.4378698224852071 0.42441860465116277 0.0 0.41530054644808745 0.4161849710982659 0.38860103626943004 0.4111111111111111 0.42196531791907516 0.35714285714285715 0.43452380952380953 0.5 0.36666666666666664 0.423728813559322 0.44785276073619634 0.0 0.39790575916230364 0.40641711229946526
X11012310 0.3598130841121495 0.3598130841121495 0.3598130841121495 0.3598130841121495 0.3598130841121495 0.3568075117370892 0.3893129770992366 0.3598130841121495 0.3568075117370892 0.3598130841121495 0.3598130841121495 0.36879432624113473 0.3598130841121495 0.3598130841121495 0.3598130841121495 0.3598130841121495 0.3598130841121495 0.3598130841121495 0.3598130841121495 0.3598130841121495
X11013310 0.3598130841121495 0.3568075117370892 0.3598130841121495 0.3598130841121495 0.3598130841121495 0.3598130841121495 0.3584905660377358 0.3598130841121495 0.4032258064516129 0.3598130841121495 0.3598130841121495 0.3640776699029126 0.3598130841121495 0.36018957345971564 0.38860103626943004 0.3598130841121495 0.3598130841121495 0.3598130841121495 0.3977272727272727 0.3877551020408163
X11012510 0.3983739837398374 0.35406698564593303 0.3598130841121495 0.3598130841121495 0.35 0.3598130841121495 0.3584905660377358 0.3598130841121495 0.3598130841121495 0.3598130841121495 0.3598130841121495 0.3598130841121495 0.3700787401574803 0.3598130841121495 0.3598130841121495 0.3598130841121495 0.4065934065934066 0.3598130841121495 0.3568075117370892 0.3598130841121495
X11013510 0.3598130841121495 0.3598130841121495 0.37777777777777777 0.3598130841121495 0.3598130841121495 0.3598130841121495 0.3598130841121495 0.3598130841121495 0.3598130841121495 0.3598130841121495 0.3645320197044335 0.3598130841121495 0.3598130841121495 0.3806818181818182 0.39080459770114945 0.3953488372093023 0.3598130841121495 0.3598130841121495 0.3584905660377358 0.3598130841121495
X11013410 0.3598130841121495 0.4031413612565445 0.3598130841121495 0.35625 0.39037433155080214 0.3598130841121495 0.3598130841121495 0.40437158469945356 0.38071065989847713 0.3598130841121495 0.3598130841121495 0.3598130841121495 0.3615023474178404 0.3598130841121495 0.3598130841121495 0.3598130841121495 0.3598130841121495 0.3598130841121495 0.36585365853658536 0.40106951871657753
X11002310 0.4375 0.42857142857142855 0.42441860465116277 0.43670886075949367 0.38578680203045684 0.41040462427745666 0.44936708860759494 0.42011834319526625 0.3598130841121495 0.4472049689440994 0.4473684210526316 0.4157303370786517 0.43209876543209874 0.4166666666666667 0.4489795918367347 0.40236686390532544 0.42528735632183906 0.4233128834355828 0.38578680203045684 0.3978494623655914
X11002301 0.5396825396825397 0.0 0.40540540540540543 0.4146341463414634 0.4245810055865922 0.45 0.45161290322580644 0.4451219512195122 0.41379310344827586 0.40782122905027934 0.4180790960451977 0.47435897435897434 0.36129032258064514 0.3598130841121495 0.43870967741935485 0.4101123595505618 0.4319526627218935 0.42105263157894735 0.4391891891891892 0.45
X13002310 0.40641711229946526 0.4452054794520548 0.47692307692307695 0.42045454545454547 0.4228571428571429 0.4513888888888889 0.41304347826086957 0.45751633986928103 0.4533333333333333 0.46715328467153283 0.4551282051282051 0.4143646408839779 0.44936708860759494 0.44047619047619047 0.4251497005988024 0.4621212121212121 0.44805194805194803 0.45161290322580644 0.4589041095890411 0.47058823529411764
