X13012310 1.0 1.0 1.0 1.0 1.0 1.0 1.0 1.0 1.0 1.0 1.0 0.987012987012987 1.0 1.0 1.0 1.0 1.0 1.0 1.0 1.0
X12013310 1.0 1.0 1.0 1.0 1.0 0.974025974025974 1.0 1.0 1.0 1.0 1.0 1.0 1.0 1.0 1.0 1.0 1.0 0.8961038961038961 1.0 1.0
X13012410 1.0 1.0 1.0 1.0 1.0 1.0 1.0 0.961038961038961 1.0 1.0 1.0 1.0 1.0 1.0 1.0 0.974025974025974 0.8701298701298701 1.0 1.0 1.0
X13013610 1.0 1.0 0.8961038961038961 1.0 1.0 1.0 1.0 1.0 1.0 1.0 1.0 1.0 1.0 1.0 1.0 1.0 1.0 0.987012987012987 1.0 1.0
X12012310 1.0 1.0 1.0 0.974025974025974 1.0 1.0 1.0 1.0 1.0 1.0 1.0 1.0 1.0 1.0 1.0 1.0 0.987012987012987 1.0 1.0 1.0
X13013510 1.0 1.0 1.0 1.0 1.0 1.0 1.0 1.0 1.0 1.0 1.0 1.0 1.0 1.0 1.0 1.0 1.0 1.0 1.0 1.0
X11012610 1.0 1.0 1.0 1.0 0.935064935064935 0.935064935064935 1.0 0.935064935064935 1.0 1.0 1.0 0.7922077922077922 1.0 0.987012987012987 1.0 1.0 1.0 0.974025974025974 1.0 1.0
X13012710 1.0 1.0 1.0 1.0 1.0 1.0 1.0 1.0 1.0 1.0 0.987012987012987 0.987012987012987 1.0 1.0 1.0 1.0 1.0 1.0 1.0 1.0
X12013410 1.0 1.0 1.0 1.0 1.0 1.0 1.0 1.0 1.0 1.0 1.0 1.0 1.0 1.0 1.0 1.0 0.987012987012987 1.0 1.0 1.0
X12012610 1.0 1.0 1.0 1.0 1.0 1.0 1.0 1.0 1.0 1.0 1.0 1.0 0.8701298701298701 1.0 1.0 1.0 1.0 1.0 1.0 0.987012987012987
X12013610 1.0 1.0 1.0 1.0 1.0 1.0 1.0 1.0 1.0 0.974025974025974 1.0 1.0 0.961038961038961 1.0 1.0 1.0 1.0 1.0 0.987012987012987 1.0
X13013310 1.0 1.0 1.0 1.0 1.0 1.0 1.0 1.0 1.0 1.0 1.0 1.0 1.0 1.0 1.0 1.0 1.0 1.0 1.0 1.0
X12013710 1.0 1.0 1.0 1.0 1.0 1.0 1.0 0.974025974025974 1.0 1.0 0.961038961038961 1.0 1.0 1.0 1.0 1.0 1.0 1.0 1.0 1.0
X12013510 1.0 1.0 1.0 1.0 1.0 1.0 1.0 1.0 1.0 1.0 1.0 1.0 1.0 1.0 1.0 1.0 0.987012987012987 1.0 1.0 1.0
X11013511 0.961038961038961 1.0 0.7792207792207793 1.0 1.0 1.0 1.0 0.935064935064935 0.987012987012987 1.0 1.0 0.8441558441558441 1.0 0.987012987012987 1.0 1.0 1.0 0.987012987012987 1.0 1.0
X11013610 0.974025974025974 0.987012987012987 0.987012987012987 0.948051948051948 0.974025974025974 1.0 1.0 0.987012987012987 0.987012987012987 0.987012987012987 0.961038961038961 1.0 1.0 0.987012987012987 0.961038961038961 1.0 1.0 0.961038961038961 1.0 0.974025974025974
X12012410 1.0 1.0 1.0 1.0 1.0 1.0 1.0 1.0 1.0 1.0 0.987012987012987 1.0 1.0 1.0 1.0 1.0 1.0 1.0 1.0 1.0
X12012710 1.0 1.0 1.0 1.0 1.0 1.0 1.0 1.0 1.0 1.0 1.0 1.0 1.0 1.0 1.0 1.0 1.0 1.0 1.0 1.0
X12012510 1.0 1.0 0.987012987012987 1.0 1.0 1.0 1.0 1.0 1.0 1.0 1.0 1.0 1.0 0.987012987012987 1.0 1.0 1.0 1.0 1.0 1.0
X11012410 1.0 1.0 0.922077922077922 1.0 1.0 1.0 1.0 1.0 1.0 1.0 1.0 1.0 1.0 1.0 1.0 1.0 0.974025974025974 1.0 0.987012987012987 0.9090909090909091
X11002311 0.025974025974025976 0.974025974025974 0.974025974025974 0.961038961038961 0.948051948051948 0.0 0.987012987012987 0.935064935064935 0.974025974025974 0.961038961038961 0.948051948051948 0.974025974025974 0.948051948051948 0.012987012987012988 1.0 0.974025974025974 0.948051948051948 0.0 0.987012987012987 0.987012987012987
X11012310 1.0 1.0 1.0 1.0 1.0 0.987012987012987 0.6623376623376623 1.0 0.987012987012987 1.0 1.0 0.6753246753246753 1.0 1.0 1.0 1.0 1.0 1.0 1.0 1.0
X11013310 1.0 0.987012987012987 1.0 1.0 1.0 1.0 0.987012987012987 1.0 0.974025974025974 1.0 1.0 0.974025974025974 1.0 0.987012987012987 0.974025974025974 1.0 1.0 1.0 0.9090909090909091 0.987012987012987
X11012510 0.6363636363636364 0.961038961038961 1.0 1.0 0.9090909090909091 1.0 0.987012987012987 1.0 1.0 1.0 1.0 1.0 0.6103896103896104 1.0 1.0 1.0 0.961038961038961 1.0 0.987012987012987 1.0
X11013510 1.0 1.0 0.8831168831168831 1.0 1.0 1.0 1.0 1.0 1.0 1.0 0.961038961038961 1.0 1.0 0.8701298701298701 0.8831168831168831 0.8831168831168831 1.0 1.0 0.987012987012987 1.0
X11013410 1.0 1.0 1.0 0.7402597402597403 0.948051948051948 1.0 1.0 0.961038961038961 0.974025974025974 1.0 1.0 1.0 1.0 1.0 1.0 1.0 1.0 1.0 0.974025974025974 0.974025974025974
X11002310 0.9090909090909091 0.935064935064935 0.948051948051948 0.8961038961038961 0.987012987012987 0.922077922077922 0.922077922077922 0.922077922077922 1.0 0.935064935064935 0.8831168831168831 0.961038961038961 0.9090909090909091 0.9090909090909091 0.8571428571428571 0.8831168831168831 0.961038961038961 0.8961038961038961 0.987012987012987 0.961038961038961
X11002301 0.44155844155844154 0.0 0.974025974025974 0.8831168831168831 0.987012987012987 0.935064935064935 0.9090909090909091 0.948051948051948 0.935064935064935 0.948051948051948 0.961038961038961 0.4805194805194805 0.7272727272727273 1.0 0.8831168831168831 0.948051948051948 0.948051948051948 0.935064935064935 0.8441558441558441 0.8181818181818182
X13002310 0.987012987012987 0.8441558441558441 0.8051948051948052 0.961038961038961 0.961038961038961 0.8441558441558441 0.987012987012987 0.9090909090909091 0.8831168831168831 0.8311688311688312 0.922077922077922 0.974025974025974 0.922077922077922 0.961038961038961 0.922077922077922 0.7922077922077922 0.8961038961038961 0.9090909090909091 0.8701298701298701 0.8311688311688312
