   1  X13012310 (                         |*                       ), 0.529,  0.529,  0.529,  0.529,  0.529
   1  X12013310 (                         |*                       ), 0.529,  0.529,  0.529,  0.529,  0.529
   1  X13012410 (                         |*-                      ), 0.529,  0.529,  0.529,  0.529,  0.565
   1  X13013610 (                         |*                       ), 0.529,  0.529,  0.529,  0.529,  0.555
   1  X12012310 (                         |*                       ), 0.529,  0.529,  0.529,  0.529,  0.529
   1  X13013510 (                         |*                       ), 0.529,  0.529,  0.529,  0.529,  0.529
   1  X11012610 (                         |*-                      ), 0.529,  0.529,  0.529,  0.529,  0.568
   1  X13012710 (                         |*                       ), 0.529,  0.529,  0.529,  0.529,  0.529
   1  X12013410 (                         |*                       ), 0.529,  0.529,  0.529,  0.529,  0.531
   1  X12012610 (                         |*                       ), 0.529,  0.529,  0.529,  0.529,  0.530
   1  X12013610 (                         |*                       ), 0.524,  0.529,  0.529,  0.529,  0.529
   1  X13013310 (                         |*                       ), 0.529,  0.529,  0.529,  0.529,  0.529
   1  X12013710 (                         |*-                      ), 0.529,  0.529,  0.529,  0.529,  0.576
   1  X12013510 (                         |*                       ), 0.529,  0.529,  0.529,  0.529,  0.531
   1  X11013511 (                         |*                       ), 0.523,  0.529,  0.529,  0.529,  0.551
   1  X12012410 (                         |*                       ), 0.529,  0.529,  0.529,  0.529,  0.529
   1  X12012710 (                         |*                       ), 0.529,  0.529,  0.529,  0.529,  0.529
   1  X12012510 (                         |*                       ), 0.529,  0.529,  0.529,  0.529,  0.533
   1  X11012410 (                         |*                       ), 0.528,  0.529,  0.529,  0.529,  0.531
   1  X11012310 (                         |*                       ), 0.524,  0.529,  0.529,  0.529,  0.529
   1  X11013310 (                         |*                       ), 0.528,  0.529,  0.529,  0.529,  0.557
   1  X11012510 (                         |*                       ), 0.505,  0.529,  0.529,  0.529,  0.529
   1  X11013510 (                         |*                       ), 0.529,  0.529,  0.529,  0.529,  0.542
   1  X11013410 (                         |*-                      ), 0.529,  0.529,  0.529,  0.532,  0.569
   2  X11013610 (                         | *                      ), 0.529,  0.542,  0.546,  0.553,  0.564
   3  X11002311 (                         | -*-                    ), 0.025,  0.556,  0.576,  0.585,  0.602
   3  X11002301 (                         |  *-                    ), 0.483,  0.570,  0.578,  0.586,  0.606
   4  X11002310 (                         |  -*                    ), 0.555,  0.571,  0.586,  0.589,  0.604
   5  X13002310 (                         |   *                    ), 0.582,  0.585,  0.598,  0.601,  0.609
