X11002301 0.6273684210526316 0.7647058823529412 0.7830188679245282 0.7313691507798961 0.7752442996742671 0.6041666666666666 0.7446153846153847 0.7906197654941373 0.5290322580645161 0.4655581947743468 0.7106227106227104 0.1437125748502994 0.7615780445969125 0.7537537537537538 0.7466216216216216 0.7484276729559748 0.7662141779788837 0.7807153965785381 0.7585089141004862 0.6046511627906977
X11013410 0.732943469785575 0.653386454183267 0.7120000000000001 0.66793893129771 0.612691466083151 0.46522781774580335 0.7692307692307692 0.7287128712871288 0.38309859154929576 0.6790540540540541 0.3136094674556213 0.7323340471092077 0.7258687258687258 0.7349177330895795 0.7145631067961165 0.5090909090909091 0.7095652173913043 0.7416520210896309 0.6875 0.24242424242424246
X11002310 0.7184466019417476 0.6904315196998123 0.7011952191235058 0.7131474103585658 0.7510204081632652 0.7189292543021032 0.7775551102204409 0.7591240875912408 0.7592592592592593 0.7279693486590038 0.7252336448598131 0.7159999999999999 0.7243460764587526 0.7148437500000001 0.7360594795539033 0.7140186915887851 0.7692307692307693 0.749063670411985 0.7184115523465704 0.7166979362101314
X12013610 0.7587209302325582 0.7344632768361581 0.7667844522968198 0.508849557522124 0.7615658362989324 0.641891891891892 0.29971181556195964 0.6101083032490975 0.5952890792291221 0.6395112016293278 0.4265402843601896 0.5781990521327014 0.5565217391304348 0.7610619469026549 0.5925925925925926 0.3133159268929504 0.31884057971014496 0.3512747875354108 0.2734584450402145 0.46272493573264784
X11002310 0.7343173431734318 0.7808471454880295 0.740072202166065 0.764378478664193 0.7434944237918216 0.6693877551020408 0.6903353057199212 0.7330827067669172 0.72552783109405 0.7034764826175869 0.7476635514018691 0.7840290381125227 0.7640449438202247 0.7015503875968992 0.6787148594377509 0.7236363636363636 0.7518518518518518 0.758364312267658 0.7249544626593806 0.7154150197628458
X11012310 0.5038560411311054 0.7464387464387464 0.6211382113821139 0.4266666666666667 0.6567164179104478 0.5672371638141809 0.20246913580246914 0.4115384615384615 0.7089783281733746 0.5986394557823128 0.2936288088642659 0.6923076923076924 0.706081081081081 0.7275590551181104 0.8027210884353742 0.5829787234042553 0.0 0.5353535353535355 0.8059701492537313 0.27817745803357313
X11012610 0.6838235294117647 0.4563106796116505 0.7204724409448819 0.7424000000000001 0.6629422718808193 0.34513274336283184 0.43303571428571425 0.46875000000000006 0.5742574257425742 0.31197771587743733 0.509090909090909 0.41304347826086957 0.18633540372670807 0.7811320754716982 0.6420824295010846 0.75 0.7888888888888889 0.7205387205387205 0.7294589178356714 0.8006182380216383
X12013410 0.7189781021897811 0.815748031496063 0.6182669789227166 0.47558386411889597 0.6441441441441441 0.7406015037593986 0.8107255520504733 0.38873239436619716 0.5361305361305361 0.0 0.0750853242320819 0.689108910891089 0.46194225721784776 0.7792207792207791 0.7392550143266476 0.7389830508474576 0.6435845213849287 0.7521367521367522 0.7791798107255521 0.07432432432432431
X11013310 0.6297872340425532 0.6091743119266055 0.8028673835125446 0.689217758985201 0.6906187624750499 0.6197183098591549 0.7380952380952379 0.7374517374517375 0.1829652996845426 0.7421875 0.6080305927342256 0.629090909090909 0.7641325536062378 0.7300970873786408 0.7831715210355987 0.3005780346820809 0.4163568773234201 0.8128161888701518 0.5 0.6850828729281767
X12012310 0.7773167358229599 0.3582766439909297 0.7739463601532567 0.6464208242950108 0.21818181818181817 0.7476635514018691 0.6135831381733021 0.6956521739130435 0.7462121212121212 0.691511387163561 0.7195121951219512 0.7572815533980582 0.7232323232323231 0.7733333333333332 0.5361216730038023 0.431266846361186 0.15434083601286175 0.6930320150659134 0.7591522157996147 0.5742092457420924
X13002310 0.7577854671280275 0.7224334600760456 0.7137096774193548 0.6268656716417911 0.7509293680297399 0.7635009310986964 0.7664233576642335 0.7959183673469388 0.770949720670391 0.7509293680297399 0.7332053742802304 0.7117988394584139 0.7449541284403671 0.638477801268499 0.6843177189409368 0.6268041237113402 0.7448015122873345 0.7480916030534351 0.744721689059501 0.7777777777777778
