X11002301 0.7680412371134021 0.7069486404833837 0.7014084507042253 0.7128378378378378 0.7147147147147147 0.7286432160804021 0.6558265582655827 0.7468354430379747 0.6684782608695652 0.7 0.7320754716981132 0.4528301886792453 0.7350993377483444 0.6519480519480519 0.7106109324758842 0.6704225352112676 0.6649214659685864 0.6933701657458563 0.6964285714285714 0.7447916666666666
X11013410 0.8103448275862069 0.7420814479638009 0.8127853881278538 0.720164609053498 0.7954545454545454 0.7132352941176471 0.7733812949640287 0.8214285714285714 0.918918918918919 0.6463022508038585 0.9298245614035088 0.9193548387096774 0.7932489451476793 0.7556390977443609 0.7863247863247863 0.7044025157232704 0.6938775510204082 0.7326388888888888 0.9221556886227545 0.8163265306122449
X11002310 0.7905982905982906 0.7301587301587301 0.7963800904977375 0.8099547511312217 0.8803827751196173 0.7768595041322314 0.8899082568807339 0.7790262172284644 0.7915057915057915 0.7883817427385892 0.7637795275590551 0.817351598173516 0.8333333333333334 0.7922077922077922 0.7704280155642024 0.7519685039370079 0.8134920634920635 0.7905138339920948 0.7289377289377289 0.7579365079365079
X12013610 0.6412776412776413 0.78 0.7614035087719299 0.672514619883041 0.7615658362989324 0.6109324758842444 0.7878787878787878 0.6190476190476191 0.7473118279569892 0.7476190476190476 0.6382978723404256 0.8652482269503546 0.7150837988826816 0.7570422535211268 0.6551724137931034 0.5882352941176471 0.859375 0.8611111111111112 0.5543478260869565 0.8333333333333334
X11002310 0.7624521072796935 0.8091603053435115 0.7509157509157509 0.7984496124031008 0.7782101167315175 0.784688995215311 0.7743362831858407 0.7768924302788844 0.7875 0.8269230769230769 0.7874015748031497 0.8 0.8063241106719368 0.7702127659574468 0.7788018433179723 0.7397769516728625 0.7837837837837838 0.7937743190661478 0.7425373134328358 0.8044444444444444
X11012310 0.9074074074074074 0.6223277909738717 0.5718562874251497 0.5680473372781065 0.8191489361702128 0.90625 0.33064516129032256 0.4476987447698745 0.6273972602739726 0.825 0.6625 0.8663101604278075 0.6720257234726688 0.652542372881356 0.7687296416938111 0.7248677248677249 0.0 0.9217391304347826 0.7546583850931677 0.4264705882352941
X11012610 0.7072243346007605 0.7175572519083969 0.8061674008810573 0.6744186046511628 0.6953125 0.45614035087719296 0.5808383233532934 0.8737864077669902 0.5353846153846153 0.717948717948718 0.9423076923076923 0.5307262569832403 0.7317073170731707 0.8313253012048193 0.8222222222222222 0.656 0.8223938223938224 0.6837060702875399 0.8348623853211009 0.7076502732240437
X12013410 0.7378277153558053 0.731638418079096 0.9041095890410958 0.5894736842105263 0.8773006134969326 0.7848605577689243 0.7280453257790368 0.9324324324324325 0.777027027027027 0.0 0.9166666666666666 0.7767857142857143 0.88 0.813953488372093 0.6187050359712231 0.7055016181229773 0.7523809523809524 0.7236842105263158 0.6997167138810199 0.7333333333333333
X11013310 0.783068783068783 0.6287878787878788 0.8086642599277978 0.8489583333333334 0.7863636363636364 0.6132404181184669 0.8340807174887892 0.8059071729957806 0.8055555555555556 0.8225108225108225 0.6570247933884298 0.6431226765799256 0.8448275862068966 0.8034188034188035 0.7181008902077152 0.8 0.4357976653696498 0.7724358974358975 0.5092250922509225 0.7099236641221374
X12012310 0.6357466063348416 0.49375 0.8381742738589212 0.8277777777777777 0.7346938775510204 0.7874015748031497 0.8972602739726028 0.8316831683168316 0.7975708502024291 0.8267326732673267 0.8388625592417062 0.8333333333333334 0.8364485981308412 0.8319672131147541 0.5755102040816327 0.8888888888888888 0.8 0.736 0.8277310924369747 0.9076923076923077
X13002310 0.7373737373737373 0.7755102040816326 0.8232558139534883 0.7819148936170213 0.7859922178988327 0.80078125 0.7865168539325843 0.762214983713355 0.80859375 0.7859922178988327 0.7958333333333333 0.7796610169491526 0.7689393939393939 0.7864583333333334 0.8 0.7450980392156863 0.7943548387096774 0.8065843621399177 0.8083333333333333 0.8108108108108109
