X11002301 0.5302491103202847 0.8327402135231317 0.8861209964412812 0.7508896797153025 0.8469750889679716 0.5160142348754448 0.8612099644128114 0.8398576512455516 0.4377224199288256 0.3487544483985765 0.6903914590747331 0.08540925266903915 0.7900355871886121 0.8932384341637011 0.7864768683274022 0.8469750889679716 0.9039145907473309 0.8932384341637011 0.8327402135231317 0.5088967971530249
X11013410 0.6690391459074733 0.5836298932384342 0.6334519572953736 0.6227758007117438 0.498220640569395 0.34519572953736655 0.7651245551601423 0.6548042704626335 0.24199288256227758 0.7153024911032029 0.18861209964412812 0.608540925266904 0.6690391459074733 0.7153024911032029 0.6548042704626335 0.398576512455516 0.7259786476868327 0.7508896797153025 0.5480427046263345 0.1423487544483986
X11002310 0.6583629893238434 0.6548042704626335 0.6263345195729537 0.6370106761565836 0.6548042704626335 0.6690391459074733 0.6903914590747331 0.7402135231316725 0.7295373665480427 0.6761565836298933 0.6903914590747331 0.6370106761565836 0.6405693950177936 0.6512455516014235 0.7046263345195729 0.6797153024911032 0.7295373665480427 0.7117437722419929 0.708185053380783 0.6797153024911032
X12013610 0.9288256227758007 0.693950177935943 0.7722419928825622 0.4092526690391459 0.7615658362989324 0.6761565836298933 0.18505338078291814 0.6014234875444839 0.49466192170818507 0.5587188612099644 0.3202846975088968 0.43416370106761565 0.4555160142348754 0.7651245551601423 0.5409252669039146 0.21352313167259787 0.19572953736654805 0.2206405693950178 0.18149466192170818 0.3202846975088968
X11002310 0.708185053380783 0.7544483985765125 0.7295373665480427 0.7330960854092526 0.7117437722419929 0.5836298932384342 0.6227758007117438 0.693950177935943 0.6725978647686833 0.6120996441281139 0.7117437722419929 0.7686832740213523 0.7259786476868327 0.6441281138790036 0.6014234875444839 0.708185053380783 0.7224199288256228 0.7259786476868327 0.708185053380783 0.6441281138790036
X11012310 0.3487544483985765 0.9323843416370107 0.6797153024911032 0.3416370106761566 0.5480427046263345 0.4128113879003559 0.14590747330960854 0.3807829181494662 0.8149466192170819 0.4697508896797153 0.18861209964412812 0.5765124555160143 0.7437722419928826 0.8220640569395018 0.8398576512455516 0.4875444839857651 0.0 0.37722419928825623 0.8647686832740213 0.20640569395017794
X11012610 0.6619217081850534 0.33451957295373663 0.6512455516014235 0.8256227758007118 0.6334519572953736 0.2775800711743772 0.34519572953736655 0.3202846975088968 0.6192170818505338 0.199288256227758 0.3487544483985765 0.33807829181494664 0.10676156583629894 0.7366548042704626 0.5266903914590747 0.8754448398576512 0.7580071174377224 0.7615658362989324 0.6476868327402135 0.9217081850533808
X12013410 0.701067615658363 0.9217081850533808 0.4697508896797153 0.398576512455516 0.5088967971530249 0.701067615658363 0.9145907473309609 0.24555160142348753 0.4092526690391459 0.0 0.03914590747330961 0.6192170818505338 0.31316725978647686 0.7473309608540926 0.9181494661921709 0.7758007117437722 0.5622775800711743 0.7829181494661922 0.8790035587188612 0.03914590747330961
X11013310 0.5266903914590747 0.5907473309608541 0.797153024911032 0.5800711743772242 0.6156583629893239 0.6263345195729537 0.6619217081850534 0.6797153024911032 0.10320284697508897 0.6761565836298933 0.5658362989323843 0.6156583629893239 0.697508896797153 0.6690391459074733 0.8612099644128114 0.18505338078291814 0.398576512455516 0.8576512455516014 0.49110320284697506 0.6619217081850534
X12012310 1.0 0.28113879003558717 0.7188612099644128 0.5302491103202847 0.12811387900355872 0.7117437722419929 0.46619217081850534 0.597864768683274 0.701067615658363 0.594306049822064 0.6298932384341637 0.693950177935943 0.6370106761565836 0.7224199288256228 0.501779359430605 0.2846975088967972 0.08540925266903915 0.6548042704626335 0.701067615658363 0.4199288256227758
X13002310 0.7793594306049823 0.6761565836298933 0.6298932384341637 0.5231316725978647 0.7188612099644128 0.7295373665480427 0.7473309608540926 0.8327402135231317 0.7366548042704626 0.7188612099644128 0.6797153024911032 0.6548042704626335 0.7224199288256228 0.5373665480427047 0.597864768683274 0.5409252669039146 0.701067615658363 0.697508896797153 0.6903914590747331 0.7473309608540926
