X11002301 4.608889818191528 3.285264730453491 3.3719966411590576 3.312437057495117 3.2538745403289795 3.2854502201080322 3.3647851943969727 3.288922071456909 3.3022148609161377 3.3423261642456055 3.1582095623016357 3.110379934310913 3.122896432876587 3.3158435821533203 3.1889641284942627 3.185088872909546 3.28963303565979 3.2456789016723633 3.116306781768799 3.1246724128723145
X11013410 3.6511600017547607 3.6375343799591064 3.7132914066314697 3.7805230617523193 3.8089447021484375 3.9468300342559814 3.9040536880493164 4.327236175537109 4.535881519317627 4.295743703842163 4.428493976593018 4.447353839874268 4.255087375640869 4.332810401916504 4.344670057296753 4.489392280578613 4.528600692749023 5.034975528717041 4.716828107833862 5.2390241622924805
X11002310 5.281850099563599 5.2580273151397705 5.327012538909912 5.348366022109985 5.36412501335144 5.857130527496338 5.524449825286865 5.4507458209991455 5.935580730438232 5.65021824836731 5.602846622467041 6.02199912071228 6.396799087524414 6.106721639633179 6.257802486419678 5.933910846710205 6.249984264373779 6.64265513420105 6.1515583992004395 6.430063962936401
X12013610 7.817023992538452 7.830223321914673 7.711866617202759 7.673397064208984 7.856903314590454 7.889223575592041 8.012910842895508 8.150795221328735 8.815233945846558 8.41234564781189 8.920517921447754 8.540349245071411 9.191132307052612 8.791856527328491 9.419494152069092 9.545873880386353 9.151647090911865 9.260244131088257 9.572947978973389 9.499391555786133
X11002310 8.979319095611572 9.019381523132324 9.66794729232788 10.118850946426392 9.640669107437134 9.49722170829773 9.393479824066162 9.516162157058716 9.42260193824768 9.640676736831665 9.76431155204773 9.743076801300049 9.726716995239258 10.789402723312378 9.925682067871094 10.14051628112793 10.22829532623291 10.248587846755981 11.14925217628479 10.579149007797241
X11012310 10.700883865356445 10.777782917022705 10.92099142074585 10.942112684249878 11.08421516418457 11.124208211898804 11.121688842773438 11.410522699356079 11.214972496032715 11.36030101776123 12.012837886810303 12.915581226348877 11.814453125 11.921281337738037 11.843738555908203 11.746711492538452 12.677387475967407 12.261780500411987 12.155052423477173 13.25139832496643
X11012610 12.819058418273926 12.92499566078186 13.068653106689453 13.485118627548218 12.940442562103271 13.103053092956543 13.000604152679443 13.24317216873169 13.24736762046814 13.554986715316772 13.906830072402954 13.443999528884888 13.654753684997559 13.623944759368896 13.961190700531006 13.849845170974731 13.757916927337646 15.199297904968262 14.037666082382202 14.155790328979492
X12013410 15.148905754089355 14.888096570968628 15.2615225315094 15.7689950466156 15.69304084777832 15.385910749435425 15.648316383361816 15.955265998840332 16.723003387451172 15.84338665008545 16.822391748428345 16.160897731781006 16.515588998794556 16.37735080718994 16.82405376434326 16.767802953720093 16.947391033172607 17.594710111618042 17.089372873306274 17.914047718048096
X11013310 17.73619246482849 17.793293476104736 17.238104104995728 17.450181245803833 18.983219861984253 17.99491834640503 18.61206340789795 17.668989658355713 17.937379360198975 18.480512619018555 17.9595627784729 18.211498022079468 18.363282203674316 18.2561092376709 18.286487579345703 18.281736135482788 18.775198698043823 18.258973836898804 18.89310598373413 18.458896160125732
X12012310 19.370036602020264 19.91314387321472 20.064733505249023 19.905165195465088 20.11156463623047 20.81365728378296 20.57720375061035 20.56138014793396 20.907527923583984 21.25540804862976 21.412827730178833 21.390697717666626 21.56335759162903 21.527268648147583 23.534932613372803 21.945916414260864 22.055326461791992 22.021409273147583 22.182678937911987 22.146563291549683
X13002310 22.66783905029297 23.095340251922607 25.760098218917847 24.149845838546753 24.52445387840271 24.26103663444519 25.345289945602417 24.482033729553223 24.37657880783081 24.551012754440308 24.773179054260254 24.818959951400757 25.85711359977722 25.052175283432007 25.044336080551147 25.758623361587524 25.654316186904907 25.484959363937378 26.302236557006836 25.956011533737183
