X11002301 0.3364485981308411 0.3816793893129771 0.4390243902439025 0.4390243902439025 0.3076923076923077 0.33128834355828224 0.5060240963855422 0.3465346534653465 0.34177215189873417 0.35869565217391297 0.29370629370629364 0.37333333333333335 0.3389830508474576 0.46808510638297873 0.30656934306569344 0.3418803418803419 0.33870967741935487 0.40343347639484983 0.3773584905660377 0.2280701754385965
X11013410 0.2822085889570552 0.4777327935222672 0.5185185185185185 0.5412844036697247 0.4141414141414141 0.5825242718446603 0.22764227642276427 0.49382716049382724 0.3271375464684015 0.24242424242424243 0.3064516129032258 0.4642857142857143 0.48275862068965525 0.3448275862068966 0.5975609756097561 0.4581005586592179 0.5082872928176795 0.4928909952606635 0.4142857142857143 0.6051282051282052
X11002310 0.44047619047619047 0.4432432432432433 0.5325443786982248 0.42458100558659223 0.4799999999999999 0.44329896907216493 0.45714285714285713 0.46060606060606063 0.46987951807228917 0.4347826086956522 0.45398773006134974 0.4347826086956522 0.47904191616766467 0.45086705202312144 0.4968944099378882 0.4472049689440994 0.47435897435897434 0.44171779141104295 0.419889502762431 0.4678362573099415
X12013610 0.6083333333333334 0.5764705882352942 0.5863874345549738 0.5833333333333334 0.6044444444444445 0.5603448275862069 0.5783132530120482 0.593886462882096 0.18518518518518515 0.2975206611570248 0.5838509316770187 0.570446735395189 0.5882352941176471 0.2627737226277373 0.46399999999999997 0.546583850931677 0.5714285714285714 0.08750000000000001 0.14689265536723164 0.07766990291262135
X11002310 0.4776119402985075 0.3949044585987261 0.46913580246913583 0.4320987654320987 0.40697674418604657 0.4717948717948718 0.41666666666666663 0.4153005464480874 0.47904191616766467 0.4717948717948718 0.4375 0.45086705202312144 0.4216867469879518 0.4835164835164835 0.47727272727272724 0.45977011494252873 0.4497041420118343 0.43786982248520706 0.4046242774566474 0.40437158469945356
X11012310 0.5726495726495726 0.5029239766081871 0.48453608247422675 0.4653465346534653 0.5472312703583061 0.4931506849315068 0.04 0.5847953216374269 0.4444444444444444 0.5844748858447488 0.5866666666666667 0.48995983935742976 0.2666666666666667 0.5803108808290156 0.36823104693140796 0.10843373493975904 0.5245901639344263 0.2672064777327935 0.4153846153846154 0.5738396624472574
X11012610 0.5488372093023255 0.5622489959839357 0.5327868852459017 0.05405405405405405 0.26285714285714284 0.06504065040650406 0.33992094861660077 0.5674418604651164 0.17600000000000002 0.3045267489711934 0.5134099616858238 0.15037593984962405 0.5207100591715977 0.6021505376344087 0.13636363636363635 0.484375 0.4 0.2376237623762376 0.5631067961165049 0.2616822429906542
X12013410 0.5931558935361216 0.11290322580645161 0.432258064516129 0.26666666666666666 0.22641509433962265 0.3361344537815126 0.1592920353982301 0.535593220338983 0.5714285714285714 0.5604395604395604 0.5487804878048781 0.15217391304347827 0.490066225165563 0.5324232081911263 0.5058823529411764 0.5700000000000001 0.07246376811594203 0.37234042553191493 0.40609137055837563 0.07272727272727272
X11013310 0.5361702127659574 0.5308056872037915 0.532258064516129 0.5803108808290156 0.5668016194331984 0.5 0.61003861003861 0.5816326530612245 0.5256410256410257 0.4979591836734694 0.4432432432432433 0.6014492753623188 0.1896551724137931 0.5882352941176471 0.1511627906976744 0.572972972972973 0.5324675324675324 0.48684210526315785 0.2777777777777778 0.5833333333333333
X12012310 0.18840579710144928 0.0 0.5662100456621004 0.582375478927203 0.5283018867924528 0.5029239766081871 0.11320754716981132 0.5463414634146342 0.6067415730337078 0.208 0.5472972972972973 0.5966850828729281 0.5700483091787439 0.4794520547945206 0.5141065830721003 0.5333333333333333 0.5882352941176471 0.5120772946859904 0.5029239766081871 0.425
X13002310 0.4835164835164835 0.4230769230769231 0.4624277456647399 0.4941176470588235 0.4733727810650888 0.45121951219512196 0.40789473684210525 0.4390243902439025 0.4731182795698925 0.4210526315789474 0.45398773006134974 0.46808510638297873 0.5168539325842696 0.5217391304347827 0.4470588235294118 0.4503311258278146 0.42857142857142855 0.39772727272727276 0.5060240963855422 0.4473684210526315
