X11002301 0.28125 0.5555555555555556 0.46153846153846156 0.46153846153846156 0.34285714285714286 0.35064935064935066 0.525 0.3017241379310345 0.375 0.336734693877551 0.3684210526315789 0.4375 0.32967032967032966 0.43137254901960786 0.4117647058823529 0.6451612903225806 0.5526315789473685 0.3197278911564626 0.410958904109589 0.4642857142857143
X11013410 0.2987012987012987 0.36645962732919257 0.5526315789473685 0.44696969696969696 0.36607142857142855 0.5 0.3783783783783784 0.33613445378151263 0.24043715846994534 0.21428571428571427 0.5 0.47560975609756095 0.4188034188034188 0.3409090909090909 0.6282051282051282 0.44086021505376344 0.4842105263157895 0.416 0.5370370370370371 0.5412844036697247
X11002310 0.45121951219512196 0.41414141414141414 0.5421686746987951 0.40860215053763443 0.47191011235955055 0.39814814814814814 0.449438202247191 0.4810126582278481 0.4875 0.4666666666666667 0.4805194805194805 0.4666666666666667 0.49382716049382713 0.4482758620689655 0.5333333333333333 0.48 0.5285714285714286 0.4675324675324675 0.4 0.47058823529411764
X12013610 0.474025974025974 0.5833333333333334 0.5333333333333333 0.5975609756097561 0.4892086330935252 0.4452054794520548 0.6 0.4755244755244755 0.45454545454545453 0.5142857142857142 0.6266666666666667 0.40487804878048783 0.5084745762711864 0.35294117647058826 0.35365853658536583 0.5866666666666667 0.509090909090909 0.0945945945945946 0.14285714285714285 0.23529411764705882
X11002310 0.41739130434782606 0.43661971830985913 0.5 0.4605263157894737 0.4069767441860465 0.42201834862385323 0.4268292682926829 0.3917525773195876 0.49382716049382713 0.42201834862385323 0.47297297297297297 0.4482758620689655 0.4375 0.4583333333333333 0.4666666666666667 0.45454545454545453 0.4578313253012048 0.4457831325301205 0.40229885057471265 0.38144329896907214
X11012310 0.4527027027027027 0.3359375 0.4351851851851852 0.4051724137931034 0.38009049773755654 0.40601503759398494 0.14285714285714285 0.5882352941176471 0.3056768558951965 0.48120300751879697 0.4748201438848921 0.37423312883435583 0.3125 0.5233644859813084 0.2670157068062827 0.1125 0.4050632911392405 0.20496894409937888 0.6136363636363636 0.4503311258278146
X11012610 0.4573643410852713 0.4294478527607362 0.41139240506329117 0.06451612903225806 0.25842696629213485 0.10810810810810811 0.25748502994011974 0.4728682170542636 0.28205128205128205 0.2356687898089172 0.38285714285714284 0.2127659574468085 0.5301204819277109 0.56 0.1956521739130435 0.36470588235294116 0.3387096774193548 0.20689655172413793 0.48333333333333334 0.21875
X12013410 0.4406779661016949 0.18421052631578946 0.29910714285714285 0.20118343195266272 0.6 0.2631578947368421 0.3333333333333333 0.37799043062200954 0.4222222222222222 0.53125 0.5769230769230769 0.14285714285714285 0.3425925925925926 0.37681159420289856 0.33858267716535434 0.5 0.09615384615384616 0.3431372549019608 0.36036036036036034 0.16666666666666666
X11013310 0.4228187919463087 0.448 0.4074074074074074 0.5233644859813084 0.43478260869565216 0.4528301886792453 0.45664739884393063 0.5181818181818182 0.5857142857142857 0.3836477987421384 0.41414141414141414 0.4368421052631579 0.36666666666666664 0.4605263157894737 0.1511627906976744 0.5353535353535354 0.36936936936936937 0.5606060606060606 0.21084337349397592 0.5283018867924528
X12012310 0.25 0.0 0.46616541353383456 0.4342857142857143 0.4444444444444444 0.3359375 0.3 0.47058823529411764 0.5869565217391305 0.3333333333333333 0.38571428571428573 0.5684210526315789 0.48760330578512395 0.5833333333333334 0.351931330472103 0.7346938775510204 0.5445544554455446 0.4380165289256198 0.3359375 0.4594594594594595
X13002310 0.4583333333333333 0.4714285714285714 0.45977011494252873 0.5 0.4819277108433735 0.47435897435897434 0.4696969696969697 0.46153846153846156 0.44 0.48484848484848486 0.4805194805194805 0.43137254901960786 0.5 0.56 0.4523809523809524 0.5230769230769231 0.4852941176470588 0.3888888888888889 0.525 0.5151515151515151
