X11002301 0.4186046511627907 0.29069767441860467 0.4186046511627907 0.4186046511627907 0.27906976744186046 0.313953488372093 0.4883720930232558 0.4069767441860465 0.313953488372093 0.38372093023255816 0.2441860465116279 0.32558139534883723 0.3488372093023256 0.5116279069767442 0.2441860465116279 0.23255813953488372 0.2441860465116279 0.5465116279069767 0.3488372093023256 0.1511627906976744
X11013410 0.26744186046511625 0.686046511627907 0.4883720930232558 0.686046511627907 0.47674418604651164 0.6976744186046512 0.16279069767441862 0.9302325581395349 0.5116279069767442 0.27906976744186046 0.22093023255813954 0.45348837209302323 0.5697674418604651 0.3488372093023256 0.5697674418604651 0.47674418604651164 0.5348837209302325 0.6046511627906976 0.3372093023255814 0.686046511627907
X11002310 0.43023255813953487 0.47674418604651164 0.5232558139534884 0.4418604651162791 0.4883720930232558 0.5 0.46511627906976744 0.4418604651162791 0.45348837209302323 0.4069767441860465 0.43023255813953487 0.4069767441860465 0.46511627906976744 0.45348837209302323 0.46511627906976744 0.4186046511627907 0.43023255813953487 0.4186046511627907 0.4418604651162791 0.46511627906976744
X12013610 0.8488372093023255 0.5697674418604651 0.6511627906976745 0.5697674418604651 0.7906976744186046 0.7558139534883721 0.5581395348837209 0.7906976744186046 0.11627906976744186 0.20930232558139536 0.5465116279069767 0.9651162790697675 0.6976744186046512 0.20930232558139536 0.6744186046511628 0.5116279069767442 0.6511627906976745 0.08139534883720931 0.1511627906976744 0.046511627906976744
X11002310 0.5581395348837209 0.36046511627906974 0.4418604651162791 0.4069767441860465 0.4069767441860465 0.5348837209302325 0.4069767441860465 0.4418604651162791 0.46511627906976744 0.5348837209302325 0.4069767441860465 0.45348837209302323 0.4069767441860465 0.5116279069767442 0.4883720930232558 0.46511627906976744 0.4418604651162791 0.43023255813953487 0.4069767441860465 0.43023255813953487
X11012310 0.7790697674418605 1.0 0.5465116279069767 0.5465116279069767 0.9767441860465116 0.627906976744186 0.023255813953488372 0.5813953488372093 0.813953488372093 0.7441860465116279 0.7674418604651163 0.7093023255813954 0.23255813953488372 0.6511627906976745 0.5930232558139535 0.10465116279069768 0.7441860465116279 0.38372093023255816 0.313953488372093 0.7906976744186046
X11012610 0.686046511627907 0.813953488372093 0.7558139534883721 0.046511627906976744 0.26744186046511625 0.046511627906976744 0.5 0.7093023255813954 0.12790697674418605 0.43023255813953487 0.7790697674418605 0.11627906976744186 0.5116279069767442 0.6511627906976745 0.10465116279069768 0.7209302325581395 0.4883720930232558 0.27906976744186046 0.6744186046511628 0.32558139534883723
X12013410 0.9069767441860465 0.08139534883720931 0.7790697674418605 0.3953488372093023 0.13953488372093023 0.46511627906976744 0.10465116279069768 0.9186046511627907 0.8837209302325582 0.5930232558139535 0.5232558139534884 0.16279069767441862 0.8604651162790697 0.9069767441860465 1.0 0.6627906976744186 0.05813953488372093 0.4069767441860465 0.46511627906976744 0.046511627906976744
X11013310 0.7325581395348837 0.6511627906976745 0.7674418604651163 0.6511627906976745 0.813953488372093 0.5581395348837209 0.9186046511627907 0.6627906976744186 0.47674418604651164 0.7093023255813954 0.47674418604651164 0.9651162790697675 0.12790697674418605 0.813953488372093 0.1511627906976744 0.6162790697674418 0.9534883720930233 0.43023255813953487 0.4069767441860465 0.6511627906976745
X12012310 0.1511627906976744 0.0 0.7209302325581395 0.8837209302325582 0.6511627906976745 1.0 0.06976744186046512 0.6511627906976745 0.627906976744186 0.1511627906976744 0.9418604651162791 0.627906976744186 0.686046511627907 0.4069767441860465 0.9534883720930233 0.4186046511627907 0.6395348837209303 0.6162790697674418 1.0 0.3953488372093023
X13002310 0.5116279069767442 0.38372093023255816 0.46511627906976744 0.4883720930232558 0.46511627906976744 0.43023255813953487 0.36046511627906974 0.4186046511627907 0.5116279069767442 0.37209302325581395 0.43023255813953487 0.5116279069767442 0.5348837209302325 0.4883720930232558 0.4418604651162791 0.3953488372093023 0.38372093023255816 0.4069767441860465 0.4883720930232558 0.3953488372093023
