X11002301 41.982011556625366 42.22665333747864 42.81149125099182 42.63771605491638 43.13063311576843 42.46189737319946 42.87097525596619 42.845619440078735 43.10040283203125 42.84401893615723 43.4263858795166 43.29466366767883 43.575889348983765 43.126709938049316 43.50643539428711 43.94481587409973 43.741252422332764 43.806681632995605 43.82351803779602 43.93510866165161
X11013410 45.601749658584595 45.58803677558899 46.142165422439575 45.82574534416199 46.410759925842285 45.741803884506226 46.444303035736084 46.29100847244263 46.57108783721924 46.61748266220093 46.79991555213928 46.81084156036377 47.21075105667114 46.68802571296692 47.7119402885437 47.32123827934265 56.92307758331299 51.385942697525024 52.05564904212952 51.647547006607056
X11002310 51.93569040298462 52.09316945075989 52.34770846366882 51.969897985458374 52.03847074508667 51.43016743659973 52.27259635925293 51.92627191543579 52.00901532173157 51.62851309776306 51.834352254867554 51.50645899772644 51.24384570121765 50.81540012359619 51.69362664222717 52.21534442901611 51.84030771255493 51.3823983669281 51.2501015663147 51.1256468296051
X12013610 50.37422728538513 49.854825496673584 50.54871678352356 50.19637060165405 50.71670961380005 50.36679267883301 50.669533014297485 50.92547941207886 51.394214153289795 51.011144161224365 51.817026138305664 51.49323034286499 51.94019436836243 51.322006702423096 52.36038255691528 51.69430446624756 52.42569541931152 51.753323793411255 53.067079067230225 52.45111918449402
X11002310 52.32735991477966 52.00281858444214 52.32820773124695 52.297675132751465 52.458295583724976 52.56210708618164 52.67339754104614 53.156813859939575 52.631760358810425 53.15803527832031 52.95908856391907 53.15559983253479 53.89912509918213 53.512673139572144 53.290851354599 53.41365957260132 53.63960862159729 53.68569779396057 53.85155534744263 53.566253900527954
X11012310 53.52251100540161 53.01612687110901 53.695597887039185 53.70932149887085 54.30813765525818 53.580366373062134 54.08555722236633 53.936525106430054 54.68849754333496 53.68412971496582 54.08812689781189 54.042531967163086 54.064841985702515 53.85777139663696 54.41749596595764 54.24257135391235 54.955230712890625 54.78831696510315 54.993369579315186 54.89006447792053
X11012610 54.85448503494263 54.50619387626648 55.043415546417236 54.7531418800354 55.02671027183533 54.97818422317505 55.67115926742554 55.64354181289673 55.99987030029297 55.90014314651489 56.005873680114746 55.79046964645386 55.89213752746582 55.95465445518494 56.66682052612305 56.54805064201355 56.85297441482544 56.37126874923706 57.083664655685425 56.65174961090088
X12013410 57.10475516319275 56.61268901824951 58.57435369491577 58.03127670288086 57.924145460128784 58.109760999679565 68.93186044692993 61.88610887527466 63.02818202972412 62.320454597473145 63.379194259643555 62.853193044662476 63.07160139083862 62.30151176452637 62.968607902526855 62.605560302734375 63.126227378845215 62.230921268463135 62.40299701690674 62.40635061264038
X11013310 59.33285927772522 59.264875411987305 60.12946653366089 60.221861600875854 60.48846912384033 59.961028814315796 60.65428113937378 60.45951008796692 60.18044400215149 59.76593279838562 60.321759939193726 60.291911602020264 60.80578637123108 60.33322596549988 61.195640087127686 61.514978885650635 61.1272177696228 61.51307702064514 61.484131813049316 60.9194757938385
X12012310 62.13686966896057 61.86357307434082 62.80542993545532 62.44179892539978 63.008766651153564 62.38582682609558 63.22172832489014 63.264270067214966 63.551753759384155 64.06911754608154 64.64437341690063 63.46114230155945 64.26436018943787 63.88908052444458 63.60513114929199 64.75702214241028 64.29715776443481 65.03948950767517 65.16239094734192 65.93180274963379
X13002310 65.82212400436401 66.30573320388794 66.05480289459229 66.55771470069885 66.43967342376709 67.25946307182312 66.63552379608154 67.28857851028442 67.95148921012878 67.41421341896057 67.46137022972107 67.57568502426147 68.24302530288696 68.15997076034546 67.77918028831482 68.28149175643921 68.48677134513855 68.66103339195251 69.14546275138855 68.38543510437012
