X13012310 0.16340621403912542 0.16340621403912542 0.16340621403912542 0.16340621403912542 0.16340621403912542 0.16340621403912542 0.16340621403912542 0.16340621403912542 0.16340621403912542 0.16340621403912542 0.16340621403912542 0.16340621403912542 0.16340621403912542 0.16340621403912542 0.16340621403912542 0.16340621403912542 0.16340621403912542 0.16340621403912542 0.16340621403912542 0.16340621403912542
X12013310 0.16990291262135923 0.16340621403912542 0.16666666666666666 0.16340621403912542 0.16340621403912542 0.16340621403912542 0.16340621403912542 0.16340621403912542 0.16340621403912542 0.16340621403912542 0.16340621403912542 0.16359447004608293 0.16340621403912542 0.16340621403912542 0.16340621403912542 0.16340621403912542 0.16340621403912542 0.16340621403912542 0.16359447004608293 0.16340621403912542
X13012410 0.16340621403912542 0.16340621403912542 0.16340621403912542 0.16340621403912542 0.16340621403912542 0.16340621403912542 0.16340621403912542 0.16340621403912542 0.16340621403912542 0.16340621403912542 0.16340621403912542 0.16340621403912542 0.16340621403912542 0.16340621403912542 0.16340621403912542 0.16340621403912542 0.16340621403912542 0.16340621403912542 0.16340621403912542 0.16340621403912542
X13013610 0.16340621403912542 0.16340621403912542 0.16340621403912542 0.16340621403912542 0.16340621403912542 0.16340621403912542 0.1721212121212121 0.16340621403912542 0.16340621403912542 0.16340621403912542 0.16340621403912542 0.16340621403912542 0.16340621403912542 0.16340621403912542 0.16340621403912542 0.16340621403912542 0.16340621403912542 0.16340621403912542 0.16340621403912542 0.16340621403912542
X12012310 0.16340621403912542 0.16340621403912542 0.16340621403912542 0.16340621403912542 0.16340621403912542 0.16340621403912542 0.16340621403912542 0.16340621403912542 0.16340621403912542 0.16340621403912542 0.16340621403912542 0.16340621403912542 0.16340621403912542 0.16340621403912542 0.16340621403912542 0.16340621403912542 0.16340621403912542 0.16340621403912542 0.16340621403912542 0.16340621403912542
X13013510 0.16340621403912542 0.16340621403912542 0.16340621403912542 0.16340621403912542 0.16340621403912542 0.16340621403912542 0.16340621403912542 0.16340621403912542 0.16340621403912542 0.16340621403912542 0.16340621403912542 0.16340621403912542 0.16340621403912542 0.16340621403912542 0.16340621403912542 0.16340621403912542 0.16340621403912542 0.16340621403912542 0.16340621403912542 0.16340621403912542
X11012610 0.16340621403912542 0.16340621403912542 0.16340621403912542 0.16340621403912542 0.16340621403912542 0.16340621403912542 0.16340621403912542 0.16340621403912542 0.16340621403912542 0.16340621403912542 0.16340621403912542 0.16340621403912542 0.16340621403912542 0.16340621403912542 0.16340621403912542 0.16340621403912542 0.16340621403912542 0.16340621403912542 0.16340621403912542 0.16340621403912542
X13012710 0.16340621403912542 0.16340621403912542 0.16340621403912542 0.16340621403912542 0.16340621403912542 0.16340621403912542 0.16340621403912542 0.16340621403912542 0.16340621403912542 0.16340621403912542 0.16340621403912542 0.16340621403912542 0.16340621403912542 0.16340621403912542 0.16340621403912542 0.16340621403912542 0.16340621403912542 0.16340621403912542 0.16340621403912542 0.16340621403912542
X12013410 0.16340621403912542 0.16340621403912542 0.16340621403912542 0.16359447004608293 0.16340621403912542 0.16340621403912542 0.16340621403912542 0.16340621403912542 0.16340621403912542 0.16340621403912542 0.16340621403912542 0.16340621403912542 0.16340621403912542 0.16340621403912542 0.16340621403912542 0.16340621403912542 0.16340621403912542 0.16340621403912542 0.16340621403912542 0.16340621403912542
X12012610 0.16340621403912542 0.16340621403912542 0.16340621403912542 0.16340621403912542 0.16340621403912542 0.16340621403912542 0.16340621403912542 0.16340621403912542 0.16340621403912542 0.16340621403912542 0.16340621403912542 0.16340621403912542 0.16340621403912542 0.16340621403912542 0.16340621403912542 0.16340621403912542 0.16340621403912542 0.16340621403912542 0.16340621403912542 0.16340621403912542
X12013610 0.16340621403912542 0.16340621403912542 0.16340621403912542 0.16340621403912542 0.1643192488262911 0.16340621403912542 0.16340621403912542 0.16340621403912542 0.16340621403912542 0.16340621403912542 0.16340621403912542 0.16340621403912542 0.16340621403912542 0.16340621403912542 0.16340621403912542 0.16340621403912542 0.16340621403912542 0.16340621403912542 0.16340621403912542 0.16340621403912542
X13013310 0.16340621403912542 0.16340621403912542 0.16340621403912542 0.16340621403912542 0.16340621403912542 0.16340621403912542 0.16340621403912542 0.1645422943221321 0.16945107398568018 0.1658767772511848 0.16340621403912542 0.16340621403912542 0.16340621403912542 0.16340621403912542 0.16340621403912542 0.16340621403912542 0.16340621403912542 0.16340621403912542 0.16340621403912542 0.16340621403912542
X12013710 0.16340621403912542 0.16340621403912542 0.16340621403912542 0.16340621403912542 0.16340621403912542 0.16340621403912542 0.16340621403912542 0.16340621403912542 0.16340621403912542 0.16340621403912542 0.16340621403912542 0.16340621403912542 0.16340621403912542 0.16340621403912542 0.16340621403912542 0.16340621403912542 0.16340621403912542 0.16340621403912542 0.16340621403912542 0.16340621403912542
X12013510 0.16340621403912542 0.1637831603229527 0.16340621403912542 0.16359447004608293 0.1637831603229527 0.16340621403912542 0.16340621403912542 0.16340621403912542 0.16340621403912542 0.16359447004608293 0.16340621403912542 0.16359447004608293 0.16340621403912542 0.16340621403912542 0.16340621403912542 0.16340621403912542 0.16340621403912542 0.16340621403912542 0.16340621403912542 0.16340621403912542
X11013511 0.1645422943221321 0.16346153846153846 0.16340621403912542 0.16222479721900346 0.16340621403912542 0.16184971098265893 0.16340621403912542 0.16745283018867926 0.16340621403912542 0.16340621403912542 0.19047619047619047 0.16340621403912542 0.16340621403912542 0.16340621403912542 0.16359447004608293 0.1631205673758865 0.16928657799274485 0.16340621403912542 0.16340621403912542 0.1492109038737446
X11013610 0.16340621403912542 0.16340621403912542 0.16340621403912542 0.16340621403912542 0.16340621403912542 0.16340621403912542 0.16340621403912542 0.16340621403912542 0.16340621403912542 0.16340621403912542 0.16340621403912542 0.16340621403912542 0.16254416961130744 0.17274939172749393 0.16340621403912542 0.16340621403912542 0.16340621403912542 0.16340621403912542 0.16340621403912542 0.16340621403912542
X12012410 0.16340621403912542 0.16340621403912542 0.16340621403912542 0.16340621403912542 0.16340621403912542 0.16340621403912542 0.16340621403912542 0.16340621403912542 0.16340621403912542 0.16340621403912542 0.16340621403912542 0.16340621403912542 0.16340621403912542 0.16340621403912542 0.16340621403912542 0.16340621403912542 0.16340621403912542 0.16340621403912542 0.16340621403912542 0.16340621403912542
X12012710 0.16340621403912542 0.16340621403912542 0.16340621403912542 0.16340621403912542 0.16340621403912542 0.16340621403912542 0.16340621403912542 0.16340621403912542 0.16340621403912542 0.16340621403912542 0.16340621403912542 0.16340621403912542 0.16340621403912542 0.16340621403912542 0.16340621403912542 0.16340621403912542 0.16340621403912542 0.16340621403912542 0.16340621403912542 0.16340621403912542
X12012510 0.16340621403912542 0.16340621403912542 0.16340621403912542 0.16340621403912542 0.16340621403912542 0.16340621403912542 0.16340621403912542 0.16340621403912542 0.16340621403912542 0.16340621403912542 0.16340621403912542 0.16340621403912542 0.16340621403912542 0.16340621403912542 0.16340621403912542 0.16340621403912542 0.16340621403912542 0.16340621403912542 0.16340621403912542 0.16340621403912542
X11012410 0.16340621403912542 0.16340621403912542 0.16340621403912542 0.16340621403912542 0.16340621403912542 0.16340621403912542 0.16340621403912542 0.16340621403912542 0.16340621403912542 0.16340621403912542 0.16340621403912542 0.16340621403912542 0.16340621403912542 0.16340621403912542 0.16340621403912542 0.16359447004608293 0.16340621403912542 0.16340621403912542 0.16359447004608293 0.16340621403912542
X11002311 0.17574257425742576 0.17509247842170161 0.17576564580559254 0.1881720430107527 0.17789072426937735 0.17348203221809172 0.1808785529715762 0.17952314165497898 0.17368421052631577 0.17834394904458598 0.17661691542288557 0.1735849056603774 0.1652694610778443 0.1847041847041847 0.1846153846153846 0.16608187134502925 0.17206982543640897 0.17647058823529413 0.1825503355704698 0.17565872020075282
X11012310 0.16340621403912542 0.16340621403912542 0.16340621403912542 0.16340621403912542 0.16340621403912542 0.16340621403912542 0.16340621403912542 0.16340621403912542 0.16340621403912542 0.16340621403912542 0.16340621403912542 0.16340621403912542 0.16340621403912542 0.16340621403912542 0.16340621403912542 0.16340621403912542 0.16340621403912542 0.16340621403912542 0.16359447004608293 0.16340621403912542
X11013310 0.16340621403912542 0.16412661195779601 0.16340621403912542 0.16340621403912542 0.16340621403912542 0.16340621403912542 0.1637831603229527 0.16340621403912542 0.16340621403912542 0.16340621403912542 0.16340621403912542 0.16340621403912542 0.16340621403912542 0.16340621403912542 0.16340621403912542 0.16340621403912542 0.16340621403912542 0.16340621403912542 0.16340621403912542 0.16340621403912542
X11012510 0.16340621403912542 0.16340621403912542 0.16340621403912542 0.16340621403912542 0.16340621403912542 0.16340621403912542 0.16340621403912542 0.16340621403912542 0.16340621403912542 0.16340621403912542 0.16340621403912542 0.16340621403912542 0.16340621403912542 0.16340621403912542 0.16340621403912542 0.16340621403912542 0.16340621403912542 0.16340621403912542 0.16340621403912542 0.16340621403912542
X11013510 0.16340621403912542 0.16569428238039674 0.16340621403912542 0.16340621403912542 0.16340621403912542 0.16340621403912542 0.16340621403912542 0.16340621403912542 0.16340621403912542 0.16340621403912542 0.16340621403912542 0.16340621403912542 0.16340621403912542 0.16945107398568018 0.16627634660421547 0.16340621403912542 0.16340621403912542 0.16340621403912542 0.1580246913580247 0.16340621403912542
X11013410 0.16340621403912542 0.16340621403912542 0.16340621403912542 0.16340621403912542 0.16340621403912542 0.16725559481743227 0.16359447004608293 0.16340621403912542 0.16340621403912542 0.16340621403912542 0.16340621403912542 0.16340621403912542 0.16129032258064518 0.16340621403912542 0.16647127784290736 0.16340621403912542 0.16340621403912542 0.16340621403912542 0.16765053128689492 0.16340621403912542
X11002310 0.17391304347826086 0.17423312883435582 0.17543859649122806 0.17608409986859397 0.17806451612903226 0.1768368617683686 0.17571059431524547 0.17108433734939757 0.17424242424242425 0.17731421121251628 0.17994858611825193 0.17058096415327564 0.1820580474934037 0.17783505154639173 0.18369987063389395 0.18229854689564068 0.17401960784313725 0.18302387267904507 0.178117048346056 0.17661691542288557
X11002301 0.18338108882521492 0.1685823754789272 0.17204301075268816 0.1996370235934664 0.1908256880733945 0.18897637795275588 0.19395866454689986 0.18923933209647495 0.18978102189781024 0.20631578947368423 0.17883211678832114 0.19344262295081968 0.17808219178082194 0.22429906542056072 0.08053691275167785 0.19306930693069305 0.18686131386861315 0.18782608695652173 0.1921259842519685 0.1699346405228758
X13002310 0.19104477611940301 0.17484662576687118 0.1924198250728863 0.18018018018018017 0.1958762886597938 0.1812688821752266 0.1751412429378531 0.18181818181818182 0.1791044776119403 0.1815718157181572 0.1896551724137931 0.18529411764705883 0.20183486238532108 0.18457300275482091 0.1733149931224209 0.2040816326530612 0.17727840199750314 0.17983651226158037 0.1786197564276049 0.18256130790190736
