X13012310 0.08897243107769423 0.08897243107769423 0.08897243107769423 0.08897243107769423 0.08897243107769423 0.08897243107769423 0.08897243107769423 0.08897243107769423 0.08897243107769423 0.08897243107769423 0.08897243107769423 0.08897243107769423 0.08897243107769423 0.08897243107769423 0.08897243107769423 0.08897243107769423 0.08897243107769423 0.08897243107769423 0.08897243107769423 0.08897243107769423
X12013310 0.09296148738379814 0.08897243107769423 0.09102730819245773 0.08897243107769423 0.08897243107769423 0.08897243107769423 0.08897243107769423 0.08897243107769423 0.08897243107769423 0.08897243107769423 0.08897243107769423 0.0890840652446675 0.08897243107769423 0.08897243107769423 0.08897243107769423 0.08897243107769423 0.08897243107769423 0.08897243107769423 0.0890840652446675 0.08897243107769423
X13012410 0.08897243107769423 0.08897243107769423 0.08897243107769423 0.08897243107769423 0.08897243107769423 0.08897243107769423 0.08897243107769423 0.08897243107769423 0.08897243107769423 0.08897243107769423 0.08897243107769423 0.08897243107769423 0.08897243107769423 0.08897243107769423 0.08897243107769423 0.08897243107769423 0.08897243107769423 0.08897243107769423 0.08897243107769423 0.08897243107769423
X13013610 0.08897243107769423 0.08897243107769423 0.08897243107769423 0.08897243107769423 0.08897243107769423 0.08897243107769423 0.09416445623342175 0.08897243107769423 0.08897243107769423 0.08897243107769423 0.08897243107769423 0.08897243107769423 0.08897243107769423 0.08897243107769423 0.08897243107769423 0.08897243107769423 0.08897243107769423 0.08897243107769423 0.08897243107769423 0.08897243107769423
X12012310 0.08897243107769423 0.08897243107769423 0.08897243107769423 0.08897243107769423 0.08897243107769423 0.08897243107769423 0.08897243107769423 0.08897243107769423 0.08897243107769423 0.08897243107769423 0.08897243107769423 0.08897243107769423 0.08897243107769423 0.08897243107769423 0.08897243107769423 0.08897243107769423 0.08897243107769423 0.08897243107769423 0.08897243107769423 0.08897243107769423
X13013510 0.08897243107769423 0.08897243107769423 0.08897243107769423 0.08897243107769423 0.08897243107769423 0.08897243107769423 0.08897243107769423 0.08897243107769423 0.08897243107769423 0.08897243107769423 0.08897243107769423 0.08897243107769423 0.08897243107769423 0.08897243107769423 0.08897243107769423 0.08897243107769423 0.08897243107769423 0.08897243107769423 0.08897243107769423 0.08897243107769423
X11012610 0.08897243107769423 0.08897243107769423 0.08897243107769423 0.08897243107769423 0.08897243107769423 0.08897243107769423 0.08897243107769423 0.08897243107769423 0.08897243107769423 0.08897243107769423 0.08897243107769423 0.08897243107769423 0.08897243107769423 0.08897243107769423 0.08897243107769423 0.08897243107769423 0.08897243107769423 0.08897243107769423 0.08897243107769423 0.08897243107769423
X13012710 0.08897243107769423 0.08897243107769423 0.08897243107769423 0.08897243107769423 0.08897243107769423 0.08897243107769423 0.08897243107769423 0.08897243107769423 0.08897243107769423 0.08897243107769423 0.08897243107769423 0.08897243107769423 0.08897243107769423 0.08897243107769423 0.08897243107769423 0.08897243107769423 0.08897243107769423 0.08897243107769423 0.08897243107769423 0.08897243107769423
X12013410 0.08897243107769423 0.08897243107769423 0.08897243107769423 0.0890840652446675 0.08897243107769423 0.08897243107769423 0.08897243107769423 0.08897243107769423 0.08897243107769423 0.08897243107769423 0.08897243107769423 0.08897243107769423 0.08897243107769423 0.08897243107769423 0.08897243107769423 0.08897243107769423 0.08897243107769423 0.08897243107769423 0.08897243107769423 0.08897243107769423
X12012610 0.08897243107769423 0.08897243107769423 0.08897243107769423 0.08897243107769423 0.08897243107769423 0.08897243107769423 0.08897243107769423 0.08897243107769423 0.08897243107769423 0.08897243107769423 0.08897243107769423 0.08897243107769423 0.08897243107769423 0.08897243107769423 0.08897243107769423 0.08897243107769423 0.08897243107769423 0.08897243107769423 0.08897243107769423 0.08897243107769423
X12013610 0.08897243107769423 0.08897243107769423 0.08897243107769423 0.08897243107769423 0.08962868117797695 0.08897243107769423 0.08897243107769423 0.08897243107769423 0.08897243107769423 0.08897243107769423 0.08897243107769423 0.08897243107769423 0.08897243107769423 0.08897243107769423 0.08897243107769423 0.08897243107769423 0.08897243107769423 0.08897243107769423 0.08897243107769423 0.08897243107769423
X13013310 0.08897243107769423 0.08897243107769423 0.08897243107769423 0.08897243107769423 0.08897243107769423 0.08897243107769423 0.08897243107769423 0.08964646464646464 0.09256844850065189 0.09055627425614489 0.08897243107769423 0.08897243107769423 0.08897243107769423 0.08897243107769423 0.08897243107769423 0.08897243107769423 0.08897243107769423 0.08897243107769423 0.08897243107769423 0.08897243107769423
X12013710 0.08897243107769423 0.08897243107769423 0.08897243107769423 0.08897243107769423 0.08897243107769423 0.08897243107769423 0.08897243107769423 0.08897243107769423 0.08897243107769423 0.08897243107769423 0.08897243107769423 0.08897243107769423 0.08897243107769423 0.08897243107769423 0.08897243107769423 0.08897243107769423 0.08897243107769423 0.08897243107769423 0.08897243107769423 0.08897243107769423
X12013510 0.08897243107769423 0.08919597989949749 0.08897243107769423 0.0890840652446675 0.08919597989949749 0.08897243107769423 0.08897243107769423 0.08897243107769423 0.08897243107769423 0.0890840652446675 0.08897243107769423 0.0890840652446675 0.08897243107769423 0.08897243107769423 0.08897243107769423 0.08897243107769423 0.08897243107769423 0.08897243107769423 0.08897243107769423 0.08897243107769423
X11013511 0.08964646464646464 0.08935611038107753 0.08897243107769423 0.08838383838383838 0.08897243107769423 0.08816120906801007 0.08897243107769423 0.09137709137709138 0.08897243107769423 0.08897243107769423 0.11585365853658537 0.08897243107769423 0.08897243107769423 0.08897243107769423 0.0890840652446675 0.08903225806451613 0.09259259259259259 0.08897243107769423 0.08897243107769423 0.08306709265175719
X11013610 0.08897243107769423 0.08897243107769423 0.08897243107769423 0.08897243107769423 0.08897243107769423 0.08897243107769423 0.08897243107769423 0.08897243107769423 0.08897243107769423 0.08897243107769423 0.08897243107769423 0.08897243107769423 0.08868894601542417 0.09454061251664447 0.08897243107769423 0.08897243107769423 0.08897243107769423 0.08897243107769423 0.08897243107769423 0.08897243107769423
X12012410 0.08897243107769423 0.08897243107769423 0.08897243107769423 0.08897243107769423 0.08897243107769423 0.08897243107769423 0.08897243107769423 0.08897243107769423 0.08897243107769423 0.08897243107769423 0.08897243107769423 0.08897243107769423 0.08897243107769423 0.08897243107769423 0.08897243107769423 0.08897243107769423 0.08897243107769423 0.08897243107769423 0.08897243107769423 0.08897243107769423
X12012710 0.08897243107769423 0.08897243107769423 0.08897243107769423 0.08897243107769423 0.08897243107769423 0.08897243107769423 0.08897243107769423 0.08897243107769423 0.08897243107769423 0.08897243107769423 0.08897243107769423 0.08897243107769423 0.08897243107769423 0.08897243107769423 0.08897243107769423 0.08897243107769423 0.08897243107769423 0.08897243107769423 0.08897243107769423 0.08897243107769423
X12012510 0.08897243107769423 0.08897243107769423 0.08897243107769423 0.08897243107769423 0.08897243107769423 0.08897243107769423 0.08897243107769423 0.08897243107769423 0.08897243107769423 0.08897243107769423 0.08897243107769423 0.08897243107769423 0.08897243107769423 0.08897243107769423 0.08897243107769423 0.08897243107769423 0.08897243107769423 0.08897243107769423 0.08897243107769423 0.08897243107769423
X11012410 0.08897243107769423 0.08897243107769423 0.08897243107769423 0.08897243107769423 0.08897243107769423 0.08897243107769423 0.08897243107769423 0.08897243107769423 0.08897243107769423 0.08897243107769423 0.08897243107769423 0.08897243107769423 0.08897243107769423 0.08897243107769423 0.08897243107769423 0.0890840652446675 0.08897243107769423 0.08897243107769423 0.0890840652446675 0.08897243107769423
X11002311 0.09633649932157395 0.09594594594594595 0.09705882352941177 0.10401188707280833 0.09776536312849161 0.09510869565217392 0.09957325746799431 0.09968847352024922 0.09579100145137881 0.09803921568627451 0.09686221009549795 0.09530386740331492 0.09031413612565445 0.10289389067524116 0.10248447204968944 0.09056122448979592 0.09439124487004104 0.0970464135021097 0.10089020771513353 0.09641873278236915
X11012310 0.08897243107769423 0.08897243107769423 0.08897243107769423 0.08897243107769423 0.08897243107769423 0.08897243107769423 0.08897243107769423 0.08897243107769423 0.08897243107769423 0.08897243107769423 0.08897243107769423 0.08897243107769423 0.08897243107769423 0.08897243107769423 0.08897243107769423 0.08897243107769423 0.08897243107769423 0.08897243107769423 0.0890840652446675 0.08897243107769423
X11013310 0.08897243107769423 0.08951406649616368 0.08897243107769423 0.08897243107769423 0.08897243107769423 0.08897243107769423 0.08919597989949749 0.08897243107769423 0.08897243107769423 0.08897243107769423 0.08897243107769423 0.08897243107769423 0.08897243107769423 0.08897243107769423 0.08897243107769423 0.08897243107769423 0.08897243107769423 0.08897243107769423 0.08897243107769423 0.08897243107769423
X11012510 0.08897243107769423 0.08897243107769423 0.08897243107769423 0.08897243107769423 0.08897243107769423 0.08897243107769423 0.08897243107769423 0.08897243107769423 0.08897243107769423 0.08897243107769423 0.08897243107769423 0.08897243107769423 0.08897243107769423 0.08897243107769423 0.08897243107769423 0.08897243107769423 0.08897243107769423 0.08897243107769423 0.08897243107769423 0.08897243107769423
X11013510 0.08897243107769423 0.09033078880407125 0.08897243107769423 0.08897243107769423 0.08897243107769423 0.08897243107769423 0.08897243107769423 0.08897243107769423 0.08897243107769423 0.08897243107769423 0.08897243107769423 0.08897243107769423 0.08897243107769423 0.09256844850065189 0.09067688378033206 0.08897243107769423 0.08897243107769423 0.08897243107769423 0.08660351826792964 0.08897243107769423
X11013410 0.08897243107769423 0.08897243107769423 0.08897243107769423 0.08897243107769423 0.08897243107769423 0.09125964010282776 0.0890840652446675 0.08897243107769423 0.08897243107769423 0.08897243107769423 0.08897243107769423 0.08897243107769423 0.08782936010037641 0.08897243107769423 0.0907928388746803 0.08897243107769423 0.08897243107769423 0.08897243107769423 0.09149484536082474 0.08897243107769423
X11002310 0.09593023255813954 0.09543010752688172 0.09628610729023383 0.09710144927536232 0.09801136363636363 0.09699453551912568 0.09672830725462304 0.09354413702239789 0.0957004160887656 0.09770114942528736 0.09900990099009901 0.09349593495934959 0.10043668122270742 0.09787234042553192 0.10113960113960115 0.10058309037900874 0.0953020134228188 0.10102489019033675 0.0979020979020979 0.09686221009549795
X11002301 0.10207336523125997 0.11578947368421053 0.0950965824665676 0.11458333333333333 0.10970464135021098 0.10638297872340426 0.10931899641577061 0.10897435897435898 0.1090146750524109 0.12128712871287128 0.10272536687631027 0.10946196660482375 0.09863429438543247 0.144 0.07692307692307693 0.11711711711711711 0.10423452768729642 0.10714285714285714 0.10815602836879433 0.11063829787234042
X13002310 0.10684474123539232 0.0981067125645439 0.1073170731707317 0.09915014164305949 0.11154598825831702 0.10152284263959391 0.09733124018838304 0.10110584518167456 0.0990990990990991 0.10044977511244378 0.1056 0.10344827586206896 0.11320754716981132 0.10229007633587786 0.09603658536585366 0.11605415860735009 0.09726027397260274 0.09954751131221719 0.09880239520958084 0.10105580693815988
