X13012310 1.0 1.0 1.0 1.0 1.0 1.0 1.0 1.0 1.0 1.0 1.0 1.0 1.0 1.0 1.0 1.0 1.0 1.0 1.0 1.0
X12013310 0.9859154929577465 1.0 0.9859154929577465 1.0 1.0 1.0 1.0 1.0 1.0 1.0 1.0 1.0 1.0 1.0 1.0 1.0 1.0 1.0 1.0 1.0
X13012410 1.0 1.0 1.0 1.0 1.0 1.0 1.0 1.0 1.0 1.0 1.0 1.0 1.0 1.0 1.0 1.0 1.0 1.0 1.0 1.0
X13013610 1.0 1.0 1.0 1.0 1.0 1.0 1.0 1.0 1.0 1.0 1.0 1.0 1.0 1.0 1.0 1.0 1.0 1.0 1.0 1.0
X12012310 1.0 1.0 1.0 1.0 1.0 1.0 1.0 1.0 1.0 1.0 1.0 1.0 1.0 1.0 1.0 1.0 1.0 1.0 1.0 1.0
X13013510 1.0 1.0 1.0 1.0 1.0 1.0 1.0 1.0 1.0 1.0 1.0 1.0 1.0 1.0 1.0 1.0 1.0 1.0 1.0 1.0
X11012610 1.0 1.0 1.0 1.0 1.0 1.0 1.0 1.0 1.0 1.0 1.0 1.0 1.0 1.0 1.0 1.0 1.0 1.0 1.0 1.0
X13012710 1.0 1.0 1.0 1.0 1.0 1.0 1.0 1.0 1.0 1.0 1.0 1.0 1.0 1.0 1.0 1.0 1.0 1.0 1.0 1.0
X12013410 1.0 1.0 1.0 1.0 1.0 1.0 1.0 1.0 1.0 1.0 1.0 1.0 1.0 1.0 1.0 1.0 1.0 1.0 1.0 1.0
X12012610 1.0 1.0 1.0 1.0 1.0 1.0 1.0 1.0 1.0 1.0 1.0 1.0 1.0 1.0 1.0 1.0 1.0 1.0 1.0 1.0
X12013610 1.0 1.0 1.0 1.0 0.9859154929577465 1.0 1.0 1.0 1.0 1.0 1.0 1.0 1.0 1.0 1.0 1.0 1.0 1.0 1.0 1.0
X13013310 1.0 1.0 1.0 1.0 1.0 1.0 1.0 1.0 1.0 0.9859154929577465 1.0 1.0 1.0 1.0 1.0 1.0 1.0 1.0 1.0 1.0
X12013710 1.0 1.0 1.0 1.0 1.0 1.0 1.0 1.0 1.0 1.0 1.0 1.0 1.0 1.0 1.0 1.0 1.0 1.0 1.0 1.0
X12013510 1.0 1.0 1.0 1.0 1.0 1.0 1.0 1.0 1.0 1.0 1.0 1.0 1.0 1.0 1.0 1.0 1.0 1.0 1.0 1.0
X11013511 1.0 0.9577464788732394 1.0 0.9859154929577465 1.0 0.9859154929577465 1.0 1.0 1.0 1.0 0.5352112676056338 1.0 1.0 1.0 1.0 0.971830985915493 0.9859154929577465 1.0 1.0 0.7323943661971831
X11013610 1.0 1.0 1.0 1.0 1.0 1.0 1.0 1.0 1.0 1.0 1.0 1.0 0.971830985915493 1.0 1.0 1.0 1.0 1.0 1.0 1.0
X12012410 1.0 1.0 1.0 1.0 1.0 1.0 1.0 1.0 1.0 1.0 1.0 1.0 1.0 1.0 1.0 1.0 1.0 1.0 1.0 1.0
X12012710 1.0 1.0 1.0 1.0 1.0 1.0 1.0 1.0 1.0 1.0 1.0 1.0 1.0 1.0 1.0 1.0 1.0 1.0 1.0 1.0
X12012510 1.0 1.0 1.0 1.0 1.0 1.0 1.0 1.0 1.0 1.0 1.0 1.0 1.0 1.0 1.0 1.0 1.0 1.0 1.0 1.0
X11012410 1.0 1.0 1.0 1.0 1.0 1.0 1.0 1.0 1.0 1.0 1.0 1.0 1.0 1.0 1.0 1.0 1.0 1.0 1.0 1.0
X11002311 1.0 1.0 0.9295774647887324 0.9859154929577465 0.9859154929577465 0.9859154929577465 0.9859154929577465 0.9014084507042254 0.9295774647887324 0.9859154929577465 1.0 0.971830985915493 0.971830985915493 0.9014084507042254 0.9295774647887324 1.0 0.971830985915493 0.971830985915493 0.9577464788732394 0.9859154929577465
X11012310 1.0 1.0 1.0 1.0 1.0 1.0 1.0 1.0 1.0 1.0 1.0 1.0 1.0 1.0 1.0 1.0 1.0 1.0 1.0 1.0
X11013310 1.0 0.9859154929577465 1.0 1.0 1.0 1.0 1.0 1.0 1.0 1.0 1.0 1.0 1.0 1.0 1.0 1.0 1.0 1.0 1.0 1.0
X11012510 1.0 1.0 1.0 1.0 1.0 1.0 1.0 1.0 1.0 1.0 1.0 1.0 1.0 1.0 1.0 1.0 1.0 1.0 1.0 1.0
X11013510 1.0 1.0 1.0 1.0 1.0 1.0 1.0 1.0 1.0 1.0 1.0 1.0 1.0 1.0 1.0 1.0 1.0 1.0 0.9014084507042254 1.0
X11013410 1.0 1.0 1.0 1.0 1.0 1.0 1.0 1.0 1.0 1.0 1.0 1.0 0.9859154929577465 1.0 1.0 1.0 1.0 1.0 1.0 1.0
X11002310 0.9295774647887324 1.0 0.9859154929577465 0.9436619718309859 0.971830985915493 1.0 0.9577464788732394 1.0 0.971830985915493 0.9577464788732394 0.9859154929577465 0.971830985915493 0.971830985915493 0.971830985915493 1.0 0.971830985915493 1.0 0.971830985915493 0.9859154929577465 1.0
X11002301 0.9014084507042254 0.30985915492957744 0.9014084507042254 0.7746478873239436 0.7323943661971831 0.8450704225352113 0.8591549295774648 0.7183098591549296 0.7323943661971831 0.6901408450704225 0.6901408450704225 0.8309859154929577 0.9154929577464789 0.5070422535211268 0.08450704225352113 0.5492957746478874 0.9014084507042254 0.7605633802816901 0.8591549295774648 0.36619718309859156
X13002310 0.9014084507042254 0.8028169014084507 0.9295774647887324 0.9859154929577465 0.8028169014084507 0.8450704225352113 0.8732394366197183 0.9014084507042254 0.9295774647887324 0.9436619718309859 0.9295774647887324 0.8873239436619719 0.9295774647887324 0.9436619718309859 0.8873239436619719 0.8450704225352113 1.0 0.9295774647887324 0.9295774647887324 0.9436619718309859
