X13012310 17.0645170211792 17.489474773406982 17.454692125320435 17.644230842590332 18.303340196609497 17.987873792648315 18.146525859832764 18.228315830230713 18.518298387527466 18.885991096496582 18.77925205230713 19.24072003364563 19.711439609527588 19.750851154327393 19.6838161945343 20.055470943450928 20.224678993225098 20.37320613861084 20.599639654159546 21.203351736068726
X12013310 20.284670114517212 20.307425022125244 20.3713858127594 20.453115701675415 20.777377128601074 20.896005630493164 21.274680614471436 21.765090942382812 21.429320335388184 21.742321491241455 21.82053518295288 21.89828872680664 22.3155038356781 22.144818544387817 22.40299892425537 22.719138145446777 22.723361015319824 23.172679662704468 23.297990798950195 23.275404691696167
X13012410 24.910648345947266 25.06291675567627 25.244717597961426 25.68772006034851 25.874106645584106 26.030073642730713 26.689324855804443 26.49964690208435 26.897881269454956 26.862992763519287 27.130144357681274 27.24471926689148 27.53659677505493 27.934430360794067 27.819042921066284 27.986765384674072 28.21710729598999 28.666338205337524 28.913240671157837 28.86105751991272
X13013610 29.266350984573364 29.657773971557617 30.154606342315674 29.99045491218567 30.17843222618103 30.415616273880005 30.63690447807312 30.840827226638794 30.959216594696045 31.95413899421692 31.371498823165894 31.727741718292236 31.834511518478394 32.123321533203125 32.1121289730072 32.3288300037384 32.54203009605408 32.82792592048645 32.97497606277466 33.550763845443726
X12012310 32.10709500312805 32.10779404640198 32.55202603340149 32.507529973983765 32.52239227294922 32.59904074668884 32.81640124320984 33.56713390350342 33.24544048309326 33.37756323814392 33.65174865722656 33.92582821846008 34.193400621414185 34.169899463653564 34.43292260169983 34.694817304611206 34.63402962684631 34.58613729476929 35.0430850982666 34.92508339881897
X13013510 36.735207319259644 36.962647914886475 36.9903826713562 37.0940055847168 37.62286853790283 37.48249292373657 37.78641891479492 38.138630390167236 38.21627116203308 38.45725131034851 38.62610054016113 38.95134115219116 38.82856583595276 39.19935989379883 39.412477254867554 39.73907780647278 39.95671486854553 40.09161710739136 40.46175193786621 40.350016832351685
X11012610 38.29232931137085 38.60424757003784 38.61972236633301 38.778355836868286 38.971492767333984 39.218642711639404 39.186328649520874 39.426841020584106 39.808566093444824 39.88824772834778 39.75168251991272 39.94024968147278 40.34238147735596 40.0968701839447 40.11436104774475 40.48519444465637 40.545602798461914 40.94640374183655 42.09118986129761 41.33359694480896
X13012710 44.22659134864807 44.243587255477905 44.26146364212036 44.3914635181427 44.468453884124756 44.733317136764526 45.349282026290894 45.093990087509155 45.67090916633606 45.70711541175842 45.54976797103882 45.76416778564453 46.06123900413513 46.10432052612305 45.9952507019043 46.30252170562744 46.47189021110535 46.60224509239197 46.4890193939209 46.9823682308197
X12013410 46.23479866981506 46.38250231742859 46.25579833984375 46.68013668060303 46.97010016441345 46.719013929367065 46.720773458480835 47.150490522384644 47.4318151473999 47.41177487373352 47.48507213592529 47.51342511177063 47.85554838180542 47.77612090110779 47.91685104370117 48.14444327354431 47.896427154541016 48.07721471786499 48.60307240486145 48.76601576805115
X12012610 48.8460168838501 48.50303268432617 49.46651649475098 49.51734137535095 49.942248821258545 49.71268367767334 49.98708415031433 49.88708567619324 50.16111397743225 50.48806381225586 50.754284620285034 50.44103646278381 50.54292273521423 50.712327003479004 51.00166082382202 51.0753390789032 50.99190092086792 51.15493631362915 51.368300676345825 51.63040852546692
X12013610 51.48505425453186 51.81013083457947 51.850398778915405 52.04443717002869 52.3011200428009 52.28262495994568 52.389768838882446 52.10063362121582 52.856027603149414 52.793678760528564 52.47940158843994 52.65108108520508 53.04283785820007 52.89539408683777 53.21085238456726 53.29124927520752 53.26767349243164 53.443246841430664 53.491945028305054 53.73941159248352
X13013310 55.92814564704895 55.93245530128479 55.86506009101868 56.246593713760376 56.37664198875427 56.515578508377075 56.30130457878113 57.27162432670593 57.117223024368286 57.31817030906677 57.25842213630676 57.6243793964386 57.71904754638672 57.53241753578186 57.97402787208557 58.29641056060791 58.53274655342102 58.379653453826904 58.83959603309631 58.896010875701904
X12013710 58.53205919265747 58.306601762771606 58.517430543899536 58.72640419006348 58.63667154312134 58.841959714889526 59.064677000045776 59.56278657913208 59.54631996154785 59.6014518737793 59.65749478340149 59.77760934829712 59.84892392158508 60.23882436752319 60.39824628829956 60.41998744010925 60.148292779922485 60.52532720565796 60.421897411346436 60.82470965385437
X12013510 61.24761366844177 61.60973572731018 61.299495458602905 61.36980724334717 61.79187631607056 61.6044225692749 62.009111166000366 61.864370346069336 61.77434515953064 61.69958734512329 61.62731623649597 62.03900694847107 62.177218437194824 62.6235773563385 62.3216335773468 62.86441493034363 63.219356536865234 63.57964587211609 63.69869136810303 63.7720685005188
X11013511 5.603823661804199 5.364928960800171 5.684159278869629 5.830125570297241 5.642148971557617 6.082792043685913 6.204725503921509 7.028443336486816 6.834212779998779 7.0909624099731445 7.298529386520386 7.188417911529541 7.382042407989502 6.75991678237915 6.829470157623291 6.753305912017822 7.324000120162964 7.739300727844238 8.358553171157837 8.279218673706055
X11013610 9.169366598129272 9.138671159744263 8.521810293197632 8.915995836257935 8.969925880432129 9.898070812225342 9.054733991622925 9.2965247631073 8.851156234741211 9.142374038696289 8.726072788238525 8.548615217208862 9.10397219657898 9.787707567214966 10.015858888626099 9.311899662017822 9.216144800186157 9.723746538162231 9.628349781036377 9.721140146255493
X12012410 10.378361701965332 11.572486162185669 10.893638849258423 11.028581142425537 10.931223630905151 11.180921077728271 11.299247741699219 11.999604940414429 11.716315746307373 13.261655569076538 13.408741474151611 13.842111110687256 12.610041379928589 12.322252988815308 14.101163387298584 12.642999649047852 12.727004051208496 13.07021713256836 12.6683030128479 15.46188735961914
X12012710 13.580811500549316 13.431650638580322 13.515745162963867 13.742578506469727 13.911073446273804 13.92664647102356 14.405700922012329 16.592958211898804 14.429650068283081 14.782587766647339 15.90372347831726 14.921599864959717 14.786698341369629 15.027917623519897 15.216004371643066 15.477152347564697 15.621471405029297 16.20379400253296 15.957962989807129 16.21187710762024
X12012510 16.610272884368896 16.70099377632141 16.502004861831665 16.711719274520874 17.90987253189087 16.92448663711548 17.32965922355652 17.395678520202637 20.088266372680664 20.193511962890625 17.921304941177368 17.758959531784058 20.686928272247314 18.29466438293457 18.376015424728394 19.996403217315674 18.46834921836853 18.851491689682007 20.016117572784424 19.56415319442749
X11012410 19.462007761001587 19.21128225326538 19.735276699066162 21.721267461776733 19.345932245254517 19.435115337371826 19.529623985290527 19.502782583236694 20.0603187084198 20.07525658607483 20.576284170150757 20.19169855117798 20.173795461654663 21.08606219291687 20.643067121505737 20.81422185897827 21.744349002838135 21.99122452735901 24.652265548706055 21.047871351242065
X11002311 21.9280047416687 22.32101607322693 22.269776344299316 25.349280834197998 21.81014108657837 26.248193740844727 22.75590991973877 22.857035875320435 22.87337327003479 22.985481023788452 23.30509638786316 24.068727016448975 23.786447286605835 24.493022441864014 23.306949615478516 24.096435070037842 24.402607440948486 23.778651475906372 23.7948215007782 24.066112279891968
X11012310 24.24585771560669 24.285996198654175 27.598438024520874 24.820980310440063 25.152968168258667 24.741138696670532 28.89372420310974 24.972283840179443 25.69289755821228 26.316173553466797 26.41563606262207 30.435359716415405 26.179278135299683 27.52716827392578 26.526905298233032 29.563021898269653 25.44735288619995 29.82918620109558 25.839867115020752 25.70632290840149
X11013310 30.544259786605835 26.486324310302734 26.365373134613037 26.900789976119995 26.49041509628296 27.935124397277832 27.1188645362854 26.651814222335815 28.32848024368286 27.562060594558716 27.092647314071655 27.535651445388794 32.107231855392456 27.828686475753784 27.97642707824707 30.82753014564514 29.24465322494507 28.282631874084473 27.992430210113525 28.55747365951538
X11012510 30.021740198135376 29.471400022506714 29.08621644973755 29.029524326324463 29.87310004234314 30.769386768341064 30.975792169570923 35.583086013793945 30.686051607131958 31.3937566280365 31.398584604263306 31.76217246055603 31.33256983757019 30.681354522705078 36.60641622543335 31.41154932975769 31.271504163742065 31.507169723510742 31.452881574630737 31.24447774887085
X11013510 32.51801061630249 31.30053997039795 32.72071170806885 32.51690340042114 33.86410188674927 32.12884306907654 32.436224699020386 32.50043725967407 32.916945934295654 33.733041524887085 33.07150101661682 40.06256580352783 34.36396074295044 34.0441792011261 33.681103229522705 33.40623593330383 40.340179443359375 36.065813064575195 34.60533952713013 35.953874588012695
X11013410 34.96840691566467 35.23842525482178 38.12777876853943 38.827364921569824 36.681217432022095 38.04761242866516 35.869869232177734 36.1197144985199 35.231637716293335 35.057037353515625 36.94567108154297 37.01546096801758 37.73798418045044 37.11855912208557 36.581443309783936 36.13748383522034 36.087753772735596 37.3537871837616 36.787108421325684 39.06378364562988
X11002310 37.078152656555176 36.90112566947937 39.06440544128418 37.53463339805603 37.358074426651 39.53593635559082 39.0216863155365 36.61805963516235 36.734922647476196 38.1823296546936 36.71172642707825 37.397873878479004 37.75274443626404 39.270899295806885 37.3500030040741 40.422396659851074 37.58784461021423 39.34807562828064 38.4969265460968 38.964038133621216
X11002301 26.03374743461609 32.98662447929382 25.856731414794922 25.67288303375244 25.794198274612427 26.699570417404175 26.015828371047974 27.364085912704468 26.940154552459717 33.75413131713867 26.524579286575317 26.49087953567505 26.605316400527954 26.710034608840942 26.65167212486267 34.737361907958984 27.03203773498535 27.00785803794861 32.58049821853638 30.6548752784729
X13002310 41.469977617263794 44.22741675376892 45.70669913291931 44.54408884048462 45.386252880096436 45.564815282821655 44.85412669181824 44.584816694259644 46.38776254653931 48.14540076255798 50.05253887176514 48.665130376815796 51.18890357017517 45.093266248703 45.60971808433533 46.08635091781616 50.140249252319336 52.61256289482117 47.73647665977478 52.91548156738281
