X13012310 0.12328767123287672 0.12328767123287672 0.12328767123287672 0.20077220077220076 0.12328767123287672 0.12328767123287672 0.12328767123287672 0.15894039735099338 0.12328767123287672 0.12328767123287672 0.15488215488215487 0.11981566820276497 0.15476190476190477 0.1780821917808219 0.12328767123287672 0.12328767123287672 0.12328767123287672 0.12328767123287672 0.12328767123287672 0.1108433734939759
X12013310 0.21645021645021648 0.12328767123287672 0.17307692307692307 0.14713896457765668 0.19157088122605365 0.211864406779661 0.1643835616438356 0.12037037037037039 0.12834224598930483 0.12234042553191488 0.12328767123287672 0.20967741935483872 0.12328767123287672 0.12328767123287672 0.1984126984126984 0.14492753623188404 0.12328767123287672 0.12377850162866448 0.13968253968253969 0.12048192771084336
X13012410 0.12328767123287672 0.1238532110091743 0.12328767123287672 0.12410501193317423 0.12328767123287672 0.12328767123287672 0.12328767123287672 0.12328767123287672 0.12328767123287672 0.12264150943396225 0.12328767123287672 0.12328767123287672 0.12328767123287672 0.12149532710280372 0.12328767123287672 0.12328767123287672 0.12328767123287672 0.12328767123287672 0.1388888888888889 0.12328767123287672
X13013610 0.12328767123287672 0.19708029197080293 0.14330218068535827 0.11926605504587155 0.16413373860182373 0.12328767123287672 0.12328767123287672 0.17647058823529413 0.12328767123287672 0.12064965197215778 0.15737704918032785 0.12328767123287672 0.18450184501845018 0.12328767123287672 0.12328767123287672 0.11358024691358024 0.15282392026578073 0.17999999999999997 0.12328767123287672 0.12328767123287672
X12012310 0.12328767123287672 0.16071428571428573 0.12328767123287672 0.12328767123287672 0.12328767123287672 0.12328767123287672 0.13836477987421383 0.1409214092140921 0.12328767123287672 0.12735849056603776 0.12121212121212122 0.12328767123287672 0.12328767123287672 0.08421052631578947 0.12328767123287672 0.1024390243902439 0.12206572769953052 0.12328767123287672 0.12328767123287672 0.11085450346420321
X13013510 0.1381074168797954 0.05504587155963303 0.09975062344139651 0.12328767123287672 0.1108433734939759 0.10026385224274408 0.14482758620689656 0.12328767123287672 0.11981566820276497 0.12328767123287672 0.12328767123287672 0.1452991452991453 0.08923884514435695 0.09925558312655088 0.08767123287671233 0.15141955835962145 0.1171875 0.09595959595959597 0.12328767123287672 0.12328767123287672
X11012610 0.13714285714285715 0.128686327077748 0.1293800539083558 0.12529002320185614 0.12568306010928962 0.16352201257861634 0.12328767123287672 0.14285714285714285 0.12328767123287672 0.12328767123287672 0.12090680100755669 0.13138686131386862 0.12955465587044535 0.13866666666666666 0.13538461538461538 0.12328767123287672 0.12328767123287672 0.1647940074906367 0.08740359897172235 0.15434083601286172
X13012710 0.14409221902017288 0.12328767123287672 0.1182033096926714 0.12328767123287672 0.14159292035398233 0.1238532110091743 0.12328767123287672 0.12328767123287672 0.125 0.12328767123287672 0.12328767123287672 0.15584415584415584 0.12328767123287672 0.12328767123287672 0.12328767123287672 0.12328767123287672 0.12077294685990338 0.13927576601671313 0.12328767123287672 0.12328767123287672
X12013410 0.15107913669064746 0.12328767123287672 0.12328767123287672 0.12328767123287672 0.10551558752997602 0.1296928327645051 0.15384615384615385 0.12413793103448276 0.12328767123287672 0.12328767123287672 0.15015015015015015 0.12328767123287672 0.12316715542521994 0.12328767123287672 0.19704433497536944 0.13333333333333333 0.16778523489932887 0.15384615384615385 0.20388349514563106 0.11574074074074074
X12012610 0.1636363636363636 0.12328767123287672 0.12328767123287672 0.12328767123287672 0.10501193317422433 0.14189189189189189 0.12328767123287672 0.13577023498694518 0.12356979405034325 0.12177985948477751 0.12328767123287672 0.16666666666666669 0.12328767123287672 0.12587412587412586 0.12037037037037039 0.1488095238095238 0.12328767123287672 0.12328767123287672 0.12328767123287672 0.12328767123287672
X12013610 0.12037037037037039 0.12328767123287672 0.16774193548387095 0.17088607594936708 0.117096018735363 0.12328767123287672 0.2195121951219512 0.12328767123287672 0.12328767123287672 0.12077294685990338 0.15297450424929177 0.12529002320185614 0.10526315789473684 0.12328767123287672 0.1803921568627451 0.12328767123287672 0.12328767123287672 0.1625441696113074 0.11682242990654207 0.12254901960784315
X13013310 0.12328767123287672 0.12328767123287672 0.18685121107266436 0.12328767123287672 0.13372093023255816 0.20883534136546184 0.2074688796680498 0.15882352941176472 0.12328767123287672 0.12328767123287672 0.147239263803681 0.1656441717791411 0.12328767123287672 0.12972972972972974 0.13142857142857142 0.12328767123287672 0.18348623853211007 0.12328767123287672 0.14545454545454545 0.12328767123287672
X12013710 0.15028901734104044 0.12328767123287672 0.10215053763440861 0.18181818181818182 0.12106537530266342 0.11138014527845036 0.12328767123287672 0.14147909967845657 0.12328767123287672 0.16393442622950818 0.15723270440251572 0.12195121951219513 0.12328767123287672 0.1146953405017921 0.1466275659824047 0.11801242236024845 0.143236074270557 0.1457725947521866 0.14184397163120568 0.15204678362573099
X12013510 0.11940298507462685 0.1547277936962751 0.11926605504587155 0.12328767123287672 0.15625 0.12328767123287672 0.13670886075949368 0.17985611510791363 0.12356979405034325 0.12470023980815345 0.1754385964912281 0.1255813953488372 0.16129032258064513 0.11737089201877933 0.14492753623188404 0.1381074168797954 0.12328767123287672 0.1443850267379679 0.12442396313364054 0.12328767123287672
X11013511 0.23008849557522124 0.09722222222222222 0.12499999999999999 0.11027568922305764 0.0 0.15584415584415584 0.15584415584415584 0.0 0.12328767123287672 0.13368983957219252 0.08849557522123894 0.11486486486486486 0.11369509043927647 0.08124999999999999 0.07272727272727272 0.11083123425692697 0.12745098039215688 0.12328767123287672 0.09743589743589744 0.03428571428571428
X11013610 0.12925170068027209 0.11600928074245939 0.1726618705035971 0.12356979405034325 0.22707423580786026 0.14728682170542637 0.09669211195928755 0.15081967213114755 0.10602409638554217 0.13559322033898308 0.1568627450980392 0.14046822742474915 0.12328767123287672 0.11594202898550723 0.126984126984127 0.15444015444015444 0.1033210332103321 0.10178117048346055 0.1073170731707317 0.12328767123287672
X12012410 0.12048192771084336 0.12328767123287672 0.09929078014184398 0.13043478260869565 0.12328767123287672 0.12328767123287672 0.12328767123287672 0.11933174224343676 0.11926605504587155 0.1282051282051282 0.12328767123287672 0.1231527093596059 0.1377245508982036 0.1152073732718894 0.12328767123287672 0.12328767123287672 0.16822429906542058 0.12328767123287672 0.12328767123287672 0.12328767123287672
X12012710 0.12328767123287672 0.12328767123287672 0.12328767123287672 0.12328767123287672 0.12328767123287672 0.15673981191222572 0.12328767123287672 0.16413373860182373 0.16463414634146342 0.12328767123287672 0.12328767123287672 0.12328767123287672 0.12356979405034325 0.15841584158415842 0.12328767123287672 0.12328767123287672 0.125 0.12328767123287672 0.12328767123287672 0.12328767123287672
X12012510 0.10653753026634383 0.12328767123287672 0.17985611510791363 0.12328767123287672 0.12328767123287672 0.12328767123287672 0.12328767123287672 0.12328767123287672 0.12328767123287672 0.14332247557003258 0.10377358490566038 0.12328767123287672 0.1238532110091743 0.10731707317073172 0.1283783783783784 0.18620689655172412 0.12328767123287672 0.1475409836065574 0.12328767123287672 0.15041782729805014
X11012410 0.22727272727272727 0.16615384615384612 0.23148148148148148 0.12328767123287672 0.12328767123287672 0.16181229773462785 0.12328767123287672 0.12328767123287672 0.15083798882681562 0.1276595744680851 0.12529002320185614 0.12471131639722863 0.17034700315457413 0.211864406779661 0.12705882352941178 0.07777777777777777 0.15297450424929177 0.12328767123287672 0.17204301075268819 0.1904761904761905
X11002311 0.25773195876288657 0.14409221902017288 0.1485148514851485 0.0 0.20430107526881722 0.22448979591836735 0.04597701149425288 0.20487804878048782 0.0 0.25698324022346364 0.2209944751381215 0.14838709677419354 0.22115384615384617 0.0 0.0 0.22727272727272727 0.17275747508305647 0.18518518518518515 0.0 0.2198952879581152
X11012310 0.12328767123287672 0.1780821917808219 0.1780821917808219 0.13533834586466167 0.12328767123287672 0.15822784810126583 0.15873015873015872 0.12328767123287672 0.1319261213720317 0.06451612903225806 0.12328767123287672 0.05730659025787965 0.12328767123287672 0.08923884514435695 0.12328767123287672 0.1179245283018868 0.13106796116504854 0.12328767123287672 0.2371134020618557 0.12328767123287672
X11013310 0.14792899408284024 0.08163265306122448 0.12442396313364054 0.11260053619302948 0.1168384879725086 0.11954022988505746 0.112 0.12307692307692308 0.10900473933649289 0.135 0.1206030150753769 0.14432989690721648 0.12009237875288685 0.10823529411764705 0.11715481171548116 0.18815331010452963 0.19424460431654678 0.15602836879432622 0.12413793103448276 0.15432098765432098
X11012510 0.12328767123287672 0.18110236220472442 0.08625336927223719 0.09743589743589744 0.15488215488215487 0.09448818897637797 0.16722408026755856 0.1288135593220339 0.08571428571428572 0.08488063660477453 0.11374407582938388 0.1605351170568562 0.08797653958944283 0.16949152542372883 0.16 0.1162227602905569 0.11494252873563218 0.12328767123287672 0.12328767123287672 0.21904761904761905
X11013510 0.11933174224343676 0.1267605633802817 0.06514657980456026 0.1146788990825688 0.16233766233766236 0.11981566820276497 0.1474926253687316 0.1714285714285714 0.15432098765432098 0.12626262626262624 0.11111111111111109 0.17171717171717168 0.11111111111111112 0.12413793103448276 0.12328767123287672 0.18947368421052632 0.12356979405034325 0.12587412587412586 0.11650485436893204 0.13740458015267176
X11013410 0.12106537530266342 0.14136125654450263 0.10978520286396183 0.15789473684210528 0.21367521367521367 0.11428571428571427 0.12705882352941178 0.12923076923076923 0.1116504854368932 0.17985611510791363 0.14534883720930233 0.21686746987951808 0.12626262626262624 0.17985611510791363 0.12328767123287672 0.19008264462809915 0.125 0.14769230769230768 0.22222222222222224 0.11111111111111109
X11002310 0.1935483870967742 0.2277227722772277 0.2019230769230769 0.19780219780219782 0.18834080717488788 0.125 0.1909090909090909 0.2176165803108808 0.21495327102803738 0.13215859030837004 0.20487804878048782 0.16606498194945848 0.2121212121212121 0.16974169741697417 0.08771929824561403 0.1285140562248996 0.20091324200913238 0.19689119170984457 0.1032258064516129 0.16117216117216115
X11002301 0.0 0.0 0.0 0.0 0.0 0.0 0.0 0.0 0.0 0.0 0.0 0.06060606060606061 0.0 0.0 0.0 0.23809523809523808 0.0 0.0 0.0 0.0
X13002310 0.17857142857142855 0.11320754716981131 0.19402985074626866 0.09345794392523364 0.23636363636363636 0.174496644295302 0.23728813559322035 0.20111731843575417 0.18032786885245902 0.16666666666666666 0.22916666666666666 0.20437956204379557 0.2176165803108808 0.19847328244274812 0.23728813559322035 0.1818181818181818 0.1694915254237288 0.2233009708737864 0.18487394957983194 0.15000000000000002
