X13012310 0.06569343065693431 0.06569343065693431 0.06569343065693431 0.11206896551724138 0.06569343065693431 0.06569343065693431 0.06569343065693431 0.08727272727272728 0.06569343065693431 0.06569343065693431 0.08518518518518518 0.06388206388206388 0.08414239482200647 0.09811320754716982 0.06569343065693431 0.06569343065693431 0.06569343065693431 0.06569343065693431 0.06569343065693431 0.059278350515463915
X12013310 0.12254901960784313 0.06569343065693431 0.09473684210526316 0.07941176470588235 0.10683760683760683 0.11961722488038277 0.09056603773584905 0.06419753086419754 0.069164265129683 0.0659025787965616 0.06569343065693431 0.11764705882352941 0.06569343065693431 0.06569343065693431 0.1111111111111111 0.07861635220125786 0.06569343065693431 0.06785714285714285 0.0763888888888889 0.06443298969072164
X13012410 0.06569343065693431 0.06601466992665037 0.06569343065693431 0.0663265306122449 0.06569343065693431 0.06569343065693431 0.06569343065693431 0.06569343065693431 0.06569343065693431 0.0654911838790932 0.06569343065693431 0.06569343065693431 0.06569343065693431 0.06483790523690773 0.06569343065693431 0.06569343065693431 0.06569343065693431 0.06569343065693431 0.07507507507507508 0.06569343065693431
X13013610 0.06569343065693431 0.10931174089068826 0.0782312925170068 0.06356968215158924 0.08940397350993377 0.06569343065693431 0.06569343065693431 0.0967741935483871 0.06569343065693431 0.06435643564356436 0.08633093525179857 0.06569343065693431 0.10245901639344263 0.06569343065693431 0.06569343065693431 0.06084656084656084 0.08394160583941605 0.0989010989010989 0.06569343065693431 0.06569343065693431
X12012310 0.06569343065693431 0.08737864077669903 0.06569343065693431 0.06569343065693431 0.06569343065693431 0.06569343065693431 0.07560137457044673 0.07602339181286549 0.06569343065693431 0.06801007556675064 0.06467661691542288 0.06569343065693431 0.06569343065693431 0.0453257790368272 0.06569343065693431 0.05483028720626632 0.06516290726817042 0.06569343065693431 0.06569343065693431 0.059113300492610835
X13013510 0.07417582417582418 0.031413612565445025 0.053475935828877004 0.06569343065693431 0.059278350515463915 0.05397727272727273 0.07984790874524715 0.06569343065693431 0.06388206388206388 0.06569343065693431 0.06569343065693431 0.0821256038647343 0.0480225988700565 0.05319148936170213 0.047337278106508875 0.08275862068965517 0.06550218340611354 0.051490514905149054 0.06569343065693431 0.06569343065693431
X11012610 0.07430340557275542 0.06936416184971098 0.06976744186046512 0.06683168316831684 0.06784660766961652 0.08934707903780069 0.06569343065693431 0.07865168539325842 0.06569343065693431 0.06569343065693431 0.06486486486486487 0.0703125 0.07272727272727272 0.07471264367816093 0.0738255033557047 0.06569343065693431 0.06569343065693431 0.09166666666666666 0.04696132596685083 0.08450704225352113
X13012710 0.078125 0.06569343065693431 0.06313131313131314 0.06569343065693431 0.07692307692307693 0.06601466992665037 0.06569343065693431 0.06569343065693431 0.06666666666666667 0.06569343065693431 0.06569343065693431 0.08540925266903915 0.06569343065693431 0.06569343065693431 0.06569343065693431 0.06569343065693431 0.06459948320413436 0.07530120481927711 0.06569343065693431 0.06569343065693431
X12013410 0.08366533864541832 0.06569343065693431 0.06569343065693431 0.06569343065693431 0.05641025641025641 0.07142857142857142 0.08389261744966443 0.0661764705882353 0.06569343065693431 0.06569343065693431 0.08169934640522876 0.06569343065693431 0.06687898089171974 0.06569343065693431 0.11363636363636363 0.07407407407407407 0.09225092250922509 0.08389261744966443 0.11731843575418995 0.06172839506172839
X12012610 0.0891089108910891 0.06569343065693431 0.06569343065693431 0.06569343065693431 0.05612244897959184 0.07806691449814127 0.06569343065693431 0.07303370786516854 0.06585365853658537 0.065 0.06569343065693431 0.09090909090909091 0.06569343065693431 0.06716417910447761 0.06419753086419754 0.08090614886731391 0.06569343065693431 0.06569343065693431 0.06569343065693431 0.06569343065693431
X12013610 0.06419753086419754 0.06569343065693431 0.09187279151943463 0.09342560553633218 0.0625 0.06569343065693431 0.1232876712328767 0.06569343065693431 0.06569343065693431 0.06459948320413436 0.08282208588957055 0.06683168316831684 0.056265984654731455 0.06569343065693431 0.10087719298245613 0.06569343065693431 0.06569343065693431 0.08984375 0.06234413965087282 0.06561679790026247
X13013310 0.06569343065693431 0.06569343065693431 0.10305343511450382 0.06569343065693431 0.07255520504731862 0.11711711711711711 0.11682242990654206 0.08626198083067092 0.06569343065693431 0.06569343065693431 0.0802675585284281 0.0903010033444816 0.06569343065693431 0.06997084548104957 0.07120743034055728 0.06569343065693431 0.10471204188481675 0.06569343065693431 0.07920792079207921 0.06569343065693431
X12013710 0.08150470219435736 0.06569343065693431 0.05507246376811594 0.10080645161290322 0.06476683937823834 0.05958549222797927 0.06569343065693431 0.07746478873239436 0.06569343065693431 0.08992805755395683 0.0859106529209622 0.06527415143603134 0.06569343065693431 0.06349206349206349 0.07961783439490445 0.06440677966101695 0.07714285714285714 0.07911392405063292 0.0784313725490196 0.08253968253968254
X12013510 0.064 0.08385093167701864 0.06356968215158924 0.06569343065693431 0.08532423208191127 0.06569343065693431 0.07336956521739131 0.099601593625498 0.06585365853658537 0.06666666666666667 0.09689922480620156 0.06699751861042183 0.08833922261484099 0.06265664160401002 0.07861635220125786 0.07417582417582418 0.06569343065693431 0.07780979827089338 0.06633906633906633 0.06569343065693431
X11013511 0.1511627906976744 0.05982905982905983 0.06938775510204082 0.05913978494623656 0.0 0.08540925266903915 0.12 0.0 0.06569343065693431 0.07204610951008646 0.05813953488372093 0.06319702602230483 0.06111111111111111 0.04436860068259386 0.07142857142857142 0.05945945945945946 0.06824146981627296 0.06569343065693431 0.05234159779614325 0.02027027027027027
X11013610 0.07116104868913857 0.06188118811881188 0.09561752988047809 0.06585365853658537 0.12871287128712872 0.08225108225108226 0.05191256830601093 0.08273381294964029 0.05670103092783505 0.07339449541284404 0.08602150537634409 0.07720588235294118 0.06569343065693431 0.06201550387596899 0.06944444444444445 0.08620689655172414 0.05737704918032787 0.0546448087431694 0.06179775280898876 0.06569343065693431
X12012410 0.06443298969072164 0.06569343065693431 0.05303030303030303 0.06976744186046512 0.06569343065693431 0.06569343065693431 0.06569343065693431 0.06377551020408163 0.06356968215158924 0.06887052341597796 0.06569343065693431 0.06596306068601583 0.0749185667752443 0.06142506142506143 0.06569343065693431 0.06569343065693431 0.09183673469387756 0.06569343065693431 0.06569343065693431 0.06569343065693431
X12012710 0.06569343065693431 0.06569343065693431 0.06569343065693431 0.06569343065693431 0.06569343065693431 0.08561643835616438 0.06569343065693431 0.08940397350993377 0.08970099667774087 0.06569343065693431 0.06569343065693431 0.06569343065693431 0.06585365853658537 0.08695652173913043 0.06569343065693431 0.06569343065693431 0.06722689075630252 0.06569343065693431 0.06569343065693431 0.06569343065693431
X12012510 0.05699481865284974 0.06569343065693431 0.099601593625498 0.06569343065693431 0.06569343065693431 0.06569343065693431 0.06569343065693431 0.06569343065693431 0.06569343065693431 0.07857142857142857 0.055415617128463476 0.06569343065693431 0.06601466992665037 0.057441253263707574 0.07063197026022305 0.10266159695817491 0.06569343065693431 0.07964601769911504 0.06569343065693431 0.08132530120481928
X11012410 0.12953367875647667 0.09060402684563758 0.13227513227513227 0.06569343065693431 0.06569343065693431 0.08865248226950355 0.06569343065693431 0.06569343065693431 0.08157099697885196 0.06818181818181818 0.06683168316831684 0.0665024630541872 0.09310344827586207 0.11961722488038277 0.0678391959798995 0.042042042042042045 0.08282208588957055 0.06569343065693431 0.09523809523809523 0.10569105691056911
X11002311 0.1497005988023952 0.078125 0.08571428571428572 0.0 0.11949685534591195 0.1301775147928994 0.03333333333333333 0.11797752808988764 0.0 0.1513157894736842 0.12987012987012986 0.0812720848056537 0.1270718232044199 0.0 0.0 0.1342281879194631 0.0948905109489051 0.1111111111111111 0.0 0.12804878048780488
X11012310 0.06569343065693431 0.09811320754716982 0.09811320754716982 0.07258064516129033 0.06569343065693431 0.08650519031141868 0.08680555555555555 0.06569343065693431 0.07102272727272728 0.034782608695652174 0.06569343065693431 0.031055900621118012 0.06569343065693431 0.0480225988700565 0.06569343065693431 0.06297229219143577 0.07012987012987013 0.06569343065693431 0.1377245508982036 0.06569343065693431
X11013310 0.08038585209003216 0.047337278106508875 0.06633906633906633 0.06069364161849711 0.06439393939393939 0.06372549019607843 0.0603448275862069 0.06611570247933884 0.05822784810126582 0.07238605898123325 0.0646900269541779 0.07954545454545454 0.06403940886699508 0.05778894472361809 0.0660377358490566 0.10384615384615385 0.10756972111553785 0.08627450980392157 0.0661764705882353 0.08417508417508418
X11012510 0.06569343065693431 0.1013215859030837 0.046511627906976744 0.05234159779614325 0.08518518518518518 0.05084745762711865 0.09191176470588236 0.0708955223880597 0.04643962848297214 0.045714285714285714 0.060759493670886074 0.08823529411764706 0.04777070063694268 0.09328358208955224 0.08791208791208792 0.06217616580310881 0.061274509803921566 0.06569343065693431 0.06569343065693431 0.12568306010928962
X11013510 0.06377551020408163 0.06766917293233082 0.03571428571428571 0.061124694376528114 0.08896797153024912 0.06388206388206388 0.08012820512820513 0.09486166007905138 0.08417508417508418 0.06775067750677506 0.059431524547803614 0.09941520467836257 0.05962059620596206 0.0661764705882353 0.06569343065693431 0.10465116279069768 0.06585365853658537 0.06716417910447761 0.06233766233766234 0.07377049180327869
X11013410 0.06476683937823834 0.07605633802816901 0.058673469387755105 0.08571428571428572 0.12077294685990338 0.06324110671936758 0.0678391959798995 0.07046979865771812 0.05974025974025974 0.099601593625498 0.07886435331230283 0.12162162162162163 0.06775067750677506 0.099601593625498 0.06569343065693431 0.10697674418604651 0.06896551724137931 0.08053691275167785 0.13675213675213677 0.059431524547803614
X11002310 0.11320754716981132 0.13142857142857142 0.11602209944751381 0.11612903225806452 0.10714285714285714 0.0738255033557047 0.10880829015544041 0.12650602409638553 0.12299465240641712 0.075 0.11797752808988764 0.092 0.12280701754385964 0.0942622950819672 0.05747126436781609 0.07207207207207207 0.11458333333333333 0.1144578313253012 0.0625 0.08943089430894309
X11002301 0.0 0.0 0.0 0.0 0.0 0.0 0.0 0.0 0.0 0.0 0.0 0.16666666666666666 0.0 0.0 0.0 0.3333333333333333 0.0 0.0 0.0 0.0
X13002310 0.11764705882352941 0.0759493670886076 0.12149532710280374 0.0625 0.1566265060240964 0.10655737704918032 0.14 0.11842105263157894 0.11578947368421053 0.1111111111111111 0.13333333333333333 0.12727272727272726 0.12650602409638553 0.125 0.14 0.11428571428571428 0.10989010989010989 0.12849162011173185 0.11956521739130435 0.0967741935483871
