X13012310 1.0 1.0 1.0 0.9629629629629629 1.0 1.0 1.0 0.8888888888888888 1.0 1.0 0.8518518518518519 0.9629629629629629 0.9629629629629629 0.9629629629629629 1.0 1.0 1.0 1.0 1.0 0.8518518518518519
X12013310 0.9259259259259259 1.0 1.0 1.0 0.9259259259259259 0.9259259259259259 0.8888888888888888 0.9629629629629629 0.8888888888888888 0.8518518518518519 1.0 0.9629629629629629 1.0 1.0 0.9259259259259259 0.9259259259259259 1.0 0.7037037037037037 0.8148148148148148 0.9259259259259259
X13012410 1.0 1.0 1.0 0.9629629629629629 1.0 1.0 1.0 1.0 1.0 0.9629629629629629 1.0 1.0 1.0 0.9629629629629629 1.0 1.0 1.0 1.0 0.9259259259259259 1.0
X13013610 1.0 1.0 0.8518518518518519 0.9629629629629629 1.0 1.0 1.0 1.0 1.0 0.9629629629629629 0.8888888888888888 1.0 0.9259259259259259 1.0 1.0 0.8518518518518519 0.8518518518518519 1.0 1.0 1.0
X12012310 1.0 1.0 1.0 1.0 1.0 1.0 0.8148148148148148 0.9629629629629629 1.0 1.0 0.9629629629629629 1.0 1.0 0.5925925925925926 1.0 0.7777777777777778 0.9629629629629629 1.0 1.0 0.8888888888888888
X13013510 1.0 0.2222222222222222 0.7407407407407407 1.0 0.8518518518518519 0.7037037037037037 0.7777777777777778 1.0 0.9629629629629629 1.0 1.0 0.6296296296296297 0.6296296296296297 0.7407407407407407 0.5925925925925926 0.8888888888888888 0.5555555555555556 0.7037037037037037 1.0 1.0
X11012610 0.8888888888888888 0.8888888888888888 0.8888888888888888 1.0 0.8518518518518519 0.9629629629629629 1.0 0.7777777777777778 1.0 1.0 0.8888888888888888 1.0 0.5925925925925926 0.9629629629629629 0.8148148148148148 1.0 1.0 0.8148148148148148 0.6296296296296297 0.8888888888888888
X13012710 0.9259259259259259 1.0 0.9259259259259259 1.0 0.8888888888888888 1.0 1.0 1.0 1.0 1.0 1.0 0.8888888888888888 1.0 1.0 1.0 1.0 0.9259259259259259 0.9259259259259259 1.0 1.0
X12013410 0.7777777777777778 1.0 1.0 1.0 0.8148148148148148 0.7037037037037037 0.9259259259259259 1.0 1.0 1.0 0.9259259259259259 1.0 0.7777777777777778 1.0 0.7407407407407407 0.6666666666666666 0.9259259259259259 0.9259259259259259 0.7777777777777778 0.9259259259259259
X12012610 1.0 1.0 1.0 1.0 0.8148148148148148 0.7777777777777778 1.0 0.9629629629629629 1.0 0.9629629629629629 1.0 1.0 1.0 1.0 0.9629629629629629 0.9259259259259259 1.0 1.0 1.0 1.0
X12013610 0.9629629629629629 1.0 0.9629629629629629 1.0 0.9259259259259259 1.0 1.0 1.0 1.0 0.9259259259259259 1.0 1.0 0.8148148148148148 1.0 0.8518518518518519 1.0 1.0 0.8518518518518519 0.9259259259259259 0.9259259259259259
X13013310 1.0 1.0 1.0 1.0 0.8518518518518519 0.9629629629629629 0.9259259259259259 1.0 1.0 1.0 0.8888888888888888 1.0 1.0 0.8888888888888888 0.8518518518518519 1.0 0.7407407407407407 1.0 0.8888888888888888 1.0
X12013710 0.9629629629629629 1.0 0.7037037037037037 0.9259259259259259 0.9259259259259259 0.8518518518518519 1.0 0.8148148148148148 1.0 0.9259259259259259 0.9259259259259259 0.9259259259259259 1.0 0.5925925925925926 0.9259259259259259 0.7037037037037037 1.0 0.9259259259259259 0.7407407407407407 0.9629629629629629
X12013510 0.8888888888888888 1.0 0.9629629629629629 1.0 0.9259259259259259 1.0 1.0 0.9259259259259259 1.0 0.9629629629629629 0.9259259259259259 1.0 0.9259259259259259 0.9259259259259259 0.9259259259259259 1.0 1.0 1.0 1.0 1.0
X11013511 0.48148148148148145 0.25925925925925924 0.6296296296296297 0.8148148148148148 0.0 0.8888888888888888 0.2222222222222222 0.0 1.0 0.9259259259259259 0.18518518518518517 0.6296296296296297 0.8148148148148148 0.48148148148148145 0.07407407407407407 0.8148148148148148 0.9629629629629629 1.0 0.7037037037037037 0.1111111111111111
X11013610 0.7037037037037037 0.9259259259259259 0.8888888888888888 1.0 0.9629629629629629 0.7037037037037037 0.7037037037037037 0.8518518518518519 0.8148148148148148 0.8888888888888888 0.8888888888888888 0.7777777777777778 1.0 0.8888888888888888 0.7407407407407407 0.7407407407407407 0.5185185185185185 0.7407407407407407 0.4074074074074074 1.0
X12012410 0.9259259259259259 1.0 0.7777777777777778 1.0 1.0 1.0 1.0 0.9259259259259259 0.9629629629629629 0.9259259259259259 1.0 0.9259259259259259 0.8518518518518519 0.9259259259259259 1.0 1.0 1.0 1.0 1.0 1.0
X12012710 1.0 1.0 1.0 1.0 1.0 0.9259259259259259 1.0 1.0 1.0 1.0 1.0 1.0 1.0 0.8888888888888888 1.0 1.0 0.8888888888888888 1.0 1.0 1.0
X12012510 0.8148148148148148 1.0 0.9259259259259259 1.0 1.0 1.0 1.0 1.0 1.0 0.8148148148148148 0.8148148148148148 1.0 1.0 0.8148148148148148 0.7037037037037037 1.0 1.0 1.0 1.0 1.0
X11012410 0.9259259259259259 1.0 0.9259259259259259 1.0 1.0 0.9259259259259259 1.0 1.0 1.0 1.0 1.0 1.0 1.0 0.9259259259259259 1.0 0.5185185185185185 1.0 1.0 0.8888888888888888 0.9629629629629629
X11002311 0.9259259259259259 0.9259259259259259 0.5555555555555556 0.0 0.7037037037037037 0.8148148148148148 0.07407407407407407 0.7777777777777778 0.0 0.8518518518518519 0.7407407407407407 0.8518518518518519 0.8518518518518519 0.0 0.0 0.7407407407407407 0.9629629629629629 0.5555555555555556 0.0 0.7777777777777778
X11012310 1.0 0.9629629629629629 0.9629629629629629 1.0 1.0 0.9259259259259259 0.9259259259259259 1.0 0.9259259259259259 0.4444444444444444 1.0 0.37037037037037035 1.0 0.6296296296296297 1.0 0.9259259259259259 1.0 1.0 0.8518518518518519 1.0
X11013310 0.9259259259259259 0.2962962962962963 1.0 0.7777777777777778 0.6296296296296297 0.9629629629629629 0.7777777777777778 0.8888888888888888 0.8518518518518519 1.0 0.8888888888888888 0.7777777777777778 0.9629629629629629 0.8518518518518519 0.5185185185185185 1.0 1.0 0.8148148148148148 1.0 0.9259259259259259
X11012510 1.0 0.8518518518518519 0.5925925925925926 0.7037037037037037 0.8518518518518519 0.6666666666666666 0.9259259259259259 0.7037037037037037 0.5555555555555556 0.5925925925925926 0.8888888888888888 0.8888888888888888 0.5555555555555556 0.9259259259259259 0.8888888888888888 0.8888888888888888 0.9259259259259259 1.0 1.0 0.8518518518518519
X11013510 0.9259259259259259 1.0 0.37037037037037035 0.9259259259259259 0.9259259259259259 0.9629629629629629 0.9259259259259259 0.8888888888888888 0.9259259259259259 0.9259259259259259 0.8518518518518519 0.6296296296296297 0.8148148148148148 1.0 1.0 1.0 1.0 1.0 0.8888888888888888 1.0
X11013410 0.9259259259259259 1.0 0.8518518518518519 1.0 0.9259259259259259 0.5925925925925926 1.0 0.7777777777777778 0.8518518518518519 0.9259259259259259 0.9259259259259259 1.0 0.9259259259259259 0.9259259259259259 1.0 0.8518518518518519 0.6666666666666666 0.8888888888888888 0.5925925925925926 0.8518518518518519
X11002310 0.6666666666666666 0.8518518518518519 0.7777777777777778 0.6666666666666666 0.7777777777777778 0.4074074074074074 0.7777777777777778 0.7777777777777778 0.8518518518518519 0.5555555555555556 0.7777777777777778 0.8518518518518519 0.7777777777777778 0.8518518518518519 0.18518518518518517 0.5925925925925926 0.8148148148148148 0.7037037037037037 0.2962962962962963 0.8148148148148148
X11002301 0.0 0.0 0.0 0.0 0.0 0.0 0.0 0.0 0.0 0.0 0.0 0.037037037037037035 0.0 0.0 0.0 0.18518518518518517 0.0 0.0 0.0 0.0
X13002310 0.37037037037037035 0.2222222222222222 0.48148148148148145 0.18518518518518517 0.48148148148148145 0.48148148148148145 0.7777777777777778 0.6666666666666666 0.4074074074074074 0.3333333333333333 0.8148148148148148 0.5185185185185185 0.7777777777777778 0.48148148148148145 0.7777777777777778 0.4444444444444444 0.37037037037037035 0.8518518518518519 0.4074074074074074 0.3333333333333333
