X13012310 4.024420499801636 4.160682916641235 4.241118431091309 4.363302946090698 4.408426284790039 4.47583532333374 4.717215538024902 4.7218544483184814 4.885879993438721 4.908411264419556 5.2074971199035645 5.186342716217041 5.276381254196167 5.5442163944244385 5.5392372608184814 5.686036586761475 5.839257001876831 5.954930305480957 5.895313739776611 6.126116752624512
X12013310 6.163262605667114 6.195687294006348 6.459922790527344 6.471588850021362 6.8750762939453125 6.884333848953247 6.783886194229126 6.861178636550903 6.941403865814209 7.122545480728149 7.154641151428223 7.368124008178711 7.371865272521973 7.331761121749878 7.597342014312744 7.562068223953247 7.683971405029297 7.819871425628662 7.939800977706909 7.987624645233154
X13012410 8.287006139755249 8.49446988105774 8.522848844528198 8.66344952583313 8.882646560668945 9.006615400314331 9.348307847976685 9.293090105056763 9.34648060798645 9.549696922302246 9.533689260482788 9.769243955612183 9.831226348876953 10.20161509513855 9.967829465866089 10.204936027526855 10.311946392059326 10.61989164352417 10.591442584991455 10.6141676902771
X13013610 10.827451467514038 11.053274154663086 11.168044805526733 11.257639169692993 11.315491199493408 11.454526424407959 11.55873727798462 11.793998956680298 11.880686521530151 11.859445810317993 12.032006740570068 12.1310453414917 12.319621801376343 12.327394962310791 12.82096529006958 12.627257347106934 12.605913877487183 12.643985033035278 12.75105905532837 12.86944842338562
X12012310 12.820345640182495 13.0080406665802 13.088406801223755 13.084927082061768 13.158547163009644 13.642572164535522 13.602580547332764 13.604925394058228 13.455525159835815 13.701647996902466 13.7048020362854 14.180428981781006 13.933732271194458 13.99626636505127 14.201820850372314 14.1390962600708 14.286752700805664 14.411733865737915 14.518895387649536 14.571249008178711
X13013510 14.978062152862549 15.131189346313477 15.184301137924194 15.326730489730835 15.37955617904663 15.498594760894775 15.807081460952759 15.8484947681427 15.892639636993408 15.858248233795166 15.866377353668213 15.982807636260986 16.34315037727356 16.364092111587524 16.41252303123474 16.54342031478882 17.031858444213867 16.835896253585815 16.90438938140869 17.270783185958862
X11012610 16.97935700416565 17.0533664226532 16.98970603942871 17.215346336364746 17.191919803619385 17.28959059715271 17.477468729019165 17.354463815689087 17.66694927215576 17.66062903404236 17.728284120559692 17.894476652145386 17.74893569946289 18.402992725372314 18.10501194000244 18.02823042869568 18.13405132293701 18.20992636680603 18.310081005096436 18.475683212280273
X13012710 19.23358988761902 19.103760480880737 19.180156230926514 19.44324827194214 19.470616817474365 20.304709672927856 19.975234270095825 19.942272424697876 19.969479084014893 20.22799253463745 20.283592700958252 20.57862663269043 21.23523998260498 20.92157554626465 20.939443588256836 21.26714825630188 20.97313117980957 21.40107822418213 21.162556886672974 21.55342745780945
X12013410 21.27250909805298 21.217251300811768 21.88027048110962 21.626103401184082 21.543056964874268 21.875516176223755 21.83842706680298 22.21084213256836 22.08437418937683 22.006421327590942 22.08175539970398 22.15980839729309 22.290979146957397 22.69149374961853 22.26865243911743 22.451452493667603 22.610517978668213 22.585798501968384 22.687586307525635 22.808318614959717
X12012610 23.349491596221924 23.25652050971985 23.231231451034546 23.522490739822388 23.276336669921875 23.52218198776245 23.507735013961792 24.021288871765137 24.464449405670166 23.85029125213623 23.970029830932617 24.074431657791138 24.25886869430542 24.17940664291382 24.259992837905884 24.478570222854614 24.80294704437256 25.284124851226807 25.01805019378662 25.14968514442444
X12013610 25.33923864364624 25.345662832260132 25.52537965774536 25.34827494621277 25.579293251037598 25.6500461101532 25.763570308685303 25.637368202209473 26.245660305023193 26.21149516105652 26.424479484558105 26.49920392036438 26.31285333633423 26.640160083770752 26.76977276802063 27.321220636367798 27.325578689575195 27.08813214302063 26.883357048034668 27.959197998046875
X13013310 27.933034896850586 27.940868139266968 28.9786217212677 29.354395389556885 29.449227809906006 28.44402503967285 28.413686990737915 29.25188899040222 28.89746904373169 28.898969411849976 28.857965230941772 29.02661657333374 29.15807580947876 28.92650318145752 28.849178075790405 29.0858256816864 28.860632181167603 29.197396755218506 29.270183324813843 29.48300290107727
X12013710 1.9417810440063477 1.992006540298462 2.007652997970581 2.0412557125091553 2.152900457382202 2.192423105239868 2.3746466636657715 2.639470338821411 2.5216143131256104 2.5002260208129883 2.5492329597473145 2.785357713699341 2.7625107765197754 2.89772629737854 3.0769548416137695 3.157356023788452 3.0772061347961426 3.1650173664093018 3.4332804679870605 3.4906280040740967
X12013510 3.6259803771972656 3.686396598815918 3.8878417015075684 4.048808813095093 4.010533571243286 4.329160213470459 4.295761346817017 4.266667127609253 4.5436179637908936 4.5328216552734375 4.5599365234375 4.70783543586731 4.680985689163208 4.968467950820923 4.960147142410278 5.120466709136963 5.087855100631714 5.317339897155762 5.40790867805481 5.490835905075073
X11013511 5.487767457962036 5.7694127559661865 5.735512733459473 5.917895317077637 5.898430109024048 6.1765663623809814 6.125815391540527 6.451199054718018 6.506970405578613 6.425807952880859 6.48786473274231 6.541081666946411 6.703268051147461 6.675618886947632 6.884676933288574 7.009621620178223 7.009604454040527 7.067960977554321 7.298321723937988 7.134194612503052
X11013610 7.356298208236694 7.5088982582092285 7.510965824127197 7.713117361068726 7.758115530014038 7.761826276779175 7.770127773284912 7.914327621459961 8.142996311187744 8.059458255767822 8.203264474868774 8.388874053955078 8.389596462249756 8.354641437530518 8.429528713226318 8.4971022605896 8.677767515182495 8.742695569992065 8.688984155654907 9.056358575820923
X12012410 9.270164966583252 9.249544143676758 9.535878419876099 9.802469491958618 9.644047260284424 9.73610544204712 9.836830854415894 10.040185928344727 10.08432149887085 10.187220811843872 10.23517656326294 10.384061098098755 10.645091772079468 10.57564663887024 10.821726322174072 10.758572816848755 10.802356004714966 10.994741439819336 11.00599980354309 11.072217464447021
X12012710 11.33287525177002 11.469590663909912 11.526024341583252 11.729499101638794 11.844630241394043 11.877785682678223 11.967785120010376 12.10402226448059 12.24589228630066 12.315297365188599 12.244001388549805 12.403245687484741 12.46299958229065 12.64940357208252 12.70683479309082 12.840008735656738 12.87003779411316 12.868593215942383 13.094233274459839 13.286530256271362
X12012510 13.510983228683472 13.714590311050415 13.685333251953125 13.648919105529785 13.825067520141602 13.905985355377197 14.045596361160278 14.180273056030273 14.855482578277588 14.312886476516724 14.464507579803467 14.564048290252686 14.564479112625122 14.600131511688232 14.835262298583984 15.000784635543823 14.818747997283936 14.99584412574768 15.541260242462158 15.08603572845459
X11012410 15.272851705551147 15.28958249092102 15.382711172103882 15.42582106590271 15.449873924255371 15.73557162284851 15.61327576637268 15.734424114227295 15.761138677597046 16.188557147979736 15.997857093811035 16.039718866348267 16.18770933151245 16.2495174407959 16.22677755355835 16.36995506286621 16.443143367767334 16.564178228378296 16.472214698791504 16.600590467453003
X11002311 16.782921075820923 16.891576766967773 16.815265655517578 17.108458042144775 17.422159910202026 17.287925720214844 17.205727100372314 17.475215196609497 17.332282066345215 17.49652123451233 17.591809511184692 18.33134937286377 17.867295265197754 17.907755374908447 18.13978362083435 18.083455324172974 18.096369743347168 18.411158800125122 18.44302201271057 18.45108675956726
X11012310 18.67513155937195 18.537976503372192 18.701345443725586 18.92474603652954 18.915079593658447 19.01641345024109 19.00751495361328 19.185486555099487 19.32580018043518 19.653855800628662 19.59831476211548 19.634068965911865 19.895789623260498 19.712223529815674 19.93851923942566 20.247103452682495 19.871959686279297 20.12918758392334 20.101834297180176 20.03394651412964
X11013310 20.286600589752197 20.633643627166748 20.56073236465454 20.49946641921997 20.57785987854004 20.714325189590454 20.84854817390442 20.878197193145752 20.978532552719116 21.180112600326538 21.390353202819824 21.2294864654541 21.39415216445923 21.43654441833496 21.458837270736694 21.601361513137817 21.340316772460938 21.57150173187256 21.644758701324463 21.59824228286743
X11012510 22.033029556274414 21.76542568206787 22.464966535568237 21.940553426742554 22.140345096588135 22.348942518234253 22.350419282913208 22.55134654045105 22.760040521621704 22.654027223587036 22.75795292854309 22.61198878288269 22.790481567382812 23.35211420059204 22.97666358947754 22.959600687026978 23.0090754032135 23.283640384674072 23.37446641921997 23.30930233001709
X11013510 23.54698944091797 23.596457481384277 23.738245487213135 23.91368341445923 23.753350257873535 23.943241834640503 23.785040616989136 24.011016845703125 24.108935117721558 24.10421895980835 24.215729236602783 24.302356958389282 24.36178708076477 24.529543161392212 24.5897855758667 24.70749807357788 24.6057288646698 24.680190324783325 24.71139669418335 24.935465335845947
X11013410 25.176891565322876 25.754206895828247 25.155792474746704 25.655524492263794 25.39503502845764 25.57050395011902 25.564791679382324 25.535512447357178 25.613577127456665 25.66712760925293 25.741087675094604 26.11555290222168 26.5842342376709 26.321882247924805 26.584284782409668 26.648385524749756 26.43716526031494 26.67633891105652 26.649529695510864 26.83817982673645
X11002310 27.077855825424194 27.94479489326477 27.281360149383545 27.489869117736816 27.388535976409912 27.360231399536133 27.650580406188965 27.399521350860596 27.80298638343811 27.819045305252075 28.12300443649292 27.972182989120483 28.380722284317017 28.35918641090393 29.23894476890564 28.848123788833618 28.988198280334473 30.159730672836304 28.80315399169922 29.198667526245117
X11002301 26.77480435371399 26.8545823097229 27.01724100112915 26.91836953163147 27.230698347091675 27.128894090652466 27.455604791641235 27.192625761032104 27.151041746139526 27.340696096420288 27.068888664245605 27.326155185699463 27.4242160320282 27.404660940170288 27.955477476119995 27.74852228164673 27.302682876586914 27.69454526901245 27.668386936187744 27.52167296409607
X13002310 30.565287113189697 31.093334913253784 30.80457043647766 30.906458139419556 31.695945739746094 32.62219429016113 32.08992004394531 32.30966663360596 32.36152911186218 32.41533327102661 32.29654908180237 32.42475461959839 32.24821996688843 32.695167779922485 32.817747592926025 32.94612908363342 33.18671774864197 33.39286518096924 33.60602784156799 32.88323354721069
