X11002301 0.0 0.7027027027027027 0.0 0.0 0.0 0.09302325581395349 0.0 0.5714285714285714 0.4482758620689656 0.0 0.0 0.0 0.0 0.0 0.6095238095238095 0.0 0.13043478260869568 0.0 0.0 0.0
X11013410 0.2891566265060241 0.1639344262295082 0.6071428571428572 0.6296296296296297 0.6262626262626263 0.5686274509803922 0.6666666666666666 0.6341463414634145 0.5607476635514019 0.3653846153846153 0.5103448275862069 0.29850746268656714 0.11320754716981132 0.031746031746031744 0.5352112676056339 0.0 0.6071428571428572 0.0 0.0816326530612245 0.6593406593406594
X11002310 0.6666666666666667 0.6756756756756757 0.6250000000000001 0.6578947368421052 0.547945205479452 0.6499999999999999 0.6666666666666667 0.6582278481012659 0.6075949367088608 0.5945945945945946 0.6133333333333333 0.6410256410256411 0.6666666666666667 0.6052631578947368 0.6133333333333333 0.691358024691358 0.6486486486486487 0.675 0.631578947368421 0.5679012345679012
X12013610 0.5409836065573771 0.5081967213114754 0.24657534246575344 0.125 0.5555555555555556 0.5576923076923076 0.5316455696202531 0.5833333333333334 0.5671641791044775 0.5471698113207547 0.6153846153846154 0.5573770491803278 0.6019417475728156 0.5977011494252874 0.5631067961165048 0.09090909090909091 0.5523809523809523 0.5818181818181818 0.5068493150684932 0.6888888888888889
X11002310 0.675 0.6835443037974683 0.6582278481012659 0.6097560975609757 0.6666666666666667 0.6292134831460674 0.6329113924050633 0.631578947368421 0.64 0.6250000000000001 0.6823529411764706 0.6499999999999999 0.5476190476190476 0.6666666666666667 0.6933333333333334 0.6486486486486487 0.6486486486486487 0.6493506493506493 0.6585365853658536 0.6666666666666667
X11012310 0.6037735849056604 0.23076923076923078 0.4769230769230769 0.44036697247706424 0.4571428571428572 0.22641509433962265 0.396551724137931 0.1568627450980392 0.49624060150375937 0.16129032258064516 0.22641509433962265 0.5354330708661418 0.1568627450980392 0.04081632653061225 0.1754385964912281 0.5 0.03636363636363636 0.5511811023622046 0.5000000000000001 0.0425531914893617
X11012610 0.5391304347826087 0.16666666666666669 0.5161290322580645 0.5511811023622046 0.32876712328767127 0.375 0.5365853658536586 0.5161290322580645 0.5365853658536586 0.5000000000000001 0.13114754098360656 0.5365853658536586 0.6 0.5511811023622046 0.48854961832061067 0.5344827586206897 0.0 0.48888888888888893 0.0 0.08888888888888889
X12013410 0.45378151260504207 0.13333333333333333 0.5396825396825397 0.47500000000000003 0.607843137254902 0.515625 0.5686274509803922 0.15384615384615385 0.6818181818181819 0.4819277108433735 0.417910447761194 0.5223880597014926 0.3760683760683761 0.5669291338582677 0.58 0.5074626865671642 0.4065040650406504 0.4130434782608695 0.6153846153846153 0.5663716814159292
X11013310 0.08695652173913043 0.43396226415094336 0.12903225806451613 0.5319148936170213 0.5481481481481482 0.2448979591836735 0.417910447761194 0.6236559139784947 0.5068493150684932 0.42352941176470593 0.41818181818181815 0.5271317829457364 0.5 0.43243243243243246 0.5111111111111112 0.5289256198347108 0.37500000000000006 0.7012987012987014 0.38888888888888884 0.608695652173913
X12012310 0.05 0.574074074074074 0.42424242424242425 0.532258064516129 0.543859649122807 0.10714285714285714 0.5185185185185185 0.11764705882352942 0.5636363636363636 0.515625 0.1639344262295082 0.6021505376344086 0.31746031746031744 0.13114754098360656 0.25396825396825395 0.0 0.0 0.5871559633027523 0.5147058823529411 0.5496183206106869
X13002310 0.6329113924050633 0.6835443037974683 0.6829268292682927 0.7000000000000001 0.6666666666666666 0.675 0.6842105263157895 0.7073170731707318 0.6265060240963856 0.6279069767441859 0.6363636363636364 0.6829268292682927 0.6753246753246753 0.6904761904761905 0.6835443037974683 0.6493506493506493 0.6835443037974683 0.6666666666666667 0.691358024691358 0.64
