X11002301 0.0 0.7027027027027027 0.0 0.0 0.0 0.3333333333333333 0.0 0.4146341463414634 0.3291139240506329 0.0 0.0 0.0 0.0 0.0 0.47058823529411764 0.0 0.3333333333333333 0.0 0.0 0.0
X11013410 0.2608695652173913 0.20833333333333334 0.4533333333333333 0.4788732394366197 0.5 0.4461538461538462 0.5535714285714286 0.5777777777777777 0.42857142857142855 0.2835820895522388 0.3425925925925926 0.3333333333333333 0.1875 0.038461538461538464 0.5588235294117647 0.0 0.4533333333333333 0.0 0.16666666666666666 0.5555555555555556
X11002310 0.6341463414634146 0.6756756756756757 0.5813953488372093 0.6410256410256411 0.5555555555555556 0.6046511627906976 0.6341463414634146 0.6190476190476191 0.5714285714285714 0.5945945945945946 0.6052631578947368 0.6097560975609756 0.6341463414634146 0.5897435897435898 0.6052631578947368 0.6363636363636364 0.6486486486486487 0.627906976744186 0.6153846153846154 0.5227272727272727
X12013610 0.38823529411764707 0.36470588235294116 0.25 0.11627906976744186 0.4225352112676056 0.43283582089552236 0.5 0.4745762711864407 0.6333333333333333 0.42028985507246375 0.5185185185185185 0.4 0.4696969696969697 0.52 0.4393939393939394 0.2857142857142857 0.4264705882352941 0.4383561643835616 0.3394495412844037 0.5849056603773585
X11002310 0.627906976744186 0.6428571428571429 0.6190476190476191 0.5555555555555556 0.6341463414634146 0.5384615384615384 0.5952380952380952 0.6153846153846154 0.631578947368421 0.5813953488372093 0.6041666666666666 0.6046511627906976 0.48936170212765956 0.6578947368421053 0.6842105263157895 0.6486486486486487 0.6486486486486487 0.625 0.6 0.6857142857142857
X11012310 0.463768115942029 0.4 0.3333333333333333 0.3333333333333333 0.35294117647058826 0.375 0.2911392405063291 0.2857142857142857 0.34375 0.2 0.375 0.37777777777777777 0.2857142857142857 0.08333333333333333 0.25 0.5483870967741935 0.05555555555555555 0.3888888888888889 0.3473684210526316 0.1
X11012610 0.3974358974358974 0.36363636363636365 0.367816091954023 0.3888888888888889 0.3333333333333333 0.3488372093023256 0.38372093023255816 0.367816091954023 0.38372093023255816 0.3473684210526316 0.16666666666666666 0.38372093023255816 0.47619047619047616 0.3888888888888889 0.3404255319148936 0.3924050632911392 0.0 0.41509433962264153 0.0 0.25
X12013410 0.32926829268292684 0.17391304347826086 0.38202247191011235 0.4418604651162791 0.47692307692307695 0.3626373626373626 0.4461538461538462 0.26666666666666666 0.5882352941176471 0.43478260869565216 0.4666666666666667 0.36082474226804123 0.275 0.4 0.4603174603174603 0.35051546391752575 0.29069767441860467 0.34545454545454546 0.47761194029850745 0.42105263157894735
X11013310 0.2222222222222222 0.3333333333333333 0.16 0.43859649122807015 0.37755102040816324 0.5 0.4666666666666667 0.5178571428571429 0.3394495412844037 0.375 0.3150684931506849 0.3695652173913043 0.3880597014925373 0.32432432432432434 0.4339622641509434 0.38095238095238093 0.26373626373626374 0.675 0.29577464788732394 0.509090909090909
X12012310 0.3333333333333333 0.43661971830985913 0.3387096774193548 0.3793103448275862 0.4025974025974026 0.15789473684210525 0.35714285714285715 0.21428571428571427 0.4246575342465753 0.3626373626373626 0.20833333333333334 0.5 0.2247191011235955 0.16666666666666666 0.3076923076923077 0.0 0.0 0.4444444444444444 0.35353535353535354 0.3829787234042553
X13002310 0.5952380952380952 0.6428571428571429 0.6222222222222222 0.6511627906976745 0.6136363636363636 0.627906976744186 0.6666666666666666 0.6444444444444445 0.5652173913043478 0.5510204081632653 0.5490196078431373 0.6222222222222222 0.65 0.6170212765957447 0.6428571428571429 0.625 0.6428571428571429 0.6857142857142857 0.6363636363636364 0.631578947368421
