X11002301 0.0 0.7027027027027027 0.0 0.0 0.0 0.05405405405405406 0.0 0.918918918918919 0.7027027027027027 0.0 0.0 0.0 0.0 0.0 0.8648648648648649 0.0 0.08108108108108109 0.0 0.0 0.0
X11013410 0.32432432432432434 0.13513513513513514 0.918918918918919 0.918918918918919 0.8378378378378378 0.7837837837837838 0.8378378378378378 0.7027027027027027 0.8108108108108109 0.5135135135135135 1.0 0.2702702702702703 0.08108108108108109 0.02702702702702703 0.5135135135135135 0.0 0.918918918918919 0.0 0.05405405405405406 0.8108108108108109
X11002310 0.7027027027027027 0.6756756756756757 0.6756756756756757 0.6756756756756757 0.5405405405405406 0.7027027027027027 0.7027027027027027 0.7027027027027027 0.6486486486486487 0.5945945945945946 0.6216216216216216 0.6756756756756757 0.7027027027027027 0.6216216216216216 0.6216216216216216 0.7567567567567568 0.6486486486486487 0.7297297297297297 0.6486486486486487 0.6216216216216216
X12013610 0.8918918918918919 0.8378378378378378 0.24324324324324326 0.13513513513513514 0.8108108108108109 0.7837837837837838 0.5675675675675675 0.7567567567567568 0.5135135135135135 0.7837837837837838 0.7567567567567568 0.918918918918919 0.8378378378378378 0.7027027027027027 0.7837837837837838 0.05405405405405406 0.7837837837837838 0.8648648648648649 1.0 0.8378378378378378
X11002310 0.7297297297297297 0.7297297297297297 0.7027027027027027 0.6756756756756757 0.7027027027027027 0.7567567567567568 0.6756756756756757 0.6486486486486487 0.6486486486486487 0.6756756756756757 0.7837837837837838 0.7027027027027027 0.6216216216216216 0.6756756756756757 0.7027027027027027 0.6486486486486487 0.6486486486486487 0.6756756756756757 0.7297297297297297 0.6486486486486487
X11012310 0.8648648648648649 0.16216216216216217 0.8378378378378378 0.6486486486486487 0.6486486486486487 0.16216216216216217 0.6216216216216216 0.10810810810810811 0.8918918918918919 0.13513513513513514 0.16216216216216217 0.918918918918919 0.10810810810810811 0.02702702702702703 0.13513513513513514 0.4594594594594595 0.02702702702702703 0.9459459459459459 0.8918918918918919 0.02702702702702703
X11012610 0.8378378378378378 0.10810810810810811 0.8648648648648649 0.9459459459459459 0.32432432432432434 0.40540540540540543 0.8918918918918919 0.8648648648648649 0.8918918918918919 0.8918918918918919 0.10810810810810811 0.8918918918918919 0.8108108108108109 0.9459459459459459 0.8648648648648649 0.8378378378378378 0.0 0.5945945945945946 0.0 0.05405405405405406
X12013410 0.7297297297297297 0.10810810810810811 0.918918918918919 0.5135135135135135 0.8378378378378378 0.8918918918918919 0.7837837837837838 0.10810810810810811 0.8108108108108109 0.5405405405405406 0.3783783783783784 0.9459459459459459 0.5945945945945946 0.972972972972973 0.7837837837837838 0.918918918918919 0.6756756756756757 0.5135135135135135 0.8648648648648649 0.8648648648648649
X11013310 0.05405405405405406 0.6216216216216216 0.10810810810810811 0.6756756756756757 1.0 0.16216216216216217 0.3783783783783784 0.7837837837837838 1.0 0.4864864864864865 0.6216216216216216 0.918918918918919 0.7027027027027027 0.6486486486486487 0.6216216216216216 0.8648648648648649 0.6486486486486487 0.7297297297297297 0.5675675675675675 0.7567567567567568
X12012310 0.02702702702702703 0.8378378378378378 0.5675675675675675 0.8918918918918919 0.8378378378378378 0.08108108108108109 0.9459459459459459 0.08108108108108109 0.8378378378378378 0.8918918918918919 0.13513513513513514 0.7567567567567568 0.5405405405405406 0.10810810810810811 0.21621621621621623 0.0 0.0 0.8648648648648649 0.9459459459459459 0.972972972972973
X13002310 0.6756756756756757 0.7297297297297297 0.7567567567567568 0.7567567567567568 0.7297297297297297 0.7297297297297297 0.7027027027027027 0.7837837837837838 0.7027027027027027 0.7297297297297297 0.7567567567567568 0.7567567567567568 0.7027027027027027 0.7837837837837838 0.7297297297297297 0.6756756756756757 0.7297297297297297 0.6486486486486487 0.7567567567567568 0.6486486486486487
