X11002301 4.8410725593566895 0.9501831531524658 0.9642446041107178 0.9957926273345947 1.0176472663879395 1.0807757377624512 1.130742073059082 1.1482505798339844 1.227060317993164 1.2495293617248535 1.3187570571899414 1.3204185962677002 1.3850481510162354 1.448099136352539 1.4642910957336426 1.514125108718872 1.6834475994110107 1.6285755634307861 1.6682908535003662 1.7081983089447021
X11013410 1.8278098106384277 1.9009931087493896 1.941627025604248 2.0051722526550293 2.0643179416656494 2.1232402324676514 2.2004528045654297 2.422441244125366 2.3243749141693115 2.364323616027832 2.3524932861328125 2.4250032901763916 2.4695870876312256 2.5601139068603516 2.5811543464660645 2.6614580154418945 2.7557194232940674 2.753533124923706 2.858325481414795 2.83862566947937
X11002310 2.924710750579834 3.0144152641296387 3.018329620361328 3.0827276706695557 3.177915334701538 3.2328059673309326 3.5358686447143555 3.4058752059936523 3.433063268661499 3.518378973007202 3.53593111038208 3.5877766609191895 3.6163668632507324 3.7584574222564697 3.7969024181365967 3.8466172218322754 3.897736072540283 3.9691340923309326 4.000543594360352 4.1894752979278564
X12013610 4.409718990325928 4.523541212081909 4.570394992828369 4.588583946228027 4.982527017593384 4.827476501464844 4.905673265457153 4.935864686965942 5.044645547866821 5.041805982589722 5.1831114292144775 5.259386301040649 5.297573089599609 5.411689758300781 5.505971193313599 5.525400161743164 5.597900152206421 5.65543532371521 5.7229228019714355 5.823296785354614
X11002310 5.732325553894043 5.796344995498657 5.895095348358154 5.953649997711182 6.005795478820801 6.116365671157837 6.11918830871582 6.181878328323364 6.218237400054932 6.55531907081604 6.389589309692383 6.466387510299683 6.5187647342681885 6.555297136306763 6.662238836288452 6.641043186187744 6.701878070831299 6.788985967636108 6.8067686557769775 7.044539213180542
X11012310 6.989835977554321 7.163579225540161 7.181077718734741 7.225876092910767 7.280012607574463 7.437555313110352 7.449760675430298 7.4998862743377686 7.597793817520142 7.680883169174194 7.753061294555664 7.767217636108398 7.858185291290283 7.898645877838135 7.966093063354492 8.020706176757812 8.082274436950684 8.22237491607666 8.184088945388794 8.262425422668457
X11012610 8.44529414176941 8.513333797454834 8.611619710922241 8.568426370620728 8.628844738006592 8.922301292419434 8.77720022201538 8.84714388847351 8.926217079162598 9.075522661209106 9.032714366912842 9.115443468093872 9.164806127548218 9.218040466308594 9.283937931060791 9.344299077987671 9.443063735961914 9.493098974227905 9.478727340698242 9.550682067871094
X12013410 10.00373649597168 9.995099544525146 10.136766910552979 10.178872346878052 10.21728777885437 10.348163843154907 10.437598943710327 10.493962287902832 10.693786144256592 10.665029525756836 10.654192686080933 10.747592210769653 10.88208794593811 10.922702312469482 11.479449987411499 11.114168643951416 11.196515560150146 11.282747030258179 11.368433475494385 11.397623062133789
X11013310 11.394639015197754 11.483620643615723 11.550080299377441 11.565315246582031 11.620247602462769 11.662461757659912 11.748373746871948 11.992603778839111 11.826421022415161 11.909340381622314 12.017328262329102 12.067492246627808 12.082864999771118 12.175483703613281 12.229252815246582 12.312655925750732 12.363348007202148 12.46054220199585 12.421821355819702 12.521194458007812
X12012310 12.991898775100708 12.950940370559692 13.01443338394165 13.12825608253479 13.35434365272522 13.311172723770142 13.425230264663696 13.514797925949097 13.602228164672852 13.689357995986938 13.739728927612305 13.770401954650879 13.851232767105103 14.106128692626953 14.01643681526184 14.110246419906616 14.857215404510498 14.346399784088135 14.452487468719482 14.50614333152771
X13002310 14.722134590148926 14.916148662567139 14.902968645095825 14.984000444412231 15.118796586990356 15.176305055618286 15.29710602760315 15.356239080429077 15.451695203781128 15.556318283081055 15.614993810653687 15.708388090133667 15.8240225315094 16.00230097770691 15.962908029556274 15.988974571228027 16.213728189468384 16.242377758026123 16.317787408828735 16.341567039489746
