

Experiment 1: {"deep_learner": true, "n_layers": 3, "lipschitz_lr": false, "reduce_data": true, "embedding_dims": 2, "k": 3, "oversample": true, "activation": "relu"}
WARNING:tensorflow:From /usr/local/lib/python3.6/dist-packages/tensorflow_core/python/ops/resource_variable_ops.py:1630: calling BaseResourceVariable.__init__ (from tensorflow.python.ops.resource_variable_ops) with constraint is deprecated and will be removed in a future version.
Instructions for updating:
If using Keras pass *_constraint arguments to layers.
Precision: [0.23423423423423423, 0.23423423423423423, 0.23423423423423423, 0.23423423423423423, 0.23423423423423423, 0.23423423423423423, 0.23423423423423423, 0.23423423423423423, 0.23423423423423423, 0.29508196721311475, 0.23423423423423423, 0.23423423423423423, 0.23423423423423423, 0.23423423423423423, 0.23423423423423423, 0.23423423423423423, 0.23423423423423423, 0.23423423423423423, 0.23423423423423423, 0.23423423423423423] 
Recall: [1.0, 1.0, 1.0, 1.0, 1.0, 1.0, 1.0, 1.0, 1.0, 0.6923076923076923, 1.0, 1.0, 1.0, 1.0, 1.0, 1.0, 1.0, 1.0, 1.0, 1.0] 
F1: [0.3795620437956204, 0.3795620437956204, 0.3795620437956204, 0.3795620437956204, 0.3795620437956204, 0.3795620437956204, 0.3795620437956204, 0.3795620437956204, 0.3795620437956204, 0.41379310344827586, 0.3795620437956204, 0.3795620437956204, 0.3795620437956204, 0.3795620437956204, 0.3795620437956204, 0.3795620437956204, 0.3795620437956204, 0.3795620437956204, 0.3795620437956204, 0.3795620437956204] 
Runtime: [7.076105356216431, 7.180780649185181, 7.327337741851807, 7.490635633468628, 7.664250612258911, 7.77667236328125, 7.861367464065552, 7.984450101852417, 8.119429111480713, 8.196144580841064, 8.432007074356079, 8.590250253677368, 8.729792833328247, 8.72141695022583, 8.775696277618408, 8.921935319900513, 9.037469387054443, 9.094584226608276, 9.540537595748901, 9.38876485824585]

Experiment 2: {"deep_learner": true, "n_layers": 2, "lipschitz_lr": false, "reduce_data": true, "embedding_dims": 3, "k": 3, "oversample": true, "activation": "relu"}
Precision: [0.24875621890547264, 0.23423423423423423, 0.23423423423423423, 0.23423423423423423, 0.2512820512820513, 0.23423423423423423, 0.23423423423423423, 0.24858757062146894, 0.2645161290322581, 0.23423423423423423, 0.2578947368421053, 0.2803030303030303, 0.23423423423423423, 0.2781954887218045, 0.23696682464454977, 0.25257731958762886, 0.23636363636363636, 0.2474747474747475, 0.2538860103626943, 0.26] 
Recall: [0.9615384615384616, 1.0, 1.0, 1.0, 0.9423076923076923, 1.0, 1.0, 0.8461538461538461, 0.7884615384615384, 1.0, 0.9423076923076923, 0.7115384615384616, 1.0, 0.7115384615384616, 0.9615384615384616, 0.9423076923076923, 1.0, 0.9423076923076923, 0.9423076923076923, 0.75] 
F1: [0.3952569169960474, 0.3795620437956204, 0.3795620437956204, 0.3795620437956204, 0.39676113360323884, 0.3795620437956204, 0.3795620437956204, 0.38427947598253276, 0.39613526570048313, 0.3795620437956204, 0.40495867768595045, 0.40217391304347827, 0.3795620437956204, 0.4, 0.38022813688212925, 0.3983739837398374, 0.3823529411764706, 0.39200000000000007, 0.4, 0.38613861386138615] 
Runtime: [9.466862916946411, 9.500621318817139, 9.610812425613403, 9.694512128829956, 9.872442245483398, 10.02269196510315, 10.091917753219604, 10.194981098175049, 10.281315565109253, 10.446834087371826, 10.541812658309937, 10.692082643508911, 10.6097252368927, 11.516055822372437, 10.885257244110107, 11.033864974975586, 10.996819972991943, 11.231378078460693, 11.818456411361694, 11.452301979064941]

Experiment 3: {"deep_learner": true, "n_layers": 3, "lipschitz_lr": false, "reduce_data": true, "embedding_dims": 2, "k": 4, "oversample": true, "activation": "relu"}
Precision: [0.23423423423423423, 0.2512820512820513, 0.23423423423423423, 0.23423423423423423, 0.23423423423423423, 0.23423423423423423, 0.23423423423423423, 0.23423423423423423, 0.23423423423423423, 0.25748502994011974, 0.23423423423423423, 0.23423423423423423, 0.23423423423423423, 0.26229508196721313, 0.23423423423423423, 0.23423423423423423, 0.23423423423423423, 0.23423423423423423, 0.23423423423423423, 0.23423423423423423] 
Recall: [1.0, 0.9423076923076923, 1.0, 1.0, 1.0, 1.0, 1.0, 1.0, 1.0, 0.8269230769230769, 1.0, 1.0, 1.0, 0.9230769230769231, 1.0, 1.0, 1.0, 1.0, 1.0, 1.0] 
F1: [0.3795620437956204, 0.39676113360323884, 0.3795620437956204, 0.3795620437956204, 0.3795620437956204, 0.3795620437956204, 0.3795620437956204, 0.3795620437956204, 0.3795620437956204, 0.3926940639269406, 0.3795620437956204, 0.3795620437956204, 0.3795620437956204, 0.4085106382978723, 0.3795620437956204, 0.3795620437956204, 0.3795620437956204, 0.3795620437956204, 0.3795620437956204, 0.3795620437956204] 
Runtime: [11.985063314437866, 12.385701656341553, 12.01437520980835, 12.22266936302185, 12.383893013000488, 12.398742437362671, 12.675787448883057, 12.688120365142822, 12.746428966522217, 12.895007371902466, 12.938874959945679, 13.23567819595337, 13.375962972640991, 13.462259292602539, 13.501333236694336, 13.615029573440552, 13.684687852859497, 14.108803033828735, 14.062717199325562, 14.248367309570312]

Experiment 4: {"deep_learner": true, "n_layers": 3, "lipschitz_lr": false, "reduce_data": true, "embedding_dims": 3, "k": 6, "oversample": true, "activation": "relu"}
Precision: [0.23423423423423423, 0.23423423423423423, 0.23423423423423423, 0.23423423423423423, 0.23423423423423423, 0.23423423423423423, 0.23423423423423423, 0.23423423423423423, 0.23423423423423423, 0.23423423423423423, 0.23423423423423423, 0.3037974683544304, 0.23423423423423423, 0.23423423423423423, 0.23423423423423423, 0.29651162790697677, 0.23423423423423423, 0.23423423423423423, 0.23423423423423423, 0.23423423423423423] 
Recall: [1.0, 1.0, 1.0, 1.0, 1.0, 1.0, 1.0, 1.0, 1.0, 1.0, 1.0, 0.9230769230769231, 1.0, 1.0, 1.0, 0.9807692307692307, 1.0, 1.0, 1.0, 1.0] 
F1: [0.3795620437956204, 0.3795620437956204, 0.3795620437956204, 0.3795620437956204, 0.3795620437956204, 0.3795620437956204, 0.3795620437956204, 0.3795620437956204, 0.3795620437956204, 0.3795620437956204, 0.3795620437956204, 0.45714285714285713, 0.3795620437956204, 0.3795620437956204, 0.3795620437956204, 0.45535714285714296, 0.3795620437956204, 0.3795620437956204, 0.3795620437956204, 0.3795620437956204] 
Runtime: [14.440888166427612, 14.324692726135254, 14.650052785873413, 14.764841079711914, 14.924998044967651, 14.97482705116272, 15.33795690536499, 15.9282546043396, 15.299162149429321, 15.534727573394775, 15.325305938720703, 15.371880531311035, 15.533132076263428, 15.73582148551941, 16.108853578567505, 15.799760818481445, 16.023316383361816, 16.01432991027832, 16.056808948516846, 16.238604307174683]

Experiment 5: {"deep_learner": true, "n_layers": 2, "lipschitz_lr": false, "reduce_data": true, "embedding_dims": 2, "k": 3, "oversample": true, "activation": "relu"}
Precision: [0.23423423423423423, 0.23423423423423423, 0.23423423423423423, 0.29069767441860467, 0.23423423423423423, 0.23423423423423423, 0.23423423423423423, 0.23423423423423423, 0.23076923076923078, 0.23423423423423423, 0.23423423423423423, 0.23076923076923078, 0.23423423423423423, 0.23423423423423423, 0.23423423423423423, 0.23423423423423423, 0.22388059701492538, 0.23423423423423423, 0.30578512396694213, 0.23423423423423423] 
Recall: [1.0, 1.0, 1.0, 0.9615384615384616, 1.0, 1.0, 1.0, 1.0, 0.9807692307692307, 1.0, 1.0, 0.9807692307692307, 1.0, 1.0, 1.0, 1.0, 0.8653846153846154, 1.0, 0.7115384615384616, 1.0] 
F1: [0.3795620437956204, 0.3795620437956204, 0.3795620437956204, 0.44642857142857145, 0.3795620437956204, 0.3795620437956204, 0.3795620437956204, 0.3795620437956204, 0.37362637362637363, 0.3795620437956204, 0.3795620437956204, 0.37362637362637363, 0.3795620437956204, 0.3795620437956204, 0.3795620437956204, 0.3795620437956204, 0.3557312252964427, 0.3795620437956204, 0.4277456647398844, 0.3795620437956204] 
Runtime: [16.39919376373291, 16.39139485359192, 16.388610124588013, 16.62224006652832, 16.69377326965332, 16.774017572402954, 16.96458125114441, 17.099286556243896, 17.234594106674194, 17.221198320388794, 17.877075672149658, 17.463471174240112, 17.518930673599243, 17.55304527282715, 17.808995723724365, 17.881383895874023, 17.975466012954712, 18.061519145965576, 18.134320497512817, 18.325435161590576]

Experiment 6: {"deep_learner": true, "n_layers": 3, "lipschitz_lr": false, "reduce_data": true, "embedding_dims": 3, "k": 5, "oversample": true, "activation": "relu"}
Precision: [0.26262626262626265, 0.2549019607843137, 0.23423423423423423, 0.3037974683544304, 0.23423423423423423, 0.23423423423423423, 0.23423423423423423, 0.26063829787234044, 0.23423423423423423, 0.23423423423423423, 0.23423423423423423, 0.23394495412844038, 0.23423423423423423, 0.23423423423423423, 0.23423423423423423, 0.2389937106918239, 0.2746478873239437, 0.23423423423423423, 0.23423423423423423, 0.22448979591836735] 
Recall: [1.0, 0.75, 1.0, 0.9230769230769231, 1.0, 1.0, 1.0, 0.9423076923076923, 1.0, 1.0, 1.0, 0.9807692307692307, 1.0, 1.0, 1.0, 0.7307692307692307, 0.75, 1.0, 1.0, 0.8461538461538461] 
F1: [0.4160000000000001, 0.3804878048780488, 0.3795620437956204, 0.45714285714285713, 0.3795620437956204, 0.3795620437956204, 0.3795620437956204, 0.4083333333333333, 0.3795620437956204, 0.3795620437956204, 0.3795620437956204, 0.3777777777777778, 0.3795620437956204, 0.3795620437956204, 0.3795620437956204, 0.36018957345971564, 0.40206185567010305, 0.3795620437956204, 0.3795620437956204, 0.3548387096774194] 
Runtime: [18.93596339225769, 18.864367961883545, 18.814683437347412, 18.989628314971924, 19.105642080307007, 19.401730060577393, 19.891083478927612, 19.461982488632202, 19.58462905883789, 19.65130877494812, 19.696945190429688, 19.900378465652466, 20.817402362823486, 20.405792474746704, 20.446600437164307, 20.45892882347107, 20.521923542022705, 20.711230278015137, 20.96626591682434, 20.775551319122314]

Experiment 7: {"deep_learner": true, "n_layers": 1, "lipschitz_lr": false, "reduce_data": true, "embedding_dims": 2, "k": 6, "oversample": true, "activation": "relu"}
Precision: [0.23423423423423423, 0.23423423423423423, 0.23423423423423423, 0.23423423423423423, 0.2752808988764045, 0.2598870056497175, 0.25, 0.23423423423423423, 0.29878048780487804, 0.23076923076923078, 0.2538860103626943, 0.23529411764705882, 0.23423423423423423, 0.24873096446700507, 0.23423423423423423, 0.23423423423423423, 0.23423423423423423, 0.23423423423423423, 0.23963133640552994, 0.23423423423423423] 
Recall: [1.0, 1.0, 1.0, 1.0, 0.9423076923076923, 0.8846153846153846, 0.9423076923076923, 1.0, 0.9423076923076923, 0.9807692307692307, 0.9423076923076923, 1.0, 1.0, 0.9423076923076923, 1.0, 1.0, 1.0, 1.0, 1.0, 1.0] 
F1: [0.3795620437956204, 0.3795620437956204, 0.3795620437956204, 0.3795620437956204, 0.42608695652173906, 0.4017467248908297, 0.3951612903225806, 0.3795620437956204, 0.4537037037037036, 0.37362637362637363, 0.4, 0.38095238095238093, 0.3795620437956204, 0.39357429718875503, 0.3795620437956204, 0.3795620437956204, 0.3795620437956204, 0.3795620437956204, 0.3866171003717472, 0.3795620437956204] 
Runtime: [20.867989778518677, 20.97118592262268, 21.131667613983154, 21.553345918655396, 21.16127371788025, 21.234706163406372, 21.292518138885498, 22.05468201637268, 22.103246688842773, 21.552154779434204, 21.898353815078735, 21.91097855567932, 21.952574491500854, 21.9709689617157, 22.2542827129364, 22.29859948158264, 22.366321086883545, 22.592549800872803, 22.343770503997803, 22.447738885879517]

Experiment 8: {"deep_learner": true, "n_layers": 3, "lipschitz_lr": false, "reduce_data": true, "embedding_dims": 2, "k": 7, "oversample": true, "activation": "relu"}
Precision: [0.23423423423423423, 0.23423423423423423, 0.23423423423423423, 0.23423423423423423, 0.23423423423423423, 0.23423423423423423, 0.38823529411764707, 0.23423423423423423, 0.23423423423423423, 0.23423423423423423, 0.23423423423423423, 0.23423423423423423, 0.23423423423423423, 0.23423423423423423, 0.25, 0.23423423423423423, 0.23423423423423423, 0.23423423423423423, 0.23423423423423423, 0.24401913875598086] 
Recall: [1.0, 1.0, 1.0, 1.0, 1.0, 1.0, 0.6346153846153846, 1.0, 1.0, 1.0, 1.0, 1.0, 1.0, 1.0, 0.9423076923076923, 1.0, 1.0, 1.0, 1.0, 0.9807692307692307] 
F1: [0.3795620437956204, 0.3795620437956204, 0.3795620437956204, 0.3795620437956204, 0.3795620437956204, 0.3795620437956204, 0.48175182481751827, 0.3795620437956204, 0.3795620437956204, 0.3795620437956204, 0.3795620437956204, 0.3795620437956204, 0.3795620437956204, 0.3795620437956204, 0.3951612903225806, 0.3795620437956204, 0.3795620437956204, 0.3795620437956204, 0.3795620437956204, 0.39080459770114945] 
Runtime: [22.869844436645508, 23.09041690826416, 23.0772705078125, 23.695642709732056, 23.567838668823242, 23.61540961265564, 23.61989998817444, 23.733672380447388, 24.00246000289917, 24.34679675102234, 24.13295078277588, 24.169456958770752, 24.4001567363739, 24.51969575881958, 24.643029928207397, 24.831366777420044, 25.17446804046631, 25.585333108901978, 25.20598602294922, 25.03007984161377]

Experiment 9: {"deep_learner": true, "n_layers": 2, "lipschitz_lr": false, "reduce_data": true, "embedding_dims": 3, "k": 4, "oversample": true, "activation": "relu"}
Precision: [0.29508196721311475, 0.23423423423423423, 0.23423423423423423, 0.27906976744186046, 0.2948717948717949, 0.2328767123287671, 0.23423423423423423, 0.23423423423423423, 0.29936305732484075, 0.23423423423423423, 0.23423423423423423, 0.23423423423423423, 0.23423423423423423, 0.23423423423423423, 0.272108843537415, 0.23423423423423423, 0.26344086021505375, 0.22916666666666666, 0.23423423423423423, 0.29012345679012347] 
Recall: [0.6923076923076923, 1.0, 1.0, 0.9230769230769231, 0.8846153846153846, 0.9807692307692307, 1.0, 1.0, 0.9038461538461539, 1.0, 1.0, 1.0, 1.0, 1.0, 0.7692307692307693, 1.0, 0.9423076923076923, 0.8461538461538461, 1.0, 0.9038461538461539] 
F1: [0.41379310344827586, 0.3795620437956204, 0.3795620437956204, 0.42857142857142855, 0.4423076923076923, 0.3763837638376384, 0.3795620437956204, 0.3795620437956204, 0.4497607655502392, 0.3795620437956204, 0.3795620437956204, 0.3795620437956204, 0.3795620437956204, 0.3795620437956204, 0.40201005025125636, 0.3795620437956204, 0.4117647058823529, 0.360655737704918, 0.3795620437956204, 0.4392523364485981] 
Runtime: [24.959192514419556, 25.308921813964844, 25.45058298110962, 25.228012323379517, 25.222683668136597, 25.48190140724182, 25.86753821372986, 25.833271980285645, 25.619817972183228, 25.579752683639526, 25.635378122329712, 26.584303855895996, 25.8368022441864, 25.92003059387207, 26.880000829696655, 26.327155351638794, 26.453050136566162, 26.50939917564392, 26.39986562728882, 26.635164260864258]

Experiment 10: {"deep_learner": true, "n_layers": 2, "lipschitz_lr": false, "reduce_data": true, "embedding_dims": 2, "k": 6, "oversample": true, "activation": "relu"}
Precision: [0.23423423423423423, 0.22966507177033493, 0.23423423423423423, 0.23423423423423423, 0.2692307692307692, 0.23423423423423423, 0.23423423423423423, 0.23423423423423423, 0.3032258064516129, 0.23423423423423423, 0.23423423423423423, 0.23423423423423423, 0.2347417840375587, 0.23423423423423423, 0.23423423423423423, 0.23423423423423423, 0.23423423423423423, 0.2578947368421053, 0.23423423423423423, 0.23423423423423423] 
Recall: [1.0, 0.9230769230769231, 1.0, 1.0, 0.9423076923076923, 1.0, 1.0, 1.0, 0.9038461538461539, 1.0, 1.0, 1.0, 0.9615384615384616, 1.0, 1.0, 1.0, 1.0, 0.9423076923076923, 1.0, 1.0] 
F1: [0.3795620437956204, 0.367816091954023, 0.3795620437956204, 0.3795620437956204, 0.4188034188034188, 0.3795620437956204, 0.3795620437956204, 0.3795620437956204, 0.4541062801932368, 0.3795620437956204, 0.3795620437956204, 0.3795620437956204, 0.37735849056603776, 0.3795620437956204, 0.3795620437956204, 0.3795620437956204, 0.3795620437956204, 0.40495867768595045, 0.3795620437956204, 0.3795620437956204] 
Runtime: [26.640788555145264, 26.85175395011902, 26.791377782821655, 27.359614372253418, 27.056384563446045, 27.32912039756775, 27.34675431251526, 27.612610816955566, 27.56451678276062, 27.582990646362305, 27.835068702697754, 28.422157526016235, 28.020607948303223, 28.18105149269104, 28.290611743927002, 28.441223859786987, 28.286611795425415, 28.4034481048584, 28.407610654830933, 28.604496240615845]

Experiment 11: {"deep_learner": true, "n_layers": 2, "lipschitz_lr": false, "reduce_data": true, "embedding_dims": 3, "k": 6, "oversample": true, "activation": "relu"}
Precision: [0.2922077922077922, 0.2654320987654321, 0.23423423423423423, 0.23423423423423423, 0.23423423423423423, 0.23423423423423423, 0.23423423423423423, 0.26373626373626374, 0.25146198830409355, 0.23423423423423423, 0.23423423423423423, 0.25, 0.23423423423423423, 0.23423423423423423, 0.25, 0.23423423423423423, 0.25806451612903225, 0.23423423423423423, 0.2553191489361702, 0.23423423423423423] 
Recall: [0.8653846153846154, 0.8269230769230769, 1.0, 1.0, 1.0, 1.0, 1.0, 0.9230769230769231, 0.8269230769230769, 1.0, 1.0, 0.75, 1.0, 1.0, 0.9615384615384616, 1.0, 0.9230769230769231, 1.0, 0.9230769230769231, 1.0] 
F1: [0.4368932038834952, 0.40186915887850466, 0.3795620437956204, 0.3795620437956204, 0.3795620437956204, 0.3795620437956204, 0.3795620437956204, 0.41025641025641024, 0.3856502242152466, 0.3795620437956204, 0.3795620437956204, 0.375, 0.3795620437956204, 0.3795620437956204, 0.3968253968253968, 0.3795620437956204, 0.40336134453781514, 0.3795620437956204, 0.4, 0.3795620437956204] 
Runtime: [28.79667353630066, 28.586538791656494, 29.012741327285767, 28.874410390853882, 29.089149713516235, 29.18082880973816, 29.330960273742676, 29.593976497650146, 29.353566646575928, 29.68148159980774, 30.226795434951782, 30.256834745407104, 30.154242992401123, 30.19528818130493, 30.26469111442566, 30.343974113464355, 30.450838327407837, 30.496341228485107, 30.499759435653687, 30.742158889770508]

Experiment 12: {"deep_learner": true, "n_layers": 3, "lipschitz_lr": false, "reduce_data": true, "embedding_dims": 3, "k": 3, "oversample": true, "activation": "relu"}
Precision: [0.23423423423423423, 0.24203821656050956, 0.23423423423423423, 0.2733812949640288, 0.24277456647398843, 0.23423423423423423, 0.22277227722772278, 0.2318181818181818, 0.23423423423423423, 0.23423423423423423, 0.23423423423423423, 0.23423423423423423, 0.23423423423423423, 0.23423423423423423, 0.24358974358974358, 0.23423423423423423, 0.26519337016574585, 0.23423423423423423, 0.23423423423423423, 0.2857142857142857] 
Recall: [1.0, 0.7307692307692307, 1.0, 0.7307692307692307, 0.8076923076923077, 1.0, 0.8653846153846154, 0.9807692307692307, 1.0, 1.0, 1.0, 1.0, 1.0, 1.0, 0.7307692307692307, 1.0, 0.9230769230769231, 1.0, 1.0, 0.8461538461538461] 
F1: [0.3795620437956204, 0.3636363636363636, 0.3795620437956204, 0.3979057591623037, 0.37333333333333335, 0.3795620437956204, 0.35433070866141736, 0.375, 0.3795620437956204, 0.3795620437956204, 0.3795620437956204, 0.3795620437956204, 0.3795620437956204, 0.3795620437956204, 0.36538461538461536, 0.3795620437956204, 0.41201716738197425, 0.3795620437956204, 0.3795620437956204, 0.42718446601941745] 
Runtime: [30.638052940368652, 31.44867515563965, 31.167890548706055, 31.225836038589478, 31.211957931518555, 31.625476121902466, 32.901084184646606, 32.09628677368164, 32.42380237579346, 32.065911054611206, 32.48223519325256, 32.82884383201599, 32.441572427749634, 32.6099796295166, 32.6362419128418, 33.23267364501953, 32.99691128730774, 32.99547457695007, 32.874775886535645, 33.185964584350586]

Experiment 13: {"deep_learner": true, "n_layers": 2, "lipschitz_lr": false, "reduce_data": true, "embedding_dims": 3, "k": 7, "oversample": true, "activation": "relu"}
Precision: [0.27485380116959063, 0.23423423423423423, 0.23423423423423423, 0.23423423423423423, 0.23423423423423423, 0.23423423423423423, 0.23423423423423423, 0.23423423423423423, 0.23728813559322035, 0.23423423423423423, 0.26063829787234044, 0.23423423423423423, 0.27350427350427353, 0.2552083333333333, 0.23529411764705882, 0.23423423423423423, 0.2300469483568075, 0.2537313432835821, 0.23423423423423423, 0.23423423423423423] 
Recall: [0.9038461538461539, 1.0, 1.0, 1.0, 1.0, 1.0, 1.0, 1.0, 0.8076923076923077, 1.0, 0.9423076923076923, 1.0, 0.6153846153846154, 0.9423076923076923, 1.0, 1.0, 0.9423076923076923, 0.9807692307692307, 1.0, 1.0] 
F1: [0.42152466367713004, 0.3795620437956204, 0.3795620437956204, 0.3795620437956204, 0.3795620437956204, 0.3795620437956204, 0.3795620437956204, 0.3795620437956204, 0.3668122270742358, 0.3795620437956204, 0.4083333333333333, 0.3795620437956204, 0.37869822485207105, 0.40163934426229503, 0.38095238095238093, 0.3795620437956204, 0.36981132075471695, 0.4031620553359684, 0.3795620437956204, 0.3795620437956204] 
Runtime: [33.36813712120056, 33.394054651260376, 33.328187704086304, 33.42155361175537, 33.217461347579956, 33.49364256858826, 33.7057466506958, 35.03757429122925, 34.78389811515808, 33.89441466331482, 34.33819246292114, 34.34039235115051, 34.683794021606445, 34.30564045906067, 34.959481716156006, 35.10551428794861, 34.78092861175537, 35.465479612350464, 34.972742557525635, 36.08457112312317]

Experiment 14: {"deep_learner": true, "n_layers": 2, "lipschitz_lr": false, "reduce_data": true, "embedding_dims": 3, "k": 5, "oversample": true, "activation": "relu"}
Precision: [0.2318181818181818, 0.23423423423423423, 0.3153153153153153, 0.23423423423423423, 0.23423423423423423, 0.2916666666666667, 0.23423423423423423, 0.23423423423423423, 0.23423423423423423, 0.23423423423423423, 0.23423423423423423, 0.23423423423423423, 0.3057324840764331, 0.23423423423423423, 0.22935779816513763, 0.23115577889447236, 0.23423423423423423, 0.23157894736842105, 0.23423423423423423, 0.24875621890547264] 
Recall: [0.9807692307692307, 1.0, 0.6730769230769231, 1.0, 1.0, 0.9423076923076923, 1.0, 1.0, 1.0, 1.0, 1.0, 1.0, 0.9230769230769231, 1.0, 0.9615384615384616, 0.8846153846153846, 1.0, 0.8461538461538461, 1.0, 0.9615384615384616] 
F1: [0.375, 0.3795620437956204, 0.4294478527607362, 0.3795620437956204, 0.3795620437956204, 0.4454545454545455, 0.3795620437956204, 0.3795620437956204, 0.3795620437956204, 0.3795620437956204, 0.3795620437956204, 0.3795620437956204, 0.4593301435406699, 0.3795620437956204, 0.37037037037037035, 0.3665338645418327, 0.3795620437956204, 0.36363636363636365, 0.3795620437956204, 0.3952569169960474] 
Runtime: [35.96910786628723, 35.86954617500305, 35.992194175720215, 36.20953321456909, 36.86944580078125, 36.18971657752991, 37.04188776016235, 36.942994594573975, 36.68558716773987, 37.4286425113678, 36.646157026290894, 37.13953685760498, 37.44636297225952, 36.929548501968384, 37.60016703605652, 37.32369923591614, 37.38252544403076, 37.44297122955322, 37.65667200088501, 39.29489731788635]

Experiment 15: {"deep_learner": true, "n_layers": 1, "lipschitz_lr": false, "reduce_data": true, "embedding_dims": 3, "k": 5, "oversample": true, "activation": "parabola"}
Precision: [0.2318840579710145, 0.23423423423423423, 0.3404255319148936, 0.3333333333333333, 0.23423423423423423, 0.24022346368715083, 0.296875, 0.24083769633507854, 0.3448275862068966, 0.2358490566037736, 0.2304147465437788, 0.2357142857142857, 0.2857142857142857, 0.23423423423423423, 0.24456521739130435, 0.23423423423423423, 0.26506024096385544, 0.23076923076923078, 0.23696682464454977, 0.23076923076923078] 
Recall: [0.9230769230769231, 1.0, 0.6153846153846154, 0.4230769230769231, 1.0, 0.8269230769230769, 0.36538461538461536, 0.8846153846153846, 0.5769230769230769, 0.9615384615384616, 0.9615384615384616, 0.6346153846153846, 0.5769230769230769, 1.0, 0.8653846153846154, 1.0, 0.8461538461538461, 0.8076923076923077, 0.9615384615384616, 0.9807692307692307] 
F1: [0.3706563706563707, 0.3795620437956204, 0.4383561643835616, 0.3728813559322034, 0.3795620437956204, 0.3722943722943723, 0.32758620689655166, 0.37860082304526754, 0.4316546762589928, 0.3787878787878788, 0.37174721189591076, 0.34375, 0.38216560509554137, 0.3795620437956204, 0.3813559322033898, 0.3795620437956204, 0.4036697247706422, 0.358974358974359, 0.38022813688212925, 0.37362637362637363] 
Runtime: [38.67167901992798, 38.63816547393799, 38.70915913581848, 39.60003209114075, 38.331053018569946, 38.84894895553589, 38.87864565849304, 39.66266489028931, 39.20733642578125, 39.253995180130005, 39.532697677612305, 40.063453912734985, 39.68550395965576, 39.742756843566895, 40.10330414772034, 39.97698926925659, 40.13549590110779, 41.57022190093994, 40.12151527404785, 42.716875076293945]

Experiment 16: {"deep_learner": true, "n_layers": 1, "lipschitz_lr": false, "reduce_data": true, "embedding_dims": 3, "k": 6, "oversample": true, "activation": "relu"}
Precision: [0.23423423423423423, 0.23423423423423423, 0.23423423423423423, 0.25, 0.22897196261682243, 0.23423423423423423, 0.2926829268292683, 0.23423423423423423, 0.25257731958762886, 0.2774566473988439, 0.2868217054263566, 0.2542372881355932, 0.245, 0.23423423423423423, 0.23423423423423423, 0.2318181818181818, 0.23423423423423423, 0.23423423423423423, 0.23423423423423423, 0.3023255813953488] 
Recall: [1.0, 1.0, 1.0, 0.9615384615384616, 0.9423076923076923, 1.0, 0.6923076923076923, 1.0, 0.9423076923076923, 0.9230769230769231, 0.7115384615384616, 0.8653846153846154, 0.9423076923076923, 1.0, 1.0, 0.9807692307692307, 1.0, 1.0, 1.0, 0.75] 
F1: [0.3795620437956204, 0.3795620437956204, 0.3795620437956204, 0.3968253968253968, 0.3684210526315789, 0.3795620437956204, 0.4114285714285714, 0.3795620437956204, 0.3983739837398374, 0.4266666666666666, 0.40883977900552493, 0.3930131004366812, 0.38888888888888895, 0.3795620437956204, 0.3795620437956204, 0.375, 0.3795620437956204, 0.3795620437956204, 0.3795620437956204, 0.43093922651933697] 
Runtime: [41.21880841255188, 40.39417576789856, 40.90157699584961, 40.423994302749634, 40.36495852470398, 39.66637563705444, 39.57546520233154, 41.76895022392273, 41.98101258277893, 41.192373752593994, 40.36067342758179, 40.53101658821106, 40.51697659492493, 41.804811239242554, 41.500340938568115, 41.08964490890503, 40.662959575653076, 41.957297563552856, 41.8389937877655, 40.92321062088013]

Experiment 17: {"deep_learner": true, "n_layers": 2, "lipschitz_lr": false, "reduce_data": true, "embedding_dims": 2, "k": 4, "oversample": true, "activation": "relu"}
Precision: [0.23423423423423423, 0.23423423423423423, 0.23423423423423423, 0.23423423423423423, 0.23423423423423423, 0.23423423423423423, 0.23423423423423423, 0.23423423423423423, 0.24019607843137256, 0.23423423423423423, 0.23423423423423423, 0.23423423423423423, 0.3032258064516129, 0.23423423423423423, 0.23423423423423423, 0.2328767123287671, 0.23423423423423423, 0.23423423423423423, 0.23423423423423423, 0.23423423423423423] 
Recall: [1.0, 1.0, 1.0, 1.0, 1.0, 1.0, 1.0, 1.0, 0.9423076923076923, 1.0, 1.0, 1.0, 0.9038461538461539, 1.0, 1.0, 0.9807692307692307, 1.0, 1.0, 1.0, 1.0] 
F1: [0.3795620437956204, 0.3795620437956204, 0.3795620437956204, 0.3795620437956204, 0.3795620437956204, 0.3795620437956204, 0.3795620437956204, 0.3795620437956204, 0.3828125, 0.3795620437956204, 0.3795620437956204, 0.3795620437956204, 0.4541062801932368, 0.3795620437956204, 0.3795620437956204, 0.3763837638376384, 0.3795620437956204, 0.3795620437956204, 0.3795620437956204, 0.3795620437956204] 
Runtime: [42.647866010665894, 42.33340620994568, 43.14617371559143, 42.68349313735962, 43.80701160430908, 43.4683997631073, 44.1564462184906, 42.024699211120605, 41.60948443412781, 42.62274217605591, 41.99718499183655, 42.170106410980225, 41.92943978309631, 42.15987038612366, 42.06468629837036, 42.25697445869446, 42.36221790313721, 42.225553035736084, 42.46061301231384, 42.715609312057495]

Experiment 18: {"deep_learner": true, "n_layers": 2, "lipschitz_lr": false, "reduce_data": true, "embedding_dims": 2, "k": 7, "oversample": true, "activation": "relu"}
Precision: [0.23423423423423423, 0.23423423423423423, 0.23423423423423423, 0.23423423423423423, 0.23423423423423423, 0.24479166666666666, 0.23423423423423423, 0.23423423423423423, 0.26811594202898553, 0.23423423423423423, 0.23423423423423423, 0.23423423423423423, 0.23423423423423423, 0.2847682119205298, 0.23423423423423423, 0.23076923076923078, 0.23423423423423423, 0.23423423423423423, 0.23423423423423423, 0.23423423423423423] 
Recall: [1.0, 1.0, 1.0, 1.0, 1.0, 0.9038461538461539, 1.0, 1.0, 0.7115384615384616, 1.0, 1.0, 1.0, 1.0, 0.8269230769230769, 1.0, 0.8653846153846154, 1.0, 1.0, 1.0, 1.0] 
F1: [0.3795620437956204, 0.3795620437956204, 0.3795620437956204, 0.3795620437956204, 0.3795620437956204, 0.3852459016393443, 0.3795620437956204, 0.3795620437956204, 0.38947368421052636, 0.3795620437956204, 0.3795620437956204, 0.3795620437956204, 0.3795620437956204, 0.42364532019704426, 0.3795620437956204, 0.3643724696356275, 0.3795620437956204, 0.3795620437956204, 0.3795620437956204, 0.3795620437956204] 
Runtime: [42.94157552719116, 42.86748027801514, 42.943363904953, 42.546730518341064, 42.846548318862915, 43.68889498710632, 43.164618492126465, 43.08592629432678, 43.25148105621338, 43.3977997303009, 43.431405544281006, 43.872538566589355, 43.98790240287781, 43.677088260650635, 43.90438461303711, 44.469671964645386, 47.53618574142456, 47.844791650772095, 45.75181794166565, 47.823280334472656]

Experiment 19: {"deep_learner": true, "n_layers": 2, "lipschitz_lr": false, "reduce_data": true, "embedding_dims": 2, "k": 5, "oversample": true, "activation": "relu"}
Precision: [0.23423423423423423, 0.23423423423423423, 0.27218934911242604, 0.2909090909090909, 0.23423423423423423, 0.23423423423423423, 0.2874251497005988, 0.2617801047120419, 0.25, 0.23423423423423423, 0.23423423423423423, 0.23423423423423423, 0.25925925925925924, 0.23423423423423423, 0.23423423423423423, 0.23423423423423423, 0.23423423423423423, 0.23423423423423423, 0.23423423423423423, 0.23423423423423423] 
Recall: [1.0, 1.0, 0.8846153846153846, 0.6153846153846154, 1.0, 1.0, 0.9230769230769231, 0.9615384615384616, 0.8461538461538461, 1.0, 1.0, 1.0, 0.8076923076923077, 1.0, 1.0, 1.0, 1.0, 1.0, 1.0, 1.0] 
F1: [0.3795620437956204, 0.3795620437956204, 0.41628959276018096, 0.3950617283950617, 0.3795620437956204, 0.3795620437956204, 0.4383561643835616, 0.4115226337448559, 0.38596491228070173, 0.3795620437956204, 0.3795620437956204, 0.3795620437956204, 0.3925233644859813, 0.3795620437956204, 0.3795620437956204, 0.3795620437956204, 0.3795620437956204, 0.3795620437956204, 0.3795620437956204, 0.3795620437956204] 
Runtime: [49.18845891952515, 45.946526765823364, 46.83356595039368, 46.649975061416626, 46.779776096343994, 50.48451638221741, 48.55922865867615, 47.187424182891846, 47.85254096984863, 47.365007638931274, 50.545836210250854, 51.12231469154358, 48.52908492088318, 47.827048778533936, 48.014023542404175, 49.756807804107666, 49.29205346107483, 49.207561016082764, 49.11920213699341, 50.45900344848633]

Experiment 20: {"deep_learner": true, "n_layers": 1, "lipschitz_lr": false, "reduce_data": true, "embedding_dims": 2, "k": 4, "oversample": true, "activation": "relu"}
Precision: [0.23423423423423423, 0.23423423423423423, 0.2839506172839506, 0.2706766917293233, 0.27692307692307694, 0.2648648648648649, 0.21739130434782608, 0.22395833333333334, 0.2372093023255814, 0.3191489361702128, 0.23076923076923078, 0.2328767123287671, 0.23423423423423423, 0.2807017543859649, 0.233502538071066, 0.24878048780487805, 0.23423423423423423, 0.23423423423423423, 0.2552083333333333, 0.23423423423423423] 
Recall: [1.0, 1.0, 0.8846153846153846, 0.6923076923076923, 0.6923076923076923, 0.9423076923076923, 0.8653846153846154, 0.8269230769230769, 0.9807692307692307, 0.8653846153846154, 0.9807692307692307, 0.9807692307692307, 1.0, 0.9230769230769231, 0.8846153846153846, 0.9807692307692307, 1.0, 1.0, 0.9423076923076923, 1.0] 
F1: [0.3795620437956204, 0.3795620437956204, 0.42990654205607476, 0.3891891891891892, 0.3956043956043956, 0.41350210970464135, 0.34749034749034746, 0.3524590163934427, 0.3820224719101124, 0.46632124352331616, 0.37362637362637363, 0.3763837638376384, 0.3795620437956204, 0.43049327354260086, 0.36947791164658633, 0.39688715953307396, 0.3795620437956204, 0.3795620437956204, 0.40163934426229503, 0.3795620437956204] 
Runtime: [49.8252592086792, 48.66035580635071, 49.340740442276, 49.687469244003296, 48.84212923049927, 48.57024598121643, 51.62039804458618, 50.05318808555603, 50.88964819908142, 50.233142614364624, 50.431875467300415, 51.42886447906494, 52.28205418586731, 53.52045917510986, 51.375144720077515, 51.75418710708618, 52.87827658653259, 51.18446326255798, 51.46880054473877, 50.25390625]

Experiment 21: {"deep_learner": true, "n_layers": 1, "lipschitz_lr": false, "reduce_data": false, "embedding_dims": 2, "k": 3, "oversample": true, "activation": "parabola"}

/usr/local/lib/python3.6/dist-packages/sklearn/metrics/classification.py:1437: UndefinedMetricWarning: Precision is ill-defined and being set to 0.0 due to no predicted samples.
  "precision", "predicted", average, warn_for)
/usr/local/lib/python3.6/dist-packages/sklearn/metrics/classification.py:1437: UndefinedMetricWarning: F-score is ill-defined and being set to 0.0 due to no predicted samples.
  "precision", "predicted", average, warn_for)

Precision: [0.24623115577889448, 0.0, 0.27439024390243905, 0.24731182795698925, 0.2604166666666667, 0.2512820512820513, 0.26262626262626265, 0.2603550295857988, 0.2604166666666667, 0.2919254658385093, 0.0, 0.5, 0.0, 0.25925925925925924, 0.2867647058823529, 0.26063829787234044, 0.2777777777777778, 0.0, 0.28859060402684567, 0.0] 
Recall: [0.9423076923076923, 0.0, 0.8653846153846154, 0.8846153846153846, 0.9615384615384616, 0.9423076923076923, 1.0, 0.8461538461538461, 0.9615384615384616, 0.9038461538461539, 0.0, 0.019230769230769232, 0.0, 0.9423076923076923, 0.75, 0.9423076923076923, 0.9615384615384616, 0.0, 0.8269230769230769, 0.0] 
F1: [0.39043824701195223, 0.0, 0.4166666666666667, 0.38655462184873945, 0.4098360655737705, 0.39676113360323884, 0.4160000000000001, 0.39819004524886875, 0.4098360655737705, 0.44131455399061026, 0.0, 0.037037037037037035, 0.0, 0.40663900414937754, 0.41489361702127664, 0.4083333333333333, 0.43103448275862066, 0.0, 0.42786069651741293, 0.0] 
Runtime: [52.413902282714844, 52.485883474349976, 55.00720191001892, 52.76026630401611, 52.21091032028198, 53.102128744125366, 52.850998401641846, 55.333904504776, 52.13685941696167, 54.79463481903076, 53.014994859695435, 54.604358434677124, 54.072020053863525, 53.84887671470642, 55.64070987701416, 52.933459997177124, 55.77100396156311, 55.63715696334839, 55.10375499725342, 54.76797080039978]

Experiment 22: {"deep_learner": true, "n_layers": 1, "lipschitz_lr": false, "reduce_data": true, "embedding_dims": 2, "k": 3, "oversample": true, "activation": "relu"}
Precision: [0.2356687898089172, 0.23423423423423423, 0.22794117647058823, 0.24242424242424243, 0.22169811320754718, 0.23195876288659795, 0.24630541871921183, 0.24375, 0.23423423423423423, 0.23423423423423423, 0.23423423423423423, 0.23423423423423423, 0.3055555555555556, 0.23423423423423423, 0.24369747899159663, 0.3050847457627119, 0.2878787878787879, 0.23391812865497075, 0.3103448275862069, 0.2303370786516854] 
Recall: [0.7115384615384616, 1.0, 0.5961538461538461, 0.9230769230769231, 0.9038461538461539, 0.8653846153846154, 0.9615384615384616, 0.75, 1.0, 1.0, 1.0, 1.0, 0.8461538461538461, 1.0, 0.5576923076923077, 0.6923076923076923, 0.7307692307692307, 0.7692307692307693, 0.5192307692307693, 0.7884615384615384] 
F1: [0.35406698564593303, 0.3795620437956204, 0.32978723404255317, 0.384, 0.3560606060606061, 0.36585365853658536, 0.39215686274509803, 0.36792452830188677, 0.3795620437956204, 0.3795620437956204, 0.3795620437956204, 0.3795620437956204, 0.44897959183673475, 0.3795620437956204, 0.3391812865497076, 0.4235294117647059, 0.41304347826086957, 0.3587443946188341, 0.38848920863309355, 0.3565217391304348] 
Runtime: [54.10747838020325, 55.39471745491028, 54.145477533340454, 54.55845785140991, 55.761366844177246, 56.993656396865845, 55.44043755531311, 55.15664505958557, 56.40448713302612, 55.26282215118408, 56.037973165512085, 55.28267812728882, 57.398024797439575, 54.24644732475281, 56.707382678985596, 56.65194654464722, 54.811194896698, 56.64437484741211, 54.46948742866516, 54.60451650619507]

Experiment 23: {"deep_learner": true, "n_layers": 1, "lipschitz_lr": false, "reduce_data": true, "embedding_dims": 3, "k": 3, "oversample": true, "activation": "relu"}
Precision: [0.2562814070351759, 0.30612244897959184, 0.25949367088607594, 0.23529411764705882, 0.2328767123287671, 0.26737967914438504, 0.25757575757575757, 0.27906976744186046, 0.28125, 0.2967741935483871, 0.2617801047120419, 0.2372093023255814, 0.2413793103448276, 0.24873096446700507, 0.3037974683544304, 0.30973451327433627, 0.3047619047619048, 0.310126582278481, 0.25773195876288657, 0.2635135135135135] 
Recall: [0.9807692307692307, 0.8653846153846154, 0.7884615384615384, 1.0, 0.9807692307692307, 0.9615384615384616, 0.9807692307692307, 0.9230769230769231, 0.8653846153846154, 0.8846153846153846, 0.9615384615384616, 0.9807692307692307, 0.9423076923076923, 0.9423076923076923, 0.9230769230769231, 0.6730769230769231, 0.6153846153846154, 0.9423076923076923, 0.9615384615384616, 0.75] 
F1: [0.40637450199203184, 0.45226130653266333, 0.39047619047619053, 0.38095238095238093, 0.3763837638376384, 0.4184100418410042, 0.40800000000000003, 0.42857142857142855, 0.4245283018867924, 0.44444444444444436, 0.4115226337448559, 0.3820224719101124, 0.3843137254901961, 0.39357429718875503, 0.45714285714285713, 0.4242424242424242, 0.40764331210191085, 0.46666666666666656, 0.40650406504065034, 0.3899999999999999] 
Runtime: [55.5791871547699, 55.170284032821655, 54.56599450111389, 54.89530539512634, 55.23631000518799, 54.26583385467529, 54.938958406448364, 56.62376260757446, 63.282522201538086, 60.995012044906616, 57.6659255027771, 59.05685114860535, 59.982380628585815, 56.16027331352234, 59.336201667785645, 57.06293296813965, 56.2383987903595, 58.137610912323, 59.14704132080078, 58.38292336463928]



Experiment 24: {"deep_learner": true, "n_layers": 1, "lipschitz_lr": false, "reduce_data": true, "embedding_dims": 2, "k": 5, "oversample": true, "activation": "relu"}
WARNING:tensorflow:From /usr/local/lib/python3.6/dist-packages/tensorflow_core/python/ops/resource_variable_ops.py:1630: calling BaseResourceVariable.__init__ (from tensorflow.python.ops.resource_variable_ops) with constraint is deprecated and will be removed in a future version.
Instructions for updating:
If using Keras pass *_constraint arguments to layers.
WARNING:tensorflow:From /usr/local/lib/python3.6/dist-packages/tensorflow_core/python/keras/backend.py:4277: where (from tensorflow.python.ops.array_ops) is deprecated and will be removed in a future version.
Instructions for updating:
Use tf.where in 2.0, which has the same broadcast rule as np.where
WARNING:tensorflow:From /usr/local/lib/python3.6/dist-packages/keras/backend/tensorflow_backend.py:66: The name tf.get_default_graph is deprecated. Please use tf.compat.v1.get_default_graph instead.

WARNING:tensorflow:From /usr/local/lib/python3.6/dist-packages/keras/backend/tensorflow_backend.py:541: The name tf.placeholder is deprecated. Please use tf.compat.v1.placeholder instead.

WARNING:tensorflow:From /usr/local/lib/python3.6/dist-packages/keras/backend/tensorflow_backend.py:4432: The name tf.random_uniform is deprecated. Please use tf.random.uniform instead.

WARNING:tensorflow:From /usr/local/lib/python3.6/dist-packages/keras/optimizers.py:793: The name tf.train.Optimizer is deprecated. Please use tf.compat.v1.train.Optimizer instead.

WARNING:tensorflow:From /usr/local/lib/python3.6/dist-packages/keras/backend/tensorflow_backend.py:3657: The name tf.log is deprecated. Please use tf.math.log instead.

WARNING:tensorflow:From /usr/local/lib/python3.6/dist-packages/keras/backend/tensorflow_backend.py:1033: The name tf.assign_add is deprecated. Please use tf.compat.v1.assign_add instead.

WARNING:tensorflow:From /usr/local/lib/python3.6/dist-packages/keras/backend/tensorflow_backend.py:1020: The name tf.assign is deprecated. Please use tf.compat.v1.assign instead.

WARNING:tensorflow:From /usr/local/lib/python3.6/dist-packages/keras/backend/tensorflow_backend.py:3005: The name tf.Session is deprecated. Please use tf.compat.v1.Session instead.

WARNING:tensorflow:From /usr/local/lib/python3.6/dist-packages/keras/backend/tensorflow_backend.py:190: The name tf.get_default_session is deprecated. Please use tf.compat.v1.get_default_session instead.

WARNING:tensorflow:From /usr/local/lib/python3.6/dist-packages/keras/backend/tensorflow_backend.py:197: The name tf.ConfigProto is deprecated. Please use tf.compat.v1.ConfigProto instead.

WARNING:tensorflow:From /usr/local/lib/python3.6/dist-packages/keras/backend/tensorflow_backend.py:207: The name tf.global_variables is deprecated. Please use tf.compat.v1.global_variables instead.

WARNING:tensorflow:From /usr/local/lib/python3.6/dist-packages/keras/backend/tensorflow_backend.py:216: The name tf.is_variable_initialized is deprecated. Please use tf.compat.v1.is_variable_initialized instead.

WARNING:tensorflow:From /usr/local/lib/python3.6/dist-packages/keras/backend/tensorflow_backend.py:223: The name tf.variables_initializer is deprecated. Please use tf.compat.v1.variables_initializer instead.

Precision: [0.23636363636363636, 0.23423423423423423, 0.23684210526315788, 0.23423423423423423, 0.25595238095238093, 0.27049180327868855, 0.32978723404255317, 0.30833333333333335, 0.2681564245810056, 0.23423423423423423, 0.23423423423423423, 0.25773195876288657, 0.23423423423423423, 0.23195876288659795, 0.23423423423423423, 0.23423423423423423, 0.23423423423423423, 0.24731182795698925, 0.23423423423423423, 0.22282608695652173] 
Recall: [1.0, 1.0, 0.8653846153846154, 1.0, 0.8269230769230769, 0.6346153846153846, 0.5961538461538461, 0.7115384615384616, 0.9230769230769231, 1.0, 1.0, 0.9615384615384616, 1.0, 0.8653846153846154, 1.0, 1.0, 1.0, 0.8846153846153846, 1.0, 0.7884615384615384] 
F1: [0.3823529411764706, 0.3795620437956204, 0.371900826446281, 0.3795620437956204, 0.3909090909090909, 0.37931034482758624, 0.4246575342465754, 0.430232558139535, 0.41558441558441556, 0.3795620437956204, 0.3795620437956204, 0.40650406504065034, 0.3795620437956204, 0.36585365853658536, 0.3795620437956204, 0.3795620437956204, 0.3795620437956204, 0.38655462184873945, 0.3795620437956204, 0.347457627118644] 
Runtime: [1.5663669109344482, 1.6692731380462646, 1.7340967655181885, 1.8904869556427002, 1.8781166076660156, 2.0991296768188477, 2.0441572666168213, 2.190138816833496, 2.5629279613494873, 2.430837392807007, 2.4743683338165283, 2.5617551803588867, 2.673154830932617, 2.7815020084381104, 2.8620152473449707, 3.0736775398254395, 3.1908986568450928, 3.3125805854797363, 3.3237686157226562, 3.3095829486846924]

Experiment 25: {"deep_learner": true, "n_layers": 1, "lipschitz_lr": false, "reduce_data": true, "embedding_dims": 3, "k": 5, "oversample": true, "activation": "relu"}
Precision: [0.27167630057803466, 0.23423423423423423, 0.23423423423423423, 0.27611940298507465, 0.2727272727272727, 0.23529411764705882, 0.23423423423423423, 0.28, 0.23423423423423423, 0.29936305732484075, 0.2972972972972973, 0.23423423423423423, 0.2722222222222222, 0.2552083333333333, 0.2692307692307692, 0.23423423423423423, 0.23423423423423423, 0.24456521739130435, 0.23423423423423423, 0.2513089005235602] 
Recall: [0.9038461538461539, 1.0, 1.0, 0.7115384615384616, 0.9230769230769231, 1.0, 1.0, 0.8076923076923077, 1.0, 0.9038461538461539, 0.8461538461538461, 1.0, 0.9423076923076923, 0.9423076923076923, 0.9423076923076923, 1.0, 1.0, 0.8653846153846154, 1.0, 0.9230769230769231] 
F1: [0.41777777777777775, 0.3795620437956204, 0.3795620437956204, 0.39784946236559143, 0.4210526315789473, 0.38095238095238093, 0.3795620437956204, 0.4158415841584159, 0.3795620437956204, 0.4497607655502392, 0.44000000000000006, 0.3795620437956204, 0.4224137931034483, 0.40163934426229503, 0.4188034188034188, 0.3795620437956204, 0.3795620437956204, 0.3813559322033898, 0.3795620437956204, 0.39506172839506165] 
Runtime: [3.6507420539855957, 3.9291272163391113, 3.9226582050323486, 3.9128031730651855, 4.1489808559417725, 4.179173707962036, 4.4288434982299805, 4.432129383087158, 4.517856121063232, 4.847085952758789, 4.919132232666016, 5.05277681350708, 4.909140348434448, 5.015666961669922, 5.10772967338562, 5.235435724258423, 5.3428795337677, 5.438897132873535, 5.5392372608184814, 5.721810817718506]

Experiment 26: {"deep_learner": true, "n_layers": 1, "lipschitz_lr": false, "reduce_data": true, "embedding_dims": 3, "k": 4, "oversample": true, "activation": "relu"}
Precision: [0.3162393162393162, 0.23423423423423423, 0.30714285714285716, 0.22477064220183487, 0.27807486631016043, 0.32673267326732675, 0.255, 0.23423423423423423, 0.23423423423423423, 0.25842696629213485, 0.24019607843137256, 0.2847222222222222, 0.23444976076555024, 0.28402366863905326, 0.23423423423423423, 0.23423423423423423, 0.29411764705882354, 0.23423423423423423, 0.36283185840707965, 0.23423423423423423] 
Recall: [0.7115384615384616, 1.0, 0.8269230769230769, 0.9423076923076923, 1.0, 0.6346153846153846, 0.9807692307692307, 1.0, 1.0, 0.8846153846153846, 0.9423076923076923, 0.7884615384615384, 0.9423076923076923, 0.9230769230769231, 1.0, 1.0, 0.8653846153846154, 1.0, 0.7884615384615384, 1.0] 
F1: [0.4378698224852071, 0.3795620437956204, 0.44791666666666663, 0.36296296296296293, 0.4351464435146444, 0.4313725490196078, 0.40476190476190477, 0.3795620437956204, 0.3795620437956204, 0.4, 0.3828125, 0.4183673469387755, 0.37547892720306514, 0.4343891402714933, 0.3795620437956204, 0.3795620437956204, 0.4390243902439025, 0.3795620437956204, 0.49696969696969695, 0.3795620437956204] 
Runtime: [5.959018707275391, 6.044032335281372, 6.2416887283325195, 6.745203495025635, 6.508299350738525, 6.524372816085815, 6.690218925476074, 6.711934566497803, 6.85743260383606, 6.936708688735962, 7.051803112030029, 7.109962224960327, 7.281378746032715, 7.396224737167358, 7.540052890777588, 7.8052146434783936, 7.617874383926392, 7.690103769302368, 7.783765554428101, 7.929373502731323]

Experiment 27: {"deep_learner": true, "n_layers": 1, "lipschitz_lr": false, "reduce_data": false, "embedding_dims": 2, "k": 3, "oversample": true, "activation": "relu"}
Precision: [0.2871287128712871, 0.27906976744186046, 0.29411764705882354, 0.2962962962962963, 0.2743362831858407, 0.2727272727272727, 0.2782608695652174, 0.2647058823529412, 0.2857142857142857, 0.25961538461538464, 0.2543859649122807, 0.27450980392156865, 0.2682926829268293, 0.30327868852459017, 0.2857142857142857, 0.30303030303030304, 0.27884615384615385, 0.25663716814159293, 0.2846153846153846, 0.3] 
Recall: [0.5576923076923077, 0.6923076923076923, 0.5769230769230769, 0.6153846153846154, 0.5961538461538461, 0.5192307692307693, 0.6153846153846154, 0.5192307692307693, 0.5769230769230769, 0.5192307692307693, 0.5576923076923077, 0.5384615384615384, 0.6346153846153846, 0.7115384615384616, 0.7307692307692307, 0.5769230769230769, 0.5576923076923077, 0.5576923076923077, 0.7115384615384616, 0.6346153846153846] 
F1: [0.37908496732026137, 0.39779005524861877, 0.3896103896103896, 0.4, 0.37575757575757573, 0.3576158940397351, 0.38323353293413176, 0.35064935064935066, 0.38216560509554137, 0.3461538461538462, 0.3493975903614458, 0.36363636363636365, 0.37714285714285717, 0.4252873563218391, 0.4108108108108108, 0.3973509933774835, 0.37179487179487175, 0.35151515151515156, 0.40659340659340654, 0.4074074074074074] 
Runtime: [8.014462947845459, 8.056414604187012, 8.204726219177246, 8.252140998840332, 8.595195293426514, 8.490271806716919, 8.509445190429688, 9.1170072555542, 8.812787771224976, 8.873809337615967, 9.019410848617554, 9.02082371711731, 9.129745483398438, 9.188131332397461, 9.332077026367188, 9.459899425506592, 9.557778120040894, 9.626840353012085, 9.822293281555176, 9.86946153640747]

Experiment 28: {"deep_learner": true, "n_layers": 1, "lipschitz_lr": false, "reduce_data": false, "embedding_dims": 2, "k": 3, "oversample": false, "activation": "parabola"}

/usr/local/lib/python3.6/dist-packages/sklearn/metrics/classification.py:1437: UndefinedMetricWarning: Precision is ill-defined and being set to 0.0 due to no predicted samples.
  "precision", "predicted", average, warn_for)
/usr/local/lib/python3.6/dist-packages/sklearn/metrics/classification.py:1437: UndefinedMetricWarning: F-score is ill-defined and being set to 0.0 due to no predicted samples.
  "precision", "predicted", average, warn_for)

Precision: [0.25, 0.3333333333333333, 0.3177570093457944, 0.0, 0.14285714285714285, 0.25, 0.3333333333333333, 0.0, 0.0, 0.0, 0.4, 0.49122807017543857, 0.3153153153153153, 0.0, 0.0, 0.35294117647058826, 0.0, 0.4, 0.0, 0.2] 
Recall: [0.038461538461538464, 0.038461538461538464, 0.6538461538461539, 0.0, 0.038461538461538464, 0.11538461538461539, 0.019230769230769232, 0.0, 0.0, 0.0, 0.038461538461538464, 0.5384615384615384, 0.6730769230769231, 0.0, 0.0, 0.11538461538461539, 0.0, 0.038461538461538464, 0.0, 0.038461538461538464] 
F1: [0.06666666666666668, 0.06896551724137931, 0.4276729559748428, 0.0, 0.060606060606060615, 0.15789473684210525, 0.03636363636363637, 0.0, 0.0, 0.0, 0.07017543859649124, 0.5137614678899082, 0.4294478527607362, 0.0, 0.0, 0.1739130434782609, 0.0, 0.07017543859649124, 0.0, 0.06451612903225806] 
Runtime: [8.818812847137451, 8.938392877578735, 9.103600978851318, 9.09008502960205, 9.202089071273804, 9.337066888809204, 9.435756206512451, 9.480075359344482, 9.595661401748657, 9.740665197372437, 10.103620529174805, 10.084435939788818, 10.128386735916138, 10.262778997421265, 10.322880506515503, 10.458647966384888, 11.06069564819336, 10.681225776672363, 10.81755256652832, 10.845232248306274]

Experiment 29: {"deep_learner": true, "n_layers": 3, "lipschitz_lr": false, "reduce_data": false, "embedding_dims": 2, "k": 3, "oversample": true, "activation": "relu"}
Precision: [0.2903225806451613, 0.26548672566371684, 0.31958762886597936, 0.2644628099173554, 0.264, 0.29896907216494845, 0.27419354838709675, 0.3113207547169811, 0.30392156862745096, 0.31, 0.297029702970297, 0.3333333333333333, 0.3229166666666667, 0.3176470588235294, 0.30851063829787234, 0.32653061224489793, 0.3025210084033613, 0.3010752688172043, 0.288135593220339, 0.3402061855670103] 
Recall: [0.5192307692307693, 0.5769230769230769, 0.5961538461538461, 0.6153846153846154, 0.6346153846153846, 0.5576923076923077, 0.6538461538461539, 0.6346153846153846, 0.5961538461538461, 0.5961538461538461, 0.5769230769230769, 0.5576923076923077, 0.5961538461538461, 0.5192307692307693, 0.5576923076923077, 0.6153846153846154, 0.6923076923076923, 0.5384615384615384, 0.6538461538461539, 0.6346153846153846] 
F1: [0.3724137931034483, 0.36363636363636365, 0.4161073825503356, 0.3699421965317919, 0.3728813559322034, 0.3892617449664429, 0.38636363636363635, 0.4177215189873417, 0.4025974025974026, 0.4078947368421053, 0.39215686274509803, 0.4172661870503597, 0.41891891891891897, 0.3941605839416058, 0.3972602739726027, 0.42666666666666664, 0.4210526315789473, 0.38620689655172413, 0.4, 0.4429530201342282] 
Runtime: [12.848455667495728, 12.938783884048462, 13.005826711654663, 13.084815979003906, 13.619208574295044, 13.469564437866211, 13.548954010009766, 13.673552513122559, 13.577669620513916, 13.781536102294922, 14.111173391342163, 13.869923114776611, 14.01641583442688, 14.124274253845215, 14.335524559020996, 14.489823579788208, 14.645928859710693, 14.782112836837769, 14.833571434020996, 15.034523010253906]



