X13012310 0.3795620437956204 0.3795620437956204 0.3795620437956204 0.3795620437956204 0.3795620437956204 0.3795620437956204 0.3795620437956204 0.3795620437956204 0.3795620437956204 0.41379310344827586 0.3795620437956204 0.3795620437956204 0.3795620437956204 0.3795620437956204 0.3795620437956204 0.3795620437956204 0.3795620437956204 0.3795620437956204 0.3795620437956204 0.3795620437956204
X12013310 0.3952569169960474 0.3795620437956204 0.3795620437956204 0.3795620437956204 0.39676113360323884 0.3795620437956204 0.3795620437956204 0.38427947598253276 0.39613526570048313 0.3795620437956204 0.40495867768595045 0.40217391304347827 0.3795620437956204 0.4 0.38022813688212925 0.3983739837398374 0.3823529411764706 0.39200000000000007 0.4 0.38613861386138615
X13012410 0.3795620437956204 0.39676113360323884 0.3795620437956204 0.3795620437956204 0.3795620437956204 0.3795620437956204 0.3795620437956204 0.3795620437956204 0.3795620437956204 0.3926940639269406 0.3795620437956204 0.3795620437956204 0.3795620437956204 0.4085106382978723 0.3795620437956204 0.3795620437956204 0.3795620437956204 0.3795620437956204 0.3795620437956204 0.3795620437956204
X13013610 0.3795620437956204 0.3795620437956204 0.3795620437956204 0.3795620437956204 0.3795620437956204 0.3795620437956204 0.3795620437956204 0.3795620437956204 0.3795620437956204 0.3795620437956204 0.3795620437956204 0.45714285714285713 0.3795620437956204 0.3795620437956204 0.3795620437956204 0.45535714285714296 0.3795620437956204 0.3795620437956204 0.3795620437956204 0.3795620437956204
X12012310 0.3795620437956204 0.3795620437956204 0.3795620437956204 0.44642857142857145 0.3795620437956204 0.3795620437956204 0.3795620437956204 0.3795620437956204 0.37362637362637363 0.3795620437956204 0.3795620437956204 0.37362637362637363 0.3795620437956204 0.3795620437956204 0.3795620437956204 0.3795620437956204 0.3557312252964427 0.3795620437956204 0.4277456647398844 0.3795620437956204
X13013510 0.4160000000000001 0.3804878048780488 0.3795620437956204 0.45714285714285713 0.3795620437956204 0.3795620437956204 0.3795620437956204 0.4083333333333333 0.3795620437956204 0.3795620437956204 0.3795620437956204 0.3777777777777778 0.3795620437956204 0.3795620437956204 0.3795620437956204 0.36018957345971564 0.40206185567010305 0.3795620437956204 0.3795620437956204 0.3548387096774194
X11012610 0.3795620437956204 0.3795620437956204 0.3795620437956204 0.3795620437956204 0.42608695652173906 0.4017467248908297 0.3951612903225806 0.3795620437956204 0.4537037037037036 0.37362637362637363 0.4 0.38095238095238093 0.3795620437956204 0.39357429718875503 0.3795620437956204 0.3795620437956204 0.3795620437956204 0.3795620437956204 0.3866171003717472 0.3795620437956204
X13012710 0.3795620437956204 0.3795620437956204 0.3795620437956204 0.3795620437956204 0.3795620437956204 0.3795620437956204 0.48175182481751827 0.3795620437956204 0.3795620437956204 0.3795620437956204 0.3795620437956204 0.3795620437956204 0.3795620437956204 0.3795620437956204 0.3951612903225806 0.3795620437956204 0.3795620437956204 0.3795620437956204 0.3795620437956204 0.39080459770114945
X12013410 0.41379310344827586 0.3795620437956204 0.3795620437956204 0.42857142857142855 0.4423076923076923 0.3763837638376384 0.3795620437956204 0.3795620437956204 0.4497607655502392 0.3795620437956204 0.3795620437956204 0.3795620437956204 0.3795620437956204 0.3795620437956204 0.40201005025125636 0.3795620437956204 0.4117647058823529 0.360655737704918 0.3795620437956204 0.4392523364485981
X12012610 0.3795620437956204 0.367816091954023 0.3795620437956204 0.3795620437956204 0.4188034188034188 0.3795620437956204 0.3795620437956204 0.3795620437956204 0.4541062801932368 0.3795620437956204 0.3795620437956204 0.3795620437956204 0.37735849056603776 0.3795620437956204 0.3795620437956204 0.3795620437956204 0.3795620437956204 0.40495867768595045 0.3795620437956204 0.3795620437956204
X12013610 0.4368932038834952 0.40186915887850466 0.3795620437956204 0.3795620437956204 0.3795620437956204 0.3795620437956204 0.3795620437956204 0.41025641025641024 0.3856502242152466 0.3795620437956204 0.3795620437956204 0.375 0.3795620437956204 0.3795620437956204 0.3968253968253968 0.3795620437956204 0.40336134453781514 0.3795620437956204 0.4 0.3795620437956204
X13013310 0.3795620437956204 0.3636363636363636 0.3795620437956204 0.3979057591623037 0.37333333333333335 0.3795620437956204 0.35433070866141736 0.375 0.3795620437956204 0.3795620437956204 0.3795620437956204 0.3795620437956204 0.3795620437956204 0.3795620437956204 0.36538461538461536 0.3795620437956204 0.41201716738197425 0.3795620437956204 0.3795620437956204 0.42718446601941745
X12013710 0.42152466367713004 0.3795620437956204 0.3795620437956204 0.3795620437956204 0.3795620437956204 0.3795620437956204 0.3795620437956204 0.3795620437956204 0.3668122270742358 0.3795620437956204 0.4083333333333333 0.3795620437956204 0.37869822485207105 0.40163934426229503 0.38095238095238093 0.3795620437956204 0.36981132075471695 0.4031620553359684 0.3795620437956204 0.3795620437956204
X12013510 0.375 0.3795620437956204 0.4294478527607362 0.3795620437956204 0.3795620437956204 0.4454545454545455 0.3795620437956204 0.3795620437956204 0.3795620437956204 0.3795620437956204 0.3795620437956204 0.3795620437956204 0.4593301435406699 0.3795620437956204 0.37037037037037035 0.3665338645418327 0.3795620437956204 0.36363636363636365 0.3795620437956204 0.3952569169960474
X11013511 0.3706563706563707 0.3795620437956204 0.4383561643835616 0.3728813559322034 0.3795620437956204 0.3722943722943723 0.32758620689655166 0.37860082304526754 0.4316546762589928 0.3787878787878788 0.37174721189591076 0.34375 0.38216560509554137 0.3795620437956204 0.3813559322033898 0.3795620437956204 0.4036697247706422 0.358974358974359 0.38022813688212925 0.37362637362637363
X11013610 0.3795620437956204 0.3795620437956204 0.3795620437956204 0.3968253968253968 0.3684210526315789 0.3795620437956204 0.4114285714285714 0.3795620437956204 0.3983739837398374 0.4266666666666666 0.40883977900552493 0.3930131004366812 0.38888888888888895 0.3795620437956204 0.3795620437956204 0.375 0.3795620437956204 0.3795620437956204 0.3795620437956204 0.43093922651933697
X12012410 0.3795620437956204 0.3795620437956204 0.3795620437956204 0.3795620437956204 0.3795620437956204 0.3795620437956204 0.3795620437956204 0.3795620437956204 0.3828125 0.3795620437956204 0.3795620437956204 0.3795620437956204 0.4541062801932368 0.3795620437956204 0.3795620437956204 0.3763837638376384 0.3795620437956204 0.3795620437956204 0.3795620437956204 0.3795620437956204
X12012710 0.3795620437956204 0.3795620437956204 0.3795620437956204 0.3795620437956204 0.3795620437956204 0.3852459016393443 0.3795620437956204 0.3795620437956204 0.38947368421052636 0.3795620437956204 0.3795620437956204 0.3795620437956204 0.3795620437956204 0.42364532019704426 0.3795620437956204 0.3643724696356275 0.3795620437956204 0.3795620437956204 0.3795620437956204 0.3795620437956204
X12012510 0.3795620437956204 0.3795620437956204 0.41628959276018096 0.3950617283950617 0.3795620437956204 0.3795620437956204 0.4383561643835616 0.4115226337448559 0.38596491228070173 0.3795620437956204 0.3795620437956204 0.3795620437956204 0.3925233644859813 0.3795620437956204 0.3795620437956204 0.3795620437956204 0.3795620437956204 0.3795620437956204 0.3795620437956204 0.3795620437956204
X11012410 0.3795620437956204 0.3795620437956204 0.42990654205607476 0.3891891891891892 0.3956043956043956 0.41350210970464135 0.34749034749034746 0.3524590163934427 0.3820224719101124 0.46632124352331616 0.37362637362637363 0.3763837638376384 0.3795620437956204 0.43049327354260086 0.36947791164658633 0.39688715953307396 0.3795620437956204 0.3795620437956204 0.40163934426229503 0.3795620437956204
X11002311 0.39043824701195223 0.0 0.4166666666666667 0.38655462184873945 0.4098360655737705 0.39676113360323884 0.4160000000000001 0.39819004524886875 0.4098360655737705 0.44131455399061026 0.0 0.037037037037037035 0.0 0.40663900414937754 0.41489361702127664 0.4083333333333333 0.43103448275862066 0.0 0.42786069651741293 0.0
X11012310 0.35406698564593303 0.3795620437956204 0.32978723404255317 0.384 0.3560606060606061 0.36585365853658536 0.39215686274509803 0.36792452830188677 0.3795620437956204 0.3795620437956204 0.3795620437956204 0.3795620437956204 0.44897959183673475 0.3795620437956204 0.3391812865497076 0.4235294117647059 0.41304347826086957 0.3587443946188341 0.38848920863309355 0.3565217391304348
X11013310 0.40637450199203184 0.45226130653266333 0.39047619047619053 0.38095238095238093 0.3763837638376384 0.4184100418410042 0.40800000000000003 0.42857142857142855 0.4245283018867924 0.44444444444444436 0.4115226337448559 0.3820224719101124 0.3843137254901961 0.39357429718875503 0.45714285714285713 0.4242424242424242 0.40764331210191085 0.46666666666666656 0.40650406504065034 0.3899999999999999
X11012510 0.3823529411764706 0.3795620437956204 0.371900826446281 0.3795620437956204 0.3909090909090909 0.37931034482758624 0.4246575342465754 0.430232558139535 0.41558441558441556 0.3795620437956204 0.3795620437956204 0.40650406504065034 0.3795620437956204 0.36585365853658536 0.3795620437956204 0.3795620437956204 0.3795620437956204 0.38655462184873945 0.3795620437956204 0.347457627118644
X11013510 0.41777777777777775 0.3795620437956204 0.3795620437956204 0.39784946236559143 0.4210526315789473 0.38095238095238093 0.3795620437956204 0.4158415841584159 0.3795620437956204 0.4497607655502392 0.44000000000000006 0.3795620437956204 0.4224137931034483 0.40163934426229503 0.4188034188034188 0.3795620437956204 0.3795620437956204 0.3813559322033898 0.3795620437956204 0.39506172839506165
X11013410 0.4378698224852071 0.3795620437956204 0.44791666666666663 0.36296296296296293 0.4351464435146444 0.4313725490196078 0.40476190476190477 0.3795620437956204 0.3795620437956204 0.4 0.3828125 0.4183673469387755 0.37547892720306514 0.4343891402714933 0.3795620437956204 0.3795620437956204 0.4390243902439025 0.3795620437956204 0.49696969696969695 0.3795620437956204
X11002310 0.37908496732026137 0.39779005524861877 0.3896103896103896 0.4 0.37575757575757573 0.3576158940397351 0.38323353293413176 0.35064935064935066 0.38216560509554137 0.3461538461538462 0.3493975903614458 0.36363636363636365 0.37714285714285717 0.4252873563218391 0.4108108108108108 0.3973509933774835 0.37179487179487175 0.35151515151515156 0.40659340659340654 0.4074074074074074
X11002301 0.06666666666666668 0.06896551724137931 0.4276729559748428 0.0 0.060606060606060615 0.15789473684210525 0.03636363636363637 0.0 0.0 0.0 0.07017543859649124 0.5137614678899082 0.4294478527607362 0.0 0.0 0.1739130434782609 0.0 0.07017543859649124 0.0 0.06451612903225806
X13002310 0.3724137931034483 0.36363636363636365 0.4161073825503356 0.3699421965317919 0.3728813559322034 0.3892617449664429 0.38636363636363635 0.4177215189873417 0.4025974025974026 0.4078947368421053 0.39215686274509803 0.4172661870503597 0.41891891891891897 0.3941605839416058 0.3972602739726027 0.42666666666666664 0.4210526315789473 0.38620689655172413 0.4 0.4429530201342282
