X13012310 0.23423423423423423 0.23423423423423423 0.23423423423423423 0.23423423423423423 0.23423423423423423 0.23423423423423423 0.23423423423423423 0.23423423423423423 0.23423423423423423 0.29508196721311475 0.23423423423423423 0.23423423423423423 0.23423423423423423 0.23423423423423423 0.23423423423423423 0.23423423423423423 0.23423423423423423 0.23423423423423423 0.23423423423423423 0.23423423423423423
X12013310 0.24875621890547264 0.23423423423423423 0.23423423423423423 0.23423423423423423 0.2512820512820513 0.23423423423423423 0.23423423423423423 0.24858757062146894 0.2645161290322581 0.23423423423423423 0.2578947368421053 0.2803030303030303 0.23423423423423423 0.2781954887218045 0.23696682464454977 0.25257731958762886 0.23636363636363636 0.2474747474747475 0.2538860103626943 0.26
X13012410 0.23423423423423423 0.2512820512820513 0.23423423423423423 0.23423423423423423 0.23423423423423423 0.23423423423423423 0.23423423423423423 0.23423423423423423 0.23423423423423423 0.25748502994011974 0.23423423423423423 0.23423423423423423 0.23423423423423423 0.26229508196721313 0.23423423423423423 0.23423423423423423 0.23423423423423423 0.23423423423423423 0.23423423423423423 0.23423423423423423
X13013610 0.23423423423423423 0.23423423423423423 0.23423423423423423 0.23423423423423423 0.23423423423423423 0.23423423423423423 0.23423423423423423 0.23423423423423423 0.23423423423423423 0.23423423423423423 0.23423423423423423 0.3037974683544304 0.23423423423423423 0.23423423423423423 0.23423423423423423 0.29651162790697677 0.23423423423423423 0.23423423423423423 0.23423423423423423 0.23423423423423423
X12012310 0.23423423423423423 0.23423423423423423 0.23423423423423423 0.29069767441860467 0.23423423423423423 0.23423423423423423 0.23423423423423423 0.23423423423423423 0.23076923076923078 0.23423423423423423 0.23423423423423423 0.23076923076923078 0.23423423423423423 0.23423423423423423 0.23423423423423423 0.23423423423423423 0.22388059701492538 0.23423423423423423 0.30578512396694213 0.23423423423423423
X13013510 0.26262626262626265 0.2549019607843137 0.23423423423423423 0.3037974683544304 0.23423423423423423 0.23423423423423423 0.23423423423423423 0.26063829787234044 0.23423423423423423 0.23423423423423423 0.23423423423423423 0.23394495412844038 0.23423423423423423 0.23423423423423423 0.23423423423423423 0.2389937106918239 0.2746478873239437 0.23423423423423423 0.23423423423423423 0.22448979591836735
X11012610 0.23423423423423423 0.23423423423423423 0.23423423423423423 0.23423423423423423 0.2752808988764045 0.2598870056497175 0.25 0.23423423423423423 0.29878048780487804 0.23076923076923078 0.2538860103626943 0.23529411764705882 0.23423423423423423 0.24873096446700507 0.23423423423423423 0.23423423423423423 0.23423423423423423 0.23423423423423423 0.23963133640552994 0.23423423423423423
X13012710 0.23423423423423423 0.23423423423423423 0.23423423423423423 0.23423423423423423 0.23423423423423423 0.23423423423423423 0.38823529411764707 0.23423423423423423 0.23423423423423423 0.23423423423423423 0.23423423423423423 0.23423423423423423 0.23423423423423423 0.23423423423423423 0.25 0.23423423423423423 0.23423423423423423 0.23423423423423423 0.23423423423423423 0.24401913875598086
X12013410 0.29508196721311475 0.23423423423423423 0.23423423423423423 0.27906976744186046 0.2948717948717949 0.2328767123287671 0.23423423423423423 0.23423423423423423 0.29936305732484075 0.23423423423423423 0.23423423423423423 0.23423423423423423 0.23423423423423423 0.23423423423423423 0.272108843537415 0.23423423423423423 0.26344086021505375 0.22916666666666666 0.23423423423423423 0.29012345679012347
X12012610 0.23423423423423423 0.22966507177033493 0.23423423423423423 0.23423423423423423 0.2692307692307692 0.23423423423423423 0.23423423423423423 0.23423423423423423 0.3032258064516129 0.23423423423423423 0.23423423423423423 0.23423423423423423 0.2347417840375587 0.23423423423423423 0.23423423423423423 0.23423423423423423 0.23423423423423423 0.2578947368421053 0.23423423423423423 0.23423423423423423
X12013610 0.2922077922077922 0.2654320987654321 0.23423423423423423 0.23423423423423423 0.23423423423423423 0.23423423423423423 0.23423423423423423 0.26373626373626374 0.25146198830409355 0.23423423423423423 0.23423423423423423 0.25 0.23423423423423423 0.23423423423423423 0.25 0.23423423423423423 0.25806451612903225 0.23423423423423423 0.2553191489361702 0.23423423423423423
X13013310 0.23423423423423423 0.24203821656050956 0.23423423423423423 0.2733812949640288 0.24277456647398843 0.23423423423423423 0.22277227722772278 0.2318181818181818 0.23423423423423423 0.23423423423423423 0.23423423423423423 0.23423423423423423 0.23423423423423423 0.23423423423423423 0.24358974358974358 0.23423423423423423 0.26519337016574585 0.23423423423423423 0.23423423423423423 0.2857142857142857
X12013710 0.27485380116959063 0.23423423423423423 0.23423423423423423 0.23423423423423423 0.23423423423423423 0.23423423423423423 0.23423423423423423 0.23423423423423423 0.23728813559322035 0.23423423423423423 0.26063829787234044 0.23423423423423423 0.27350427350427353 0.2552083333333333 0.23529411764705882 0.23423423423423423 0.2300469483568075 0.2537313432835821 0.23423423423423423 0.23423423423423423
X12013510 0.2318181818181818 0.23423423423423423 0.3153153153153153 0.23423423423423423 0.23423423423423423 0.2916666666666667 0.23423423423423423 0.23423423423423423 0.23423423423423423 0.23423423423423423 0.23423423423423423 0.23423423423423423 0.3057324840764331 0.23423423423423423 0.22935779816513763 0.23115577889447236 0.23423423423423423 0.23157894736842105 0.23423423423423423 0.24875621890547264
X11013511 0.2318840579710145 0.23423423423423423 0.3404255319148936 0.3333333333333333 0.23423423423423423 0.24022346368715083 0.296875 0.24083769633507854 0.3448275862068966 0.2358490566037736 0.2304147465437788 0.2357142857142857 0.2857142857142857 0.23423423423423423 0.24456521739130435 0.23423423423423423 0.26506024096385544 0.23076923076923078 0.23696682464454977 0.23076923076923078
X11013610 0.23423423423423423 0.23423423423423423 0.23423423423423423 0.25 0.22897196261682243 0.23423423423423423 0.2926829268292683 0.23423423423423423 0.25257731958762886 0.2774566473988439 0.2868217054263566 0.2542372881355932 0.245 0.23423423423423423 0.23423423423423423 0.2318181818181818 0.23423423423423423 0.23423423423423423 0.23423423423423423 0.3023255813953488
X12012410 0.23423423423423423 0.23423423423423423 0.23423423423423423 0.23423423423423423 0.23423423423423423 0.23423423423423423 0.23423423423423423 0.23423423423423423 0.24019607843137256 0.23423423423423423 0.23423423423423423 0.23423423423423423 0.3032258064516129 0.23423423423423423 0.23423423423423423 0.2328767123287671 0.23423423423423423 0.23423423423423423 0.23423423423423423 0.23423423423423423
X12012710 0.23423423423423423 0.23423423423423423 0.23423423423423423 0.23423423423423423 0.23423423423423423 0.24479166666666666 0.23423423423423423 0.23423423423423423 0.26811594202898553 0.23423423423423423 0.23423423423423423 0.23423423423423423 0.23423423423423423 0.2847682119205298 0.23423423423423423 0.23076923076923078 0.23423423423423423 0.23423423423423423 0.23423423423423423 0.23423423423423423
X12012510 0.23423423423423423 0.23423423423423423 0.27218934911242604 0.2909090909090909 0.23423423423423423 0.23423423423423423 0.2874251497005988 0.2617801047120419 0.25 0.23423423423423423 0.23423423423423423 0.23423423423423423 0.25925925925925924 0.23423423423423423 0.23423423423423423 0.23423423423423423 0.23423423423423423 0.23423423423423423 0.23423423423423423 0.23423423423423423
X11012410 0.23423423423423423 0.23423423423423423 0.2839506172839506 0.2706766917293233 0.27692307692307694 0.2648648648648649 0.21739130434782608 0.22395833333333334 0.2372093023255814 0.3191489361702128 0.23076923076923078 0.2328767123287671 0.23423423423423423 0.2807017543859649 0.233502538071066 0.24878048780487805 0.23423423423423423 0.23423423423423423 0.2552083333333333 0.23423423423423423
X11002311 0.24623115577889448 0.0 0.27439024390243905 0.24731182795698925 0.2604166666666667 0.2512820512820513 0.26262626262626265 0.2603550295857988 0.2604166666666667 0.2919254658385093 0.0 0.5 0.0 0.25925925925925924 0.2867647058823529 0.26063829787234044 0.2777777777777778 0.0 0.28859060402684567 0.0
X11012310 0.2356687898089172 0.23423423423423423 0.22794117647058823 0.24242424242424243 0.22169811320754718 0.23195876288659795 0.24630541871921183 0.24375 0.23423423423423423 0.23423423423423423 0.23423423423423423 0.23423423423423423 0.3055555555555556 0.23423423423423423 0.24369747899159663 0.3050847457627119 0.2878787878787879 0.23391812865497075 0.3103448275862069 0.2303370786516854
X11013310 0.2562814070351759 0.30612244897959184 0.25949367088607594 0.23529411764705882 0.2328767123287671 0.26737967914438504 0.25757575757575757 0.27906976744186046 0.28125 0.2967741935483871 0.2617801047120419 0.2372093023255814 0.2413793103448276 0.24873096446700507 0.3037974683544304 0.30973451327433627 0.3047619047619048 0.310126582278481 0.25773195876288657 0.2635135135135135
X11012510 0.23636363636363636 0.23423423423423423 0.23684210526315788 0.23423423423423423 0.25595238095238093 0.27049180327868855 0.32978723404255317 0.30833333333333335 0.2681564245810056 0.23423423423423423 0.23423423423423423 0.25773195876288657 0.23423423423423423 0.23195876288659795 0.23423423423423423 0.23423423423423423 0.23423423423423423 0.24731182795698925 0.23423423423423423 0.22282608695652173
X11013510 0.27167630057803466 0.23423423423423423 0.23423423423423423 0.27611940298507465 0.2727272727272727 0.23529411764705882 0.23423423423423423 0.28 0.23423423423423423 0.29936305732484075 0.2972972972972973 0.23423423423423423 0.2722222222222222 0.2552083333333333 0.2692307692307692 0.23423423423423423 0.23423423423423423 0.24456521739130435 0.23423423423423423 0.2513089005235602
X11013410 0.3162393162393162 0.23423423423423423 0.30714285714285716 0.22477064220183487 0.27807486631016043 0.32673267326732675 0.255 0.23423423423423423 0.23423423423423423 0.25842696629213485 0.24019607843137256 0.2847222222222222 0.23444976076555024 0.28402366863905326 0.23423423423423423 0.23423423423423423 0.29411764705882354 0.23423423423423423 0.36283185840707965 0.23423423423423423
X11002310 0.2871287128712871 0.27906976744186046 0.29411764705882354 0.2962962962962963 0.2743362831858407 0.2727272727272727 0.2782608695652174 0.2647058823529412 0.2857142857142857 0.25961538461538464 0.2543859649122807 0.27450980392156865 0.2682926829268293 0.30327868852459017 0.2857142857142857 0.30303030303030304 0.27884615384615385 0.25663716814159293 0.2846153846153846 0.3
X11002301 0.25 0.3333333333333333 0.3177570093457944 0.0 0.14285714285714285 0.25 0.3333333333333333 0.0 0.0 0.0 0.4 0.49122807017543857 0.3153153153153153 0.0 0.0 0.35294117647058826 0.0 0.4 0.0 0.2
X13002310 0.2903225806451613 0.26548672566371684 0.31958762886597936 0.2644628099173554 0.264 0.29896907216494845 0.27419354838709675 0.3113207547169811 0.30392156862745096 0.31 0.297029702970297 0.3333333333333333 0.3229166666666667 0.3176470588235294 0.30851063829787234 0.32653061224489793 0.3025210084033613 0.3010752688172043 0.288135593220339 0.3402061855670103
