X13012310 1.0 1.0 1.0 1.0 1.0 1.0 1.0 1.0 1.0 0.6923076923076923 1.0 1.0 1.0 1.0 1.0 1.0 1.0 1.0 1.0 1.0
X12013310 0.9615384615384616 1.0 1.0 1.0 0.9423076923076923 1.0 1.0 0.8461538461538461 0.7884615384615384 1.0 0.9423076923076923 0.7115384615384616 1.0 0.7115384615384616 0.9615384615384616 0.9423076923076923 1.0 0.9423076923076923 0.9423076923076923 0.75
X13012410 1.0 0.9423076923076923 1.0 1.0 1.0 1.0 1.0 1.0 1.0 0.8269230769230769 1.0 1.0 1.0 0.9230769230769231 1.0 1.0 1.0 1.0 1.0 1.0
X13013610 1.0 1.0 1.0 1.0 1.0 1.0 1.0 1.0 1.0 1.0 1.0 0.9230769230769231 1.0 1.0 1.0 0.9807692307692307 1.0 1.0 1.0 1.0
X12012310 1.0 1.0 1.0 0.9615384615384616 1.0 1.0 1.0 1.0 0.9807692307692307 1.0 1.0 0.9807692307692307 1.0 1.0 1.0 1.0 0.8653846153846154 1.0 0.7115384615384616 1.0
X13013510 1.0 0.75 1.0 0.9230769230769231 1.0 1.0 1.0 0.9423076923076923 1.0 1.0 1.0 0.9807692307692307 1.0 1.0 1.0 0.7307692307692307 0.75 1.0 1.0 0.8461538461538461
X11012610 1.0 1.0 1.0 1.0 0.9423076923076923 0.8846153846153846 0.9423076923076923 1.0 0.9423076923076923 0.9807692307692307 0.9423076923076923 1.0 1.0 0.9423076923076923 1.0 1.0 1.0 1.0 1.0 1.0
X13012710 1.0 1.0 1.0 1.0 1.0 1.0 0.6346153846153846 1.0 1.0 1.0 1.0 1.0 1.0 1.0 0.9423076923076923 1.0 1.0 1.0 1.0 0.9807692307692307
X12013410 0.6923076923076923 1.0 1.0 0.9230769230769231 0.8846153846153846 0.9807692307692307 1.0 1.0 0.9038461538461539 1.0 1.0 1.0 1.0 1.0 0.7692307692307693 1.0 0.9423076923076923 0.8461538461538461 1.0 0.9038461538461539
X12012610 1.0 0.9230769230769231 1.0 1.0 0.9423076923076923 1.0 1.0 1.0 0.9038461538461539 1.0 1.0 1.0 0.9615384615384616 1.0 1.0 1.0 1.0 0.9423076923076923 1.0 1.0
X12013610 0.8653846153846154 0.8269230769230769 1.0 1.0 1.0 1.0 1.0 0.9230769230769231 0.8269230769230769 1.0 1.0 0.75 1.0 1.0 0.9615384615384616 1.0 0.9230769230769231 1.0 0.9230769230769231 1.0
X13013310 1.0 0.7307692307692307 1.0 0.7307692307692307 0.8076923076923077 1.0 0.8653846153846154 0.9807692307692307 1.0 1.0 1.0 1.0 1.0 1.0 0.7307692307692307 1.0 0.9230769230769231 1.0 1.0 0.8461538461538461
X12013710 0.9038461538461539 1.0 1.0 1.0 1.0 1.0 1.0 1.0 0.8076923076923077 1.0 0.9423076923076923 1.0 0.6153846153846154 0.9423076923076923 1.0 1.0 0.9423076923076923 0.9807692307692307 1.0 1.0
X12013510 0.9807692307692307 1.0 0.6730769230769231 1.0 1.0 0.9423076923076923 1.0 1.0 1.0 1.0 1.0 1.0 0.9230769230769231 1.0 0.9615384615384616 0.8846153846153846 1.0 0.8461538461538461 1.0 0.9615384615384616
X11013511 0.9230769230769231 1.0 0.6153846153846154 0.4230769230769231 1.0 0.8269230769230769 0.36538461538461536 0.8846153846153846 0.5769230769230769 0.9615384615384616 0.9615384615384616 0.6346153846153846 0.5769230769230769 1.0 0.8653846153846154 1.0 0.8461538461538461 0.8076923076923077 0.9615384615384616 0.9807692307692307
X11013610 1.0 1.0 1.0 0.9615384615384616 0.9423076923076923 1.0 0.6923076923076923 1.0 0.9423076923076923 0.9230769230769231 0.7115384615384616 0.8653846153846154 0.9423076923076923 1.0 1.0 0.9807692307692307 1.0 1.0 1.0 0.75
X12012410 1.0 1.0 1.0 1.0 1.0 1.0 1.0 1.0 0.9423076923076923 1.0 1.0 1.0 0.9038461538461539 1.0 1.0 0.9807692307692307 1.0 1.0 1.0 1.0
X12012710 1.0 1.0 1.0 1.0 1.0 0.9038461538461539 1.0 1.0 0.7115384615384616 1.0 1.0 1.0 1.0 0.8269230769230769 1.0 0.8653846153846154 1.0 1.0 1.0 1.0
X12012510 1.0 1.0 0.8846153846153846 0.6153846153846154 1.0 1.0 0.9230769230769231 0.9615384615384616 0.8461538461538461 1.0 1.0 1.0 0.8076923076923077 1.0 1.0 1.0 1.0 1.0 1.0 1.0
X11012410 1.0 1.0 0.8846153846153846 0.6923076923076923 0.6923076923076923 0.9423076923076923 0.8653846153846154 0.8269230769230769 0.9807692307692307 0.8653846153846154 0.9807692307692307 0.9807692307692307 1.0 0.9230769230769231 0.8846153846153846 0.9807692307692307 1.0 1.0 0.9423076923076923 1.0
X11002311 0.9423076923076923 0.0 0.8653846153846154 0.8846153846153846 0.9615384615384616 0.9423076923076923 1.0 0.8461538461538461 0.9615384615384616 0.9038461538461539 0.0 0.019230769230769232 0.0 0.9423076923076923 0.75 0.9423076923076923 0.9615384615384616 0.0 0.8269230769230769 0.0
X11012310 0.7115384615384616 1.0 0.5961538461538461 0.9230769230769231 0.9038461538461539 0.8653846153846154 0.9615384615384616 0.75 1.0 1.0 1.0 1.0 0.8461538461538461 1.0 0.5576923076923077 0.6923076923076923 0.7307692307692307 0.7692307692307693 0.5192307692307693 0.7884615384615384
X11013310 0.9807692307692307 0.8653846153846154 0.7884615384615384 1.0 0.9807692307692307 0.9615384615384616 0.9807692307692307 0.9230769230769231 0.8653846153846154 0.8846153846153846 0.9615384615384616 0.9807692307692307 0.9423076923076923 0.9423076923076923 0.9230769230769231 0.6730769230769231 0.6153846153846154 0.9423076923076923 0.9615384615384616 0.75
X11012510 1.0 1.0 0.8653846153846154 1.0 0.8269230769230769 0.6346153846153846 0.5961538461538461 0.7115384615384616 0.9230769230769231 1.0 1.0 0.9615384615384616 1.0 0.8653846153846154 1.0 1.0 1.0 0.8846153846153846 1.0 0.7884615384615384
X11013510 0.9038461538461539 1.0 1.0 0.7115384615384616 0.9230769230769231 1.0 1.0 0.8076923076923077 1.0 0.9038461538461539 0.8461538461538461 1.0 0.9423076923076923 0.9423076923076923 0.9423076923076923 1.0 1.0 0.8653846153846154 1.0 0.9230769230769231
X11013410 0.7115384615384616 1.0 0.8269230769230769 0.9423076923076923 1.0 0.6346153846153846 0.9807692307692307 1.0 1.0 0.8846153846153846 0.9423076923076923 0.7884615384615384 0.9423076923076923 0.9230769230769231 1.0 1.0 0.8653846153846154 1.0 0.7884615384615384 1.0
X11002310 0.5576923076923077 0.6923076923076923 0.5769230769230769 0.6153846153846154 0.5961538461538461 0.5192307692307693 0.6153846153846154 0.5192307692307693 0.5769230769230769 0.5192307692307693 0.5576923076923077 0.5384615384615384 0.6346153846153846 0.7115384615384616 0.7307692307692307 0.5769230769230769 0.5576923076923077 0.5576923076923077 0.7115384615384616 0.6346153846153846
X11002301 0.038461538461538464 0.038461538461538464 0.6538461538461539 0.0 0.038461538461538464 0.11538461538461539 0.019230769230769232 0.0 0.0 0.0 0.038461538461538464 0.5384615384615384 0.6730769230769231 0.0 0.0 0.11538461538461539 0.0 0.038461538461538464 0.0 0.038461538461538464
X13002310 0.5192307692307693 0.5769230769230769 0.5961538461538461 0.6153846153846154 0.6346153846153846 0.5576923076923077 0.6538461538461539 0.6346153846153846 0.5961538461538461 0.5961538461538461 0.5769230769230769 0.5576923076923077 0.5961538461538461 0.5192307692307693 0.5576923076923077 0.6153846153846154 0.6923076923076923 0.5384615384615384 0.6538461538461539 0.6346153846153846
