X13012310 7.076105356216431 7.180780649185181 7.327337741851807 7.490635633468628 7.664250612258911 7.77667236328125 7.861367464065552 7.984450101852417 8.119429111480713 8.196144580841064 8.432007074356079 8.590250253677368 8.729792833328247 8.72141695022583 8.775696277618408 8.921935319900513 9.037469387054443 9.094584226608276 9.540537595748901 9.38876485824585
X12013310 9.466862916946411 9.500621318817139 9.610812425613403 9.694512128829956 9.872442245483398 10.02269196510315 10.091917753219604 10.194981098175049 10.281315565109253 10.446834087371826 10.541812658309937 10.692082643508911 10.6097252368927 11.516055822372437 10.885257244110107 11.033864974975586 10.996819972991943 11.231378078460693 11.818456411361694 11.452301979064941
X13012410 11.985063314437866 12.385701656341553 12.01437520980835 12.22266936302185 12.383893013000488 12.398742437362671 12.675787448883057 12.688120365142822 12.746428966522217 12.895007371902466 12.938874959945679 13.23567819595337 13.375962972640991 13.462259292602539 13.501333236694336 13.615029573440552 13.684687852859497 14.108803033828735 14.062717199325562 14.248367309570312
X13013610 14.440888166427612 14.324692726135254 14.650052785873413 14.764841079711914 14.924998044967651 14.97482705116272 15.33795690536499 15.9282546043396 15.299162149429321 15.534727573394775 15.325305938720703 15.371880531311035 15.533132076263428 15.73582148551941 16.108853578567505 15.799760818481445 16.023316383361816 16.01432991027832 16.056808948516846 16.238604307174683
X12012310 16.39919376373291 16.39139485359192 16.388610124588013 16.62224006652832 16.69377326965332 16.774017572402954 16.96458125114441 17.099286556243896 17.234594106674194 17.221198320388794 17.877075672149658 17.463471174240112 17.518930673599243 17.55304527282715 17.808995723724365 17.881383895874023 17.975466012954712 18.061519145965576 18.134320497512817 18.325435161590576
X13013510 18.93596339225769 18.864367961883545 18.814683437347412 18.989628314971924 19.105642080307007 19.401730060577393 19.891083478927612 19.461982488632202 19.58462905883789 19.65130877494812 19.696945190429688 19.900378465652466 20.817402362823486 20.405792474746704 20.446600437164307 20.45892882347107 20.521923542022705 20.711230278015137 20.96626591682434 20.775551319122314
X11012610 20.867989778518677 20.97118592262268 21.131667613983154 21.553345918655396 21.16127371788025 21.234706163406372 21.292518138885498 22.05468201637268 22.103246688842773 21.552154779434204 21.898353815078735 21.91097855567932 21.952574491500854 21.9709689617157 22.2542827129364 22.29859948158264 22.366321086883545 22.592549800872803 22.343770503997803 22.447738885879517
X13012710 22.869844436645508 23.09041690826416 23.0772705078125 23.695642709732056 23.567838668823242 23.61540961265564 23.61989998817444 23.733672380447388 24.00246000289917 24.34679675102234 24.13295078277588 24.169456958770752 24.4001567363739 24.51969575881958 24.643029928207397 24.831366777420044 25.17446804046631 25.585333108901978 25.20598602294922 25.03007984161377
X12013410 24.959192514419556 25.308921813964844 25.45058298110962 25.228012323379517 25.222683668136597 25.48190140724182 25.86753821372986 25.833271980285645 25.619817972183228 25.579752683639526 25.635378122329712 26.584303855895996 25.8368022441864 25.92003059387207 26.880000829696655 26.327155351638794 26.453050136566162 26.50939917564392 26.39986562728882 26.635164260864258
X12012610 26.640788555145264 26.85175395011902 26.791377782821655 27.359614372253418 27.056384563446045 27.32912039756775 27.34675431251526 27.612610816955566 27.56451678276062 27.582990646362305 27.835068702697754 28.422157526016235 28.020607948303223 28.18105149269104 28.290611743927002 28.441223859786987 28.286611795425415 28.4034481048584 28.407610654830933 28.604496240615845
X12013610 28.79667353630066 28.586538791656494 29.012741327285767 28.874410390853882 29.089149713516235 29.18082880973816 29.330960273742676 29.593976497650146 29.353566646575928 29.68148159980774 30.226795434951782 30.256834745407104 30.154242992401123 30.19528818130493 30.26469111442566 30.343974113464355 30.450838327407837 30.496341228485107 30.499759435653687 30.742158889770508
X13013310 30.638052940368652 31.44867515563965 31.167890548706055 31.225836038589478 31.211957931518555 31.625476121902466 32.901084184646606 32.09628677368164 32.42380237579346 32.065911054611206 32.48223519325256 32.82884383201599 32.441572427749634 32.6099796295166 32.6362419128418 33.23267364501953 32.99691128730774 32.99547457695007 32.874775886535645 33.185964584350586
X12013710 33.36813712120056 33.394054651260376 33.328187704086304 33.42155361175537 33.217461347579956 33.49364256858826 33.7057466506958 35.03757429122925 34.78389811515808 33.89441466331482 34.33819246292114 34.34039235115051 34.683794021606445 34.30564045906067 34.959481716156006 35.10551428794861 34.78092861175537 35.465479612350464 34.972742557525635 36.08457112312317
X12013510 35.96910786628723 35.86954617500305 35.992194175720215 36.20953321456909 36.86944580078125 36.18971657752991 37.04188776016235 36.942994594573975 36.68558716773987 37.4286425113678 36.646157026290894 37.13953685760498 37.44636297225952 36.929548501968384 37.60016703605652 37.32369923591614 37.38252544403076 37.44297122955322 37.65667200088501 39.29489731788635
X11013511 38.67167901992798 38.63816547393799 38.70915913581848 39.60003209114075 38.331053018569946 38.84894895553589 38.87864565849304 39.66266489028931 39.20733642578125 39.253995180130005 39.532697677612305 40.063453912734985 39.68550395965576 39.742756843566895 40.10330414772034 39.97698926925659 40.13549590110779 41.57022190093994 40.12151527404785 42.716875076293945
X11013610 41.21880841255188 40.39417576789856 40.90157699584961 40.423994302749634 40.36495852470398 39.66637563705444 39.57546520233154 41.76895022392273 41.98101258277893 41.192373752593994 40.36067342758179 40.53101658821106 40.51697659492493 41.804811239242554 41.500340938568115 41.08964490890503 40.662959575653076 41.957297563552856 41.8389937877655 40.92321062088013
X12012410 42.647866010665894 42.33340620994568 43.14617371559143 42.68349313735962 43.80701160430908 43.4683997631073 44.1564462184906 42.024699211120605 41.60948443412781 42.62274217605591 41.99718499183655 42.170106410980225 41.92943978309631 42.15987038612366 42.06468629837036 42.25697445869446 42.36221790313721 42.225553035736084 42.46061301231384 42.715609312057495
X12012710 42.94157552719116 42.86748027801514 42.943363904953 42.546730518341064 42.846548318862915 43.68889498710632 43.164618492126465 43.08592629432678 43.25148105621338 43.3977997303009 43.431405544281006 43.872538566589355 43.98790240287781 43.677088260650635 43.90438461303711 44.469671964645386 47.53618574142456 47.844791650772095 45.75181794166565 47.823280334472656
X12012510 49.18845891952515 45.946526765823364 46.83356595039368 46.649975061416626 46.779776096343994 50.48451638221741 48.55922865867615 47.187424182891846 47.85254096984863 47.365007638931274 50.545836210250854 51.12231469154358 48.52908492088318 47.827048778533936 48.014023542404175 49.756807804107666 49.29205346107483 49.207561016082764 49.11920213699341 50.45900344848633
X11012410 49.8252592086792 48.66035580635071 49.340740442276 49.687469244003296 48.84212923049927 48.57024598121643 51.62039804458618 50.05318808555603 50.88964819908142 50.233142614364624 50.431875467300415 51.42886447906494 52.28205418586731 53.52045917510986 51.375144720077515 51.75418710708618 52.87827658653259 51.18446326255798 51.46880054473877 50.25390625
X11002311 52.413902282714844 52.485883474349976 55.00720191001892 52.76026630401611 52.21091032028198 53.102128744125366 52.850998401641846 55.333904504776 52.13685941696167 54.79463481903076 53.014994859695435 54.604358434677124 54.072020053863525 53.84887671470642 55.64070987701416 52.933459997177124 55.77100396156311 55.63715696334839 55.10375499725342 54.76797080039978
X11012310 54.10747838020325 55.39471745491028 54.145477533340454 54.55845785140991 55.761366844177246 56.993656396865845 55.44043755531311 55.15664505958557 56.40448713302612 55.26282215118408 56.037973165512085 55.28267812728882 57.398024797439575 54.24644732475281 56.707382678985596 56.65194654464722 54.811194896698 56.64437484741211 54.46948742866516 54.60451650619507
X11013310 55.5791871547699 55.170284032821655 54.56599450111389 54.89530539512634 55.23631000518799 54.26583385467529 54.938958406448364 56.62376260757446 63.282522201538086 60.995012044906616 57.6659255027771 59.05685114860535 59.982380628585815 56.16027331352234 59.336201667785645 57.06293296813965 56.2383987903595 58.137610912323 59.14704132080078 58.38292336463928
X11012510 1.5663669109344482 1.6692731380462646 1.7340967655181885 1.8904869556427002 1.8781166076660156 2.0991296768188477 2.0441572666168213 2.190138816833496 2.5629279613494873 2.430837392807007 2.4743683338165283 2.5617551803588867 2.673154830932617 2.7815020084381104 2.8620152473449707 3.0736775398254395 3.1908986568450928 3.3125805854797363 3.3237686157226562 3.3095829486846924
X11013510 3.6507420539855957 3.9291272163391113 3.9226582050323486 3.9128031730651855 4.1489808559417725 4.179173707962036 4.4288434982299805 4.432129383087158 4.517856121063232 4.847085952758789 4.919132232666016 5.05277681350708 4.909140348434448 5.015666961669922 5.10772967338562 5.235435724258423 5.3428795337677 5.438897132873535 5.5392372608184814 5.721810817718506
X11013410 5.959018707275391 6.044032335281372 6.2416887283325195 6.745203495025635 6.508299350738525 6.524372816085815 6.690218925476074 6.711934566497803 6.85743260383606 6.936708688735962 7.051803112030029 7.109962224960327 7.281378746032715 7.396224737167358 7.540052890777588 7.8052146434783936 7.617874383926392 7.690103769302368 7.783765554428101 7.929373502731323
X11002310 8.014462947845459 8.056414604187012 8.204726219177246 8.252140998840332 8.595195293426514 8.490271806716919 8.509445190429688 9.1170072555542 8.812787771224976 8.873809337615967 9.019410848617554 9.02082371711731 9.129745483398438 9.188131332397461 9.332077026367188 9.459899425506592 9.557778120040894 9.626840353012085 9.822293281555176 9.86946153640747
X11002301 8.818812847137451 8.938392877578735 9.103600978851318 9.09008502960205 9.202089071273804 9.337066888809204 9.435756206512451 9.480075359344482 9.595661401748657 9.740665197372437 10.103620529174805 10.084435939788818 10.128386735916138 10.262778997421265 10.322880506515503 10.458647966384888 11.06069564819336 10.681225776672363 10.81755256652832 10.845232248306274
X13002310 12.848455667495728 12.938783884048462 13.005826711654663 13.084815979003906 13.619208574295044 13.469564437866211 13.548954010009766 13.673552513122559 13.577669620513916 13.781536102294922 14.111173391342163 13.869923114776611 14.01641583442688 14.124274253845215 14.335524559020996 14.489823579788208 14.645928859710693 14.782112836837769 14.833571434020996 15.034523010253906
