   1  X11002301 (---*-----------------    |                        ), 0.000,  0.000,  0.065,  0.070,  0.429
   1  X13012310 (                  *      |                        ), 0.380,  0.380,  0.380,  0.380,  0.380
   1  X13012410 (                  *      |                        ), 0.380,  0.380,  0.380,  0.380,  0.397
   1  X13013610 (                  *---   |                        ), 0.380,  0.380,  0.380,  0.380,  0.455
   1  X12012310 (                  *--    |                        ), 0.374,  0.380,  0.380,  0.380,  0.428
   1  X13013510 (                  *-     |                        ), 0.378,  0.380,  0.380,  0.380,  0.416
   1  X11012610 (                  *--    |                        ), 0.380,  0.380,  0.380,  0.394,  0.426
   1  X13012710 (                  *      |                        ), 0.380,  0.380,  0.380,  0.380,  0.395
   1  X12013410 (                  *---   |                        ), 0.380,  0.380,  0.380,  0.412,  0.442
   1  X12012610 (                  *-     |                        ), 0.380,  0.380,  0.380,  0.380,  0.419
   1  X12013610 (                  *-     |                        ), 0.380,  0.380,  0.380,  0.397,  0.410
   1  X13013310 (                  *-     |                        ), 0.365,  0.380,  0.380,  0.380,  0.412
   1  X12013710 (                  *-     |                        ), 0.379,  0.380,  0.380,  0.380,  0.408
   1  X12013510 (                  *---   |                        ), 0.370,  0.380,  0.380,  0.380,  0.445
   1  X11013511 (                  *--    |                        ), 0.359,  0.373,  0.380,  0.380,  0.432
   1  X11013610 (                  *--    |                        ), 0.380,  0.380,  0.380,  0.397,  0.427
   1  X12012410 (                  *      |                        ), 0.380,  0.380,  0.380,  0.380,  0.383
   1  X12012710 (                  *      |                        ), 0.380,  0.380,  0.380,  0.380,  0.389
   1  X12012510 (                  *-     |                        ), 0.380,  0.380,  0.380,  0.386,  0.416
   1  X11012410 (                  *--    |                        ), 0.369,  0.380,  0.380,  0.397,  0.430
   1  X11012310 (                  *--    |                        ), 0.354,  0.366,  0.380,  0.384,  0.424
   1  X11012510 (                  *--    |                        ), 0.372,  0.380,  0.380,  0.387,  0.425
   1  X11002310 (                  -*     |                        ), 0.351,  0.372,  0.382,  0.398,  0.411
   2  X12013310 (                  -*     |                        ), 0.380,  0.380,  0.386,  0.397,  0.402
   3  X11013510 (                  -*-    |                        ), 0.380,  0.380,  0.395,  0.418,  0.440
   4  X11013410 (                  -*--   |                        ), 0.380,  0.380,  0.400,  0.434,  0.448
   4  X13002310 (                   *-    |                        ), 0.372,  0.389,  0.400,  0.417,  0.427
   4  X11002311 (                   -*    |                        ), 0.000,  0.387,  0.407,  0.415,  0.431
   5  X11013310 (                   -*-   |                        ), 0.382,  0.394,  0.408,  0.425,  0.457
