X13012310 0.24313725490196078 0.24313725490196078 0.24313725490196078 0.24313725490196078 0.24313725490196078 0.24313725490196078 0.24313725490196078 0.24313725490196078 0.24313725490196078 0.2605042016806723 0.24313725490196078 0.24313725490196078 0.24313725490196078 0.24313725490196078 0.24313725490196078 0.24313725490196078 0.24313725490196078 0.24313725490196078 0.24313725490196078 0.24313725490196078
X12013310 0.24313725490196078 0.24313725490196078 0.3657957244655582 0.24313725490196078 0.24313725490196078 0.38947368421052636 0.24603174603174605 0.3609756097560975 0.24313725490196078 0.24313725490196078 0.24313725490196078 0.26049204052098407 0.24313725490196078 0.3671497584541063 0.40707964601769914 0.24313725490196078 0.243455497382199 0.36705882352941177 0.24313725490196078 0.4240506329113924
X13012410 0.24313725490196078 0.24313725490196078 0.24313725490196078 0.24313725490196078 0.24313725490196078 0.24313725490196078 0.33420365535248037 0.24313725490196078 0.24313725490196078 0.37772397094430993 0.24313725490196078 0.24313725490196078 0.24313725490196078 0.24313725490196078 0.24313725490196078 0.24313725490196078 0.24313725490196078 0.3802469135802469 0.37346437346437344 0.24313725490196078
X13013610 0.24313725490196078 0.24313725490196078 0.24313725490196078 0.24313725490196078 0.24313725490196078 0.24313725490196078 0.24313725490196078 0.3640350877192982 0.24313725490196078 0.27469135802469136 0.24313725490196078 0.3911845730027549 0.24313725490196078 0.3452054794520548 0.24313725490196078 0.24313725490196078 0.24313725490196078 0.24313725490196078 0.24313725490196078 0.24313725490196078
X12012310 0.24313725490196078 0.24313725490196078 0.24313725490196078 0.24313725490196078 0.24313725490196078 0.24313725490196078 0.24313725490196078 0.24313725490196078 0.24313725490196078 0.24313725490196078 0.24313725490196078 0.24313725490196078 0.24313725490196078 0.24313725490196078 0.24313725490196078 0.24313725490196078 0.24313725490196078 0.24313725490196078 0.24313725490196078 0.243455497382199
X13013510 0.24313725490196078 0.24313725490196078 0.3623188405797102 0.2944550669216061 0.24598930481283426 0.36923076923076925 0.24313725490196078 0.24313725490196078 0.37000000000000005 0.24313725490196078 0.3794871794871795 0.24313725490196078 0.24313725490196078 0.24313725490196078 0.24313725490196078 0.38227146814404434 0.24313725490196078 0.24313725490196078 0.3732057416267943 0.27070063694267515
X11012610 0.30905861456483125 0.24313725490196078 0.36073059360730597 0.38659793814432986 0.3806970509383378 0.24313725490196078 0.3511111111111111 0.3679245283018869 0.24313725490196078 0.2765957446808511 0.3654822335025381 0.3260437375745527 0.24313725490196078 0.36828644501278773 0.3941176470588235 0.27164179104477615 0.32677165354330706 0.3326315789473684 0.4057142857142857 0.24313725490196078
X13012710 0.24313725490196078 0.24313725490196078 0.24313725490196078 0.24313725490196078 0.24313725490196078 0.24313725490196078 0.24313725490196078 0.24313725490196078 0.24313725490196078 0.24313725490196078 0.36803874092009686 0.24313725490196078 0.24313725490196078 0.24313725490196078 0.24313725490196078 0.24313725490196078 0.24313725490196078 0.24313725490196078 0.24313725490196078 0.24313725490196078
X12013410 0.24313725490196078 0.37500000000000006 0.24313725490196078 0.23989218328840967 0.24313725490196078 0.39306358381502887 0.24313725490196078 0.36405529953917054 0.24313725490196078 0.24313725490196078 0.3795620437956204 0.24313725490196078 0.24313725490196078 0.3867403314917128 0.24313725490196078 0.24313725490196078 0.3956639566395664 0.3586206896551724 0.24313725490196078 0.3694581280788178
X12012610 0.24313725490196078 0.24313725490196078 0.24313725490196078 0.24313725490196078 0.24313725490196078 0.24313725490196078 0.24313725490196078 0.24313725490196078 0.24313725490196078 0.24313725490196078 0.24313725490196078 0.2932454695222405 0.24313725490196078 0.24313725490196078 0.24313725490196078 0.24313725490196078 0.38442822384428227 0.24313725490196078 0.24313725490196078 0.35565819861431874
X12013610 0.3537117903930131 0.24313725490196078 0.28911564625850333 0.3584070796460177 0.3354037267080745 0.2876949740034662 0.24313725490196078 0.32815964523281593 0.24313725490196078 0.31716417910447764 0.24313725490196078 0.24313725490196078 0.2537931034482759 0.24313725490196078 0.37566137566137564 0.24313725490196078 0.2824675324675325 0.3125 0.37209302325581395 0.3368869936034115
X13013310 0.24313725490196078 0.24313725490196078 0.24313725490196078 0.24313725490196078 0.24313725490196078 0.24313725490196078 0.3640897755610972 0.417910447761194 0.24313725490196078 0.3438155136268344 0.24313725490196078 0.24313725490196078 0.38869257950530034 0.24313725490196078 0.3036649214659685 0.24313725490196078 0.24313725490196078 0.3952802359882006 0.24313725490196078 0.37900874635568516
X12013710 0.3681592039800995 0.3762376237623763 0.24313725490196078 0.24313725490196078 0.2590529247910863 0.38933333333333325 0.3794871794871795 0.24313725490196078 0.2437086092715232 0.35545023696682465 0.30442477876106194 0.24313725490196078 0.3756345177664974 0.24313725490196078 0.37853107344632775 0.38095238095238093 0.3818181818181818 0.24313725490196078 0.3771428571428571 0.36827195467422097
X12013510 0.24473684210526317 0.24313725490196078 0.24313725490196078 0.30115830115830117 0.24313725490196078 0.3605769230769231 0.24313725490196078 0.24313725490196078 0.36907730673316713 0.24313725490196078 0.368421052631579 0.24313725490196078 0.33928571428571425 0.360655737704918 0.3669250645994832 0.39296187683284456 0.24313725490196078 0.24313725490196078 0.24313725490196078 0.39237057220708454
X11013511 0.2632331902718169 0.21599999999999997 0.31349206349206343 0.2993762993762994 0.23255813953488375 0.2579710144927536 0.3234624145785877 0.24313725490196078 0.23102310231023102 0.16314199395770393 0.2696629213483146 0.2439759036144578 0.36078431372549025 0.24137931034482762 0.24313725490196078 0.24313725490196078 0.2685950413223141 0.2429906542056075 0.24313725490196078 0.2242152466367713
X11013610 0.24313725490196078 0.3091603053435114 0.35827664399092973 0.24313725490196078 0.28 0.3052631578947368 0.24313725490196078 0.2609929078014185 0.3037037037037037 0.24313725490196078 0.2928571428571428 0.24313725490196078 0.243455497382199 0.33057851239669417 0.27204783258594917 0.30442477876106194 0.24313725490196078 0.33193277310924374 0.37593984962406013 0.24313725490196078
X12012410 0.24313725490196078 0.2598870056497175 0.24313725490196078 0.24313725490196078 0.24313725490196078 0.25915492957746483 0.24274406332453824 0.24313725490196078 0.24313725490196078 0.3319672131147541 0.24074074074074078 0.404692082111437 0.24313725490196078 0.24313725490196078 0.24313725490196078 0.24313725490196078 0.24313725490196078 0.24313725490196078 0.3988439306358381 0.24313725490196078
X12012710 0.24313725490196078 0.24313725490196078 0.24313725490196078 0.33535353535353535 0.24313725490196078 0.24313725490196078 0.24313725490196078 0.24313725490196078 0.24313725490196078 0.24313725490196078 0.22603719599427755 0.24313725490196078 0.35398230088495575 0.24313725490196078 0.24313725490196078 0.24313725490196078 0.3049645390070922 0.24313725490196078 0.2437745740498034 0.24313725490196078
X12012510 0.24313725490196078 0.24313725490196078 0.24313725490196078 0.24441524310118262 0.24313725490196078 0.24313725490196078 0.24313725490196078 0.24313725490196078 0.3516483516483516 0.24313725490196078 0.3516483516483516 0.3738872403560831 0.3524229074889868 0.24313725490196078 0.2609929078014185 0.36000000000000004 0.24313725490196078 0.24313725490196078 0.24313725490196078 0.3771428571428571
X11012410 0.24313725490196078 0.24313725490196078 0.24313725490196078 0.24313725490196078 0.24313725490196078 0.24313725490196078 0.24313725490196078 0.24313725490196078 0.24313725490196078 0.243455497382199 0.2433862433862434 0.24313725490196078 0.23872679045092837 0.24313725490196078 0.24313725490196078 0.2955665024630542 0.24313725490196078 0.24313725490196078 0.24313725490196078 0.24313725490196078
X11002311 0.26112759643916916 0.0 0.3333333333333333 0.0 0.05172413793103448 0.3054545454545455 0.3204868154158216 0.0 0.0196078431372549 0.30103806228373703 0.0 0.0 0.017857142857142856 0.03960396039603961 0.0 0.0 0.0 0.27002967359050445 0.0 0.0196078431372549
X11012310 0.3746958637469587 0.24313725490196078 0.37837837837837845 0.4010989010989011 0.24313725490196078 0.38578680203045684 0.39226519337016574 0.3741007194244604 0.389937106918239 0.3978779840848806 0.3062015503875969 0.24313725490196078 0.24313725490196078 0.37142857142857144 0.3707317073170732 0.24313725490196078 0.38329238329238324 0.38547486033519557 0.3968253968253968 0.2857142857142857
X11013310 0.3794037940379404 0.39480519480519477 0.3872832369942197 0.37089201877934275 0.2962962962962963 0.302405498281787 0.2450592885375494 0.3590909090909091 0.3705463182897862 0.3872832369942197 0.3811881188118812 0.24313725490196078 0.24313725490196078 0.3693045563549161 0.35374149659863946 0.3885714285714286 0.38190954773869346 0.3910614525139665 0.37593984962406013 0.3410526315789474
X11012510 0.2870967741935484 0.24313725490196078 0.24313725490196078 0.28037383177570097 0.243455497382199 0.3459915611814346 0.24313725490196078 0.22875816993464052 0.24313725490196078 0.34689507494646676 0.3060869565217391 0.24313725490196078 0.24313725490196078 0.24313725490196078 0.303448275862069 0.24313725490196078 0.28616352201257866 0.24313725490196078 0.33970276008492567 0.29865771812080544
X11013510 0.3653846153846154 0.3656884875846501 0.37163814180929094 0.3817204301075269 0.3416856492027334 0.24313725490196078 0.37696335078534027 0.34838709677419355 0.3826530612244898 0.37606837606837606 0.35989717223650386 0.3879781420765028 0.3815028901734104 0.3573085846867749 0.37746478873239436 0.24528301886792456 0.243455497382199 0.24313725490196078 0.35989717223650386 0.39237057220708454
X11013410 0.24313725490196078 0.32765957446808514 0.34689507494646676 0.34895833333333337 0.39257294429708217 0.24313725490196078 0.24313725490196078 0.3177570093457944 0.39466666666666667 0.4010554089709763 0.3805970149253732 0.39655172413793105 0.376657824933687 0.38918918918918916 0.3854166666666667 0.24313725490196078 0.32150313152400833 0.4121212121212121 0.3778337531486146 0.24313725490196078
X11002310 0.37770897832817335 0.3860589812332439 0.38064516129032255 0.36827195467422097 0.3685800604229607 0.37278106508875736 0.3673469387755102 0.37900874635568516 0.3712574850299401 0.37538461538461537 0.39087947882736157 0.36655948553054657 0.37900874635568516 0.37082066869300906 0.37900874635568516 0.36923076923076925 0.37278106508875736 0.36571428571428577 0.3594771241830065 0.37106918238993714
X11002301 0.0 0.0 0.0 0.0 0.0 0.10526315789473685 0.0 0.28708133971291866 0.0 0.01818181818181818 0.0 0.0 0.3274853801169591 0.2899022801302931 0.0 0.0 0.020408163265306128 0.0 0.0 0.0
X13002310 0.37142857142857144 0.38636363636363635 0.3709090909090909 0.34946236559139787 0.3522388059701492 0.3706070287539936 0.3475609756097561 0.35782747603833864 0.3303571428571429 0.3860759493670886 0.3504043126684636 0.3829787234042553 0.38390092879256965 0.35978835978835977 0.3689839572192513 0.36760124610591904 0.3733333333333333 0.3619631901840491 0.34532374100719426 0.36363636363636365
