X13012310 0.13839285714285715 0.13839285714285715 0.13839285714285715 0.13839285714285715 0.13839285714285715 0.13839285714285715 0.13839285714285715 0.13839285714285715 0.13839285714285715 0.1497584541062802 0.13839285714285715 0.13839285714285715 0.13839285714285715 0.13839285714285715 0.13839285714285715 0.13839285714285715 0.13839285714285715 0.13839285714285715 0.13839285714285715 0.13839285714285715
X12013310 0.13839285714285715 0.13839285714285715 0.2347560975609756 0.13839285714285715 0.13839285714285715 0.2578397212543554 0.14027149321266968 0.2334384858044164 0.13839285714285715 0.13839285714285715 0.13839285714285715 0.1505016722408027 0.13839285714285715 0.2367601246105919 0.2804878048780488 0.13839285714285715 0.13859910581222057 0.23493975903614459 0.13839285714285715 0.3004484304932735
X13012410 0.13839285714285715 0.13839285714285715 0.13839285714285715 0.13839285714285715 0.13839285714285715 0.13839285714285715 0.2206896551724138 0.13839285714285715 0.13839285714285715 0.24375 0.13839285714285715 0.13839285714285715 0.13839285714285715 0.13839285714285715 0.13839285714285715 0.13839285714285715 0.13839285714285715 0.2467948717948718 0.24203821656050956 0.13839285714285715
X13013610 0.13839285714285715 0.13839285714285715 0.13839285714285715 0.13839285714285715 0.13839285714285715 0.13839285714285715 0.13839285714285715 0.22865013774104684 0.13839285714285715 0.16036036036036036 0.13839285714285715 0.26296296296296295 0.13839285714285715 0.23161764705882354 0.13839285714285715 0.13839285714285715 0.13839285714285715 0.13839285714285715 0.13839285714285715 0.13839285714285715
X12012310 0.13839285714285715 0.13839285714285715 0.13839285714285715 0.13839285714285715 0.13839285714285715 0.13839285714285715 0.13839285714285715 0.13839285714285715 0.13839285714285715 0.13839285714285715 0.13839285714285715 0.13839285714285715 0.13839285714285715 0.13839285714285715 0.13839285714285715 0.13839285714285715 0.13839285714285715 0.13839285714285715 0.13839285714285715 0.13859910581222057
X13013510 0.13839285714285715 0.13839285714285715 0.2336448598130841 0.17906976744186046 0.14045801526717558 0.24242424242424243 0.13839285714285715 0.13839285714285715 0.24104234527687296 0.13839285714285715 0.24915824915824916 0.13839285714285715 0.13839285714285715 0.13839285714285715 0.13839285714285715 0.2574626865671642 0.13839285714285715 0.13839285714285715 0.24 0.1588785046728972
X11012610 0.1851063829787234 0.13839285714285715 0.2289855072463768 0.2542372881355932 0.25357142857142856 0.13839285714285715 0.22128851540616246 0.23564954682779457 0.13839285714285715 0.16106194690265488 0.23920265780730898 0.2 0.13839285714285715 0.24161073825503357 0.27125506072874495 0.15771230502599654 0.2 0.20680628272251309 0.27626459143968873 0.13839285714285715
X13012710 0.13839285714285715 0.13839285714285715 0.13839285714285715 0.13839285714285715 0.13839285714285715 0.13839285714285715 0.13839285714285715 0.13839285714285715 0.13839285714285715 0.13839285714285715 0.2375 0.13839285714285715 0.13839285714285715 0.13839285714285715 0.13839285714285715 0.13839285714285715 0.13839285714285715 0.13839285714285715 0.13839285714285715 0.13839285714285715
X12013410 0.13839285714285715 0.24429967426710097 0.13839285714285715 0.13713405238828968 0.13839285714285715 0.26877470355731226 0.13839285714285715 0.2316715542521994 0.13839285714285715 0.13839285714285715 0.24528301886792453 0.13839285714285715 0.13839285714285715 0.26022304832713755 0.13839285714285715 0.13839285714285715 0.2644927536231884 0.22807017543859648 0.13839285714285715 0.23961661341853036
X12012610 0.13839285714285715 0.13839285714285715 0.13839285714285715 0.13839285714285715 0.13839285714285715 0.13839285714285715 0.13839285714285715 0.13839285714285715 0.13839285714285715 0.13839285714285715 0.13839285714285715 0.17315175097276264 0.13839285714285715 0.13839285714285715 0.13839285714285715 0.13839285714285715 0.24842767295597484 0.13839285714285715 0.13839285714285715 0.22647058823529412
X12013610 0.2219178082191781 0.13839285714285715 0.1717171717171717 0.22562674094707522 0.2076923076923077 0.17148760330578514 0.13839285714285715 0.20670391061452514 0.13839285714285715 0.19187358916478556 0.13839285714285715 0.13839285714285715 0.14556962025316456 0.13839285714285715 0.24912280701754386 0.13839285714285715 0.16634799235181644 0.1909307875894988 0.2549800796812749 0.21010638297872342
X13013310 0.13839285714285715 0.13839285714285715 0.13839285714285715 0.13839285714285715 0.13839285714285715 0.13839285714285715 0.237012987012987 0.32 0.13839285714285715 0.21354166666666666 0.13839285714285715 0.13839285714285715 0.2894736842105263 0.13839285714285715 0.18125 0.13839285714285715 0.13839285714285715 0.27235772357723576 0.13839285714285715 0.26
X12013710 0.23948220064724918 0.24437299035369775 0.13839285714285715 0.13839285714285715 0.1488 0.25886524822695034 0.24915824915824916 0.13839285714285715 0.13897280966767372 0.22796352583586627 0.18220338983050846 0.13839285714285715 0.24584717607973422 0.13839285714285715 0.2567049808429119 0.24836601307189543 0.26582278481012656 0.13839285714285715 0.25680933852140075 0.25
X12013510 0.13943028485757122 0.13839285714285715 0.13839285714285715 0.18352941176470589 0.13839285714285715 0.23219814241486067 0.13839285714285715 0.13839285714285715 0.24025974025974026 0.13839285714285715 0.23692307692307693 0.13839285714285715 0.2140845070422535 0.23053892215568864 0.24149659863945577 0.2701612903225806 0.13839285714285715 0.13839285714285715 0.13839285714285715 0.26277372262773724
X11013511 0.15181518151815182 0.13267813267813267 0.1922141119221411 0.18556701030927836 0.137524557956778 0.1490787269681742 0.20520231213872833 0.13839285714285715 0.1364522417153996 0.1134453781512605 0.15849056603773584 0.14185639229422067 0.2839506172839506 0.13767019667170954 0.13839285714285715 0.13839285714285715 0.16624040920716113 0.13871951219512196 0.13839285714285715 0.13020833333333334
X11013610 0.13839285714285715 0.18793503480278423 0.22701149425287356 0.13839285714285715 0.16337522441651706 0.18238993710691823 0.13839285714285715 0.1503267973856209 0.18344519015659955 0.13839285714285715 0.17558886509635974 0.13839285714285715 0.13859910581222057 0.20460358056265984 0.1579861111111111 0.18220338983050846 0.13839285714285715 0.206266318537859 0.24509803921568626 0.13839285714285715
X12012410 0.13839285714285715 0.14959349593495935 0.13839285714285715 0.13839285714285715 0.13839285714285715 0.14910858995137763 0.13834586466165413 0.13839285714285715 0.13839285714285715 0.20506329113924052 0.13725490196078433 0.2782258064516129 0.13839285714285715 0.13839285714285715 0.13839285714285715 0.13839285714285715 0.13839285714285715 0.13839285714285715 0.2727272727272727 0.13839285714285715
X12012710 0.13839285714285715 0.13839285714285715 0.13839285714285715 0.2064676616915423 0.13839285714285715 0.13839285714285715 0.13839285714285715 0.13839285714285715 0.13839285714285715 0.13839285714285715 0.13036303630363036 0.13839285714285715 0.22284122562674094 0.13839285714285715 0.13839285714285715 0.13839285714285715 0.18259023354564755 0.13839285714285715 0.13880597014925372 0.13839285714285715
X12012510 0.13839285714285715 0.13839285714285715 0.13839285714285715 0.13922155688622753 0.13839285714285715 0.13839285714285715 0.13839285714285715 0.13839285714285715 0.22099447513812154 0.13839285714285715 0.22099447513812154 0.2581967213114754 0.22160664819944598 0.13839285714285715 0.1503267973856209 0.23452768729641693 0.13839285714285715 0.13839285714285715 0.13839285714285715 0.25680933852140075
X11012410 0.13839285714285715 0.13839285714285715 0.13839285714285715 0.13839285714285715 0.13839285714285715 0.13839285714285715 0.13839285714285715 0.13839285714285715 0.13839285714285715 0.13859910581222057 0.138763197586727 0.13839285714285715 0.1361573373676248 0.13839285714285715 0.13839285714285715 0.1744186046511628 0.13839285714285715 0.13839285714285715 0.13839285714285715 0.13839285714285715
X11002311 0.1514629948364888 0.0 0.208 0.0 0.13043478260869565 0.1838074398249453 0.1975 0.0 0.1111111111111111 0.17938144329896907 0.0 0.0 0.05263157894736842 0.25 0.0 0.0 0.0 0.1566265060240964 0.0 0.1111111111111111
X11012310 0.24213836477987422 0.13839285714285715 0.24522292993630573 0.2693726937269373 0.13839285714285715 0.25249169435215946 0.26394052044609667 0.24074074074074073 0.27555555555555555 0.2640845070422535 0.1867612293144208 0.13839285714285715 0.13839285714285715 0.23853211009174313 0.23974763406940064 0.13839285714285715 0.2484076433121019 0.26037735849056604 0.2631578947368421 0.16727941176470587
X11013310 0.2536231884057971 0.2602739726027397 0.2648221343873518 0.23723723723723725 0.17564870259481039 0.17995910020449898 0.13963963963963963 0.2276657060518732 0.23780487804878048 0.2648221343873518 0.24758842443729903 0.13839285714285715 0.13839285714285715 0.23765432098765432 0.22413793103448276 0.26459143968871596 0.24918032786885247 0.2641509433962264 0.24509803921568626 0.21204188481675393
X11012510 0.16888045540796964 0.13839285714285715 0.13839285714285715 0.16393442622950818 0.13859910581222057 0.2152230971128609 0.13839285714285715 0.1348747591522158 0.13839285714285715 0.21657754010695188 0.1825726141078838 0.13839285714285715 0.13839285714285715 0.13839285714285715 0.1806981519507187 0.13839285714285715 0.16758747697974216 0.13839285714285715 0.21164021164021163 0.17693836978131214
X11013510 0.23529411764705882 0.23142857142857143 0.24050632911392406 0.25448028673835127 0.21676300578034682 0.13839285714285715 0.2491349480968858 0.21774193548387097 0.2508361204013378 0.2558139534883721 0.23648648648648649 0.2600732600732601 0.2608695652173913 0.22781065088757396 0.25572519083969464 0.14021571648690292 0.13859910581222057 0.13839285714285715 0.23648648648648649 0.26277372262773724
X11013410 0.13839285714285715 0.20424403183023873 0.21657754010695188 0.23024054982817868 0.2605633802816901 0.13839285714285715 0.13839285714285715 0.20298507462686566 0.2624113475177305 0.26573426573426573 0.2914285714285714 0.27058823529411763 0.25 0.259927797833935 0.2542955326460481 0.13839285714285715 0.19948186528497408 0.2869198312236287 0.24671052631578946 0.13839285714285715
X11002310 0.26521739130434785 0.2571428571428571 0.271889400921659 0.25 0.25630252100840334 0.2571428571428571 0.252 0.26 0.2572614107883817 0.2629310344827586 0.2803738317757009 0.26146788990825687 0.26 0.2584745762711864 0.26 0.25862068965517243 0.2571428571428571 0.2490272373540856 0.25821596244131456 0.26222222222222225
X11002301 0.0 0.0 0.0 0.0 0.0 0.2857142857142857 0.0 0.18461538461538463 0.0 0.058823529411764705 0.0 0.0 0.358974358974359 0.1708253358925144 0.0 0.0 0.2 0.0 0.0 0.0
X13002310 0.2529182879377432 0.2625482625482625 0.2802197802197802 0.23297491039426524 0.24380165289256198 0.2636363636363636 0.2425531914893617 0.2545454545454545 0.2084507042253521 0.273542600896861 0.23381294964028776 0.2669491525423729 0.26956521739130435 0.23859649122807017 0.24555160142348753 0.25877192982456143 0.24822695035460993 0.2532188841201717 0.2594594594594595 0.26046511627906976
