X13012310 1.0 1.0 1.0 1.0 1.0 1.0 1.0 1.0 1.0 1.0 1.0 1.0 1.0 1.0 1.0 1.0 1.0 1.0 1.0 1.0
X12013310 1.0 1.0 0.8279569892473119 1.0 1.0 0.7956989247311828 1.0 0.7956989247311828 1.0 1.0 1.0 0.967741935483871 1.0 0.8172043010752689 0.7419354838709677 1.0 1.0 0.8387096774193549 1.0 0.7204301075268817
X13012410 1.0 1.0 1.0 1.0 1.0 1.0 0.6881720430107527 1.0 1.0 0.8387096774193549 1.0 1.0 1.0 1.0 1.0 1.0 1.0 0.8279569892473119 0.8172043010752689 1.0
X13013610 1.0 1.0 1.0 1.0 1.0 1.0 1.0 0.8924731182795699 1.0 0.956989247311828 1.0 0.7634408602150538 1.0 0.6774193548387096 1.0 1.0 1.0 1.0 1.0 1.0
X12012310 1.0 1.0 1.0 1.0 1.0 1.0 1.0 1.0 1.0 1.0 1.0 1.0 1.0 1.0 1.0 1.0 1.0 1.0 1.0 1.0
X13013510 1.0 1.0 0.8064516129032258 0.8279569892473119 0.989247311827957 0.7741935483870968 1.0 1.0 0.7956989247311828 1.0 0.7956989247311828 1.0 1.0 1.0 1.0 0.7419354838709677 1.0 1.0 0.8387096774193549 0.9139784946236559
X11012610 0.9354838709677419 1.0 0.8494623655913979 0.8064516129032258 0.7634408602150538 1.0 0.8494623655913979 0.8387096774193549 1.0 0.978494623655914 0.7741935483870968 0.8817204301075269 1.0 0.7741935483870968 0.7204301075268817 0.978494623655914 0.8924731182795699 0.8494623655913979 0.7634408602150538 1.0
X13012710 1.0 1.0 1.0 1.0 1.0 1.0 1.0 1.0 1.0 1.0 0.8172043010752689 1.0 1.0 1.0 1.0 1.0 1.0 1.0 1.0 1.0
X12013410 1.0 0.8064516129032258 1.0 0.956989247311828 1.0 0.7311827956989247 1.0 0.8494623655913979 1.0 1.0 0.8387096774193549 1.0 1.0 0.7526881720430108 1.0 1.0 0.7849462365591398 0.8387096774193549 1.0 0.8064516129032258
X12012610 1.0 1.0 1.0 1.0 1.0 1.0 1.0 1.0 1.0 1.0 1.0 0.956989247311828 1.0 1.0 1.0 1.0 0.8494623655913979 1.0 1.0 0.8279569892473119
X12013610 0.8709677419354839 1.0 0.9139784946236559 0.8709677419354839 0.8709677419354839 0.8924731182795699 1.0 0.7956989247311828 1.0 0.9139784946236559 1.0 1.0 0.989247311827957 1.0 0.7634408602150538 1.0 0.9354838709677419 0.8602150537634409 0.6881720430107527 0.8494623655913979
X13013310 1.0 1.0 1.0 1.0 1.0 1.0 0.7849462365591398 0.6021505376344086 1.0 0.8817204301075269 1.0 1.0 0.5913978494623656 1.0 0.9354838709677419 1.0 1.0 0.7204301075268817 1.0 0.6989247311827957
X12013710 0.7956989247311828 0.8172043010752689 1.0 1.0 1.0 0.7849462365591398 0.7956989247311828 1.0 0.989247311827957 0.8064516129032258 0.9247311827956989 1.0 0.7956989247311828 1.0 0.7204301075268817 0.8172043010752689 0.6774193548387096 1.0 0.7096774193548387 0.6989247311827957
X12013510 1.0 1.0 1.0 0.8387096774193549 1.0 0.8064516129032258 1.0 1.0 0.7956989247311828 1.0 0.8279569892473119 1.0 0.8172043010752689 0.8279569892473119 0.7634408602150538 0.7204301075268817 1.0 1.0 1.0 0.7741935483870968
X11013511 0.989247311827957 0.5806451612903226 0.8494623655913979 0.7741935483870968 0.7526881720430108 0.956989247311828 0.7634408602150538 1.0 0.7526881720430108 0.2903225806451613 0.9032258064516129 0.8709677419354839 0.4946236559139785 0.978494623655914 1.0 1.0 0.6989247311827957 0.978494623655914 1.0 0.8064516129032258
X11013610 1.0 0.8709677419354839 0.8494623655913979 1.0 0.978494623655914 0.9354838709677419 1.0 0.989247311827957 0.8817204301075269 1.0 0.8817204301075269 1.0 1.0 0.8602150537634409 0.978494623655914 0.9247311827956989 1.0 0.8494623655913979 0.8064516129032258 1.0
X12012410 1.0 0.989247311827957 1.0 1.0 1.0 0.989247311827957 0.989247311827957 1.0 1.0 0.8709677419354839 0.978494623655914 0.7419354838709677 1.0 1.0 1.0 1.0 1.0 1.0 0.7419354838709677 1.0
X12012710 1.0 1.0 1.0 0.8924731182795699 1.0 1.0 1.0 1.0 1.0 1.0 0.8494623655913979 1.0 0.8602150537634409 1.0 1.0 1.0 0.9247311827956989 1.0 1.0 1.0
X12012510 1.0 1.0 1.0 1.0 1.0 1.0 1.0 1.0 0.8602150537634409 1.0 0.8602150537634409 0.6774193548387096 0.8602150537634409 1.0 0.989247311827957 0.7741935483870968 1.0 1.0 1.0 0.7096774193548387
X11012410 1.0 1.0 1.0 1.0 1.0 1.0 1.0 1.0 1.0 1.0 0.989247311827957 1.0 0.967741935483871 1.0 1.0 0.967741935483871 1.0 1.0 1.0 1.0
X11002311 0.946236559139785 0.0 0.8387096774193549 0.0 0.03225806451612903 0.9032258064516129 0.8494623655913979 0.0 0.010752688172043012 0.9354838709677419 0.0 0.0 0.010752688172043012 0.021505376344086023 0.0 0.0 0.0 0.978494623655914 0.0 0.010752688172043012
X11012310 0.8279569892473119 1.0 0.8279569892473119 0.7849462365591398 1.0 0.8172043010752689 0.7634408602150538 0.8387096774193549 0.6666666666666666 0.8064516129032258 0.8494623655913979 1.0 1.0 0.8387096774193549 0.8172043010752689 1.0 0.8387096774193549 0.7419354838709677 0.8064516129032258 0.978494623655914
X11013310 0.7526881720430108 0.8172043010752689 0.7204301075268817 0.8494623655913979 0.946236559139785 0.946236559139785 1.0 0.8494623655913979 0.8387096774193549 0.7204301075268817 0.8279569892473119 1.0 1.0 0.8279569892473119 0.8387096774193549 0.7311827956989247 0.8172043010752689 0.7526881720430108 0.8064516129032258 0.8709677419354839
X11012510 0.956989247311828 1.0 1.0 0.967741935483871 1.0 0.8817204301075269 1.0 0.7526881720430108 1.0 0.8709677419354839 0.946236559139785 1.0 1.0 1.0 0.946236559139785 1.0 0.978494623655914 1.0 0.8602150537634409 0.956989247311828
X11013510 0.8172043010752689 0.8709677419354839 0.8172043010752689 0.7634408602150538 0.8064516129032258 1.0 0.7741935483870968 0.8709677419354839 0.8064516129032258 0.7096774193548387 0.7526881720430108 0.7634408602150538 0.7096774193548387 0.8279569892473119 0.7204301075268817 0.978494623655914 1.0 1.0 0.7526881720430108 0.7741935483870968
X11013410 1.0 0.8279569892473119 0.8709677419354839 0.7204301075268817 0.7956989247311828 1.0 1.0 0.7311827956989247 0.7956989247311828 0.8172043010752689 0.5483870967741935 0.7419354838709677 0.7634408602150538 0.7741935483870968 0.7956989247311828 1.0 0.8279569892473119 0.7311827956989247 0.8064516129032258 1.0
X11002310 0.6559139784946236 0.7741935483870968 0.6344086021505376 0.6989247311827957 0.6559139784946236 0.6774193548387096 0.6774193548387096 0.6989247311827957 0.6666666666666666 0.6559139784946236 0.6451612903225806 0.6129032258064516 0.6989247311827957 0.6559139784946236 0.6989247311827957 0.6451612903225806 0.6774193548387096 0.6881720430107527 0.5913978494623656 0.6344086021505376
X11002301 0.0 0.0 0.0 0.0 0.0 0.06451612903225806 0.0 0.6451612903225806 0.0 0.010752688172043012 0.0 0.0 0.3010752688172043 0.956989247311828 0.0 0.0 0.010752688172043012 0.0 0.0 0.0
X13002310 0.6989247311827957 0.7311827956989247 0.5483870967741935 0.6989247311827957 0.6344086021505376 0.6236559139784946 0.6129032258064516 0.6021505376344086 0.7956989247311828 0.6559139784946236 0.6989247311827957 0.6774193548387096 0.6666666666666666 0.7311827956989247 0.7419354838709677 0.6344086021505376 0.7526881720430108 0.6344086021505376 0.5161290322580645 0.6021505376344086
