X13012310 8.091878890991211 8.006933450698853 8.075697898864746 8.249784231185913 8.247962236404419 8.331904649734497 8.38471794128418 8.597437858581543 8.712381362915039 8.877837419509888 8.873116493225098 9.269739627838135 9.236106634140015 9.232394218444824 9.376962661743164 9.53144884109497 9.648773670196533 9.72644853591919 10.01883840560913 9.943494081497192
X12013310 9.704647302627563 10.080601692199707 9.826912641525269 10.279560565948486 10.146545171737671 10.209084749221802 10.28861403465271 10.308062314987183 10.480204820632935 10.644944429397583 10.746396541595459 10.920098543167114 10.953678607940674 11.039613962173462 11.180981874465942 11.279736042022705 11.4606614112854 11.582897186279297 11.683839321136475 12.076117992401123
X13012410 12.772331953048706 12.947010517120361 13.0012686252594 13.194815158843994 13.339136600494385 13.429160118103027 13.911793231964111 13.722790956497192 13.78368592262268 13.94442367553711 14.009122848510742 14.225472450256348 14.34835433959961 14.429664373397827 14.54288625717163 15.088210344314575 14.947037696838379 15.089447975158691 15.205796241760254 15.354270219802856
X13013610 15.648882865905762 15.830067157745361 15.752013683319092 16.32296371459961 16.272544860839844 16.279417037963867 16.509440898895264 16.562137126922607 16.797120332717896 16.958966493606567 17.138575077056885 17.25912857055664 17.432565212249756 17.56193208694458 17.76178526878357 17.789997100830078 17.934718370437622 18.550983667373657 18.356598615646362 18.505851984024048
X12012310 18.048285961151123 18.089449405670166 18.13009810447693 18.408576250076294 18.473339557647705 18.5527663230896 18.634072303771973 18.7962863445282 18.942294120788574 19.086418867111206 19.060254096984863 19.16299605369568 19.410600185394287 19.405962228775024 19.437747955322266 19.52999782562256 19.67664098739624 19.820825338363647 19.939984560012817 20.05333113670349
X13013510 20.97958755493164 21.137360334396362 21.15967321395874 21.366737127304077 22.145662307739258 21.830519914627075 22.03287935256958 22.12429666519165 22.224380254745483 22.26288390159607 22.393298864364624 22.427873849868774 22.557246208190918 22.690735578536987 22.766138076782227 22.92357587814331 22.951693773269653 23.05845332145691 23.193423986434937 23.508873224258423
X11012610 22.37945055961609 22.643290996551514 22.62474226951599 22.89469289779663 22.81330108642578 22.81487512588501 22.954419136047363 22.954081535339355 23.333176612854004 23.378045082092285 23.439401626586914 23.47999119758606 23.52569317817688 23.575414419174194 23.775697231292725 23.916261672973633 23.91630792617798 24.032686233520508 23.981629371643066 24.08736753463745
X13012710 25.940061569213867 26.669252395629883 26.15339183807373 26.36271905899048 26.25504755973816 26.45337963104248 26.71197485923767 26.71600031852722 26.92359161376953 27.18396782875061 27.288535356521606 27.456042289733887 27.553008794784546 27.658748388290405 27.763413190841675 28.169827699661255 28.119115114212036 28.151504278182983 28.417619228363037 28.629460096359253
X12013410 28.16990637779236 28.22381854057312 28.2743661403656 28.67699956893921 28.48360538482666 28.65901494026184 28.73246431350708 28.933224201202393 29.046345710754395 29.09328866004944 29.099062204360962 29.302783966064453 29.591720819473267 29.560952186584473 29.7315514087677 29.807671070098877 29.765081882476807 29.98368239402771 30.07714557647705 30.25114369392395
X12012610 30.453441619873047 30.55138874053955 30.688774347305298 30.75722599029541 31.910460710525513 31.19444513320923 31.280812740325928 31.622437953948975 31.614839792251587 31.4816792011261 31.747405529022217 31.97783637046814 32.00917077064514 32.13348865509033 32.431562662124634 32.39001750946045 32.819130659103394 32.90330719947815 32.94855713844299 32.76829695701599
X12013610 33.40564560890198 33.32360887527466 33.18585228919983 33.36977791786194 33.32048726081848 33.459388971328735 33.64953398704529 33.506186962127686 33.59881901741028 33.92715644836426 34.11224722862244 33.9810893535614 34.02465343475342 34.21126413345337 34.38807702064514 34.42787051200867 34.438088178634644 34.69544267654419 34.77758812904358 34.92097997665405
X13013310 35.730234146118164 35.9087347984314 36.330575942993164 36.643975496292114 36.5652596950531 36.670774698257446 36.68202829360962 36.97162103652954 36.88409399986267 37.37152814865112 37.53894329071045 37.821982622146606 37.97690796852112 37.89090538024902 38.062050580978394 38.20394468307495 38.45008182525635 38.79826021194458 38.631412982940674 39.85323238372803
X12013710 38.73121118545532 39.01198172569275 39.47343635559082 39.3499813079834 39.20732665061951 39.49033808708191 39.64429688453674 39.80536127090454 39.808637380599976 39.98674464225769 39.75071144104004 40.13581109046936 40.077032804489136 40.29611301422119 40.34494137763977 40.7387809753418 40.50282287597656 40.75266766548157 40.86096405982971 40.89765024185181
X12013510 41.305278301239014 41.273563623428345 41.42438769340515 41.60821580886841 41.70823121070862 41.88580083847046 41.95828580856323 41.76827573776245 41.82498812675476 41.77633500099182 41.99541687965393 42.07107472419739 41.806663274765015 41.91538906097412 42.17765736579895 42.103662967681885 42.381542682647705 42.61873984336853 42.95128273963928 42.95259380340576
X11013511 42.79681873321533 42.71098446846008 42.994595766067505 43.1023006439209 42.96739888191223 43.14220404624939 43.34404754638672 43.515023708343506 43.45202326774597 43.85031175613403 43.70460486412048 43.762856006622314 43.88263821601868 43.853760957717896 43.87134289741516 43.56172823905945 44.28987169265747 44.17597007751465 44.43422865867615 44.499013900756836
X11013610 44.864314794540405 44.89117193222046 45.209280014038086 45.3095223903656 45.33060956001282 45.63066220283508 45.58523201942444 45.736862659454346 45.75840187072754 45.89837598800659 46.059165477752686 45.9844012260437 46.21507716178894 47.479265451431274 46.69239926338196 46.62274622917175 46.8049099445343 46.868855714797974 46.88167858123779 47.122063875198364
X12012410 48.19300961494446 48.21886324882507 48.09190583229065 48.357269287109375 48.38349962234497 48.799689292907715 48.765666007995605 48.955079078674316 48.851609230041504 49.042316198349 49.02314066886902 49.4768385887146 49.422768115997314 49.442325830459595 49.39817404747009 49.66105365753174 50.14346957206726 50.17678904533386 50.13295245170593 50.16602683067322
X12012710 50.6974093914032 50.68150281906128 50.76152300834656 50.83221173286438 50.975505352020264 51.257171392440796 51.18528723716736 51.210613489151 51.51931548118591 51.56015396118164 51.72543215751648 51.5215425491333 51.89388370513916 51.94210481643677 51.974668741226196 52.212517499923706 52.36166048049927 52.26778483390808 52.51392865180969 52.920273780822754
X12012510 52.97767901420593 53.06786823272705 53.09078669548035 53.21563696861267 53.38880729675293 53.75785684585571 53.1286895275116 53.37790131568909 53.7670693397522 53.599332094192505 53.69620871543884 54.217222452163696 57.69292449951172 58.107401609420776 57.97810912132263 58.042316913604736 57.819504499435425 58.23089241981506 58.57206082344055 58.58730387687683
X11012410 58.00888538360596 57.925995111465454 58.04935312271118 58.26825165748596 58.41024303436279 58.15390753746033 57.962230920791626 58.52535676956177 58.75617289543152 58.87330722808838 59.66091060638428 59.915520429611206 59.20262956619263 59.44326877593994 59.46777701377869 60.085973024368286 59.88207817077637 60.57866072654724 60.027578592300415 59.740503549575806
X11002311 60.28896188735962 60.84834289550781 60.34929084777832 60.47072720527649 60.52225685119629 60.55118441581726 60.695770502090454 62.87689781188965 61.29481744766235 61.6004695892334 61.20260524749756 61.46514081954956 61.158780097961426 61.57673716545105 61.20519709587097 61.72905516624451 61.590386629104614 61.9497549533844 61.83832001686096 61.73256969451904
X11012310 61.792973279953 61.97653031349182 62.35493850708008 61.70126819610596 62.17702078819275 62.271382093429565 62.43581199645996 62.35201573371887 62.488709926605225 62.696871757507324 62.7201406955719 62.701908588409424 62.263507604599 62.696967363357544 62.92837357521057 63.07703423500061 63.507835149765015 63.26916432380676 63.3331983089447 63.81752252578735
X11013310 64.0354254245758 64.32943558692932 63.98765850067139 64.39159607887268 64.6054003238678 64.77197551727295 64.93910431861877 65.0042576789856 65.14597177505493 65.35202479362488 66.10954260826111 66.43553853034973 67.09453272819519 66.19477772712708 67.31433320045471 67.20753169059753 66.9203872680664 66.93716621398926 66.93451309204102 67.72477006912231
X11012510 68.36554861068726 68.27135992050171 67.97065663337708 68.40329551696777 70.7472276687622 69.20983505249023 68.32484674453735 68.4977638721466 68.44755101203918 69.24088597297668 68.48072910308838 69.18529295921326 68.9365177154541 68.8565628528595 69.08434176445007 68.88754963874817 68.98110604286194 69.0586462020874 69.30090308189392 69.14953541755676
X11013510 64.7660129070282 64.82386493682861 64.76527285575867 64.93249988555908 64.0988941192627 65.30500721931458 65.5762448310852 65.66630625724792 65.69284296035767 65.85852408409119 65.90470290184021 65.94444108009338 66.10110759735107 66.2381796836853 66.46419930458069 66.3671350479126 66.20537829399109 66.12244153022766 66.23377108573914 66.55153369903564
X11013410 66.83302545547485 66.91239905357361 67.27634739875793 66.92136669158936 67.42573118209839 67.3982081413269 67.32576036453247 67.52370977401733 67.8174364566803 67.53765273094177 67.6041784286499 67.72430658340454 67.76663327217102 68.05551528930664 68.15350580215454 68.39381670951843 68.73865103721619 68.92740368843079 68.92584371566772 69.22699785232544
X11002310 69.11569786071777 69.34372472763062 69.74926900863647 69.03452944755554 68.45408654212952 68.53358173370361 68.94551062583923 68.78364968299866 68.81881499290466 69.59827852249146 69.31055092811584 69.72593832015991 69.78068852424622 69.92905592918396 69.82045722007751 69.76457452774048 69.7951910495758 70.33822274208069 72.44523429870605 71.40365552902222
X11002301 57.96222901344299 57.969430923461914 58.12081813812256 58.1535701751709 58.41496825218201 58.206053733825684 58.68410921096802 58.589566707611084 58.829129219055176 58.76607942581177 58.16111445426941 57.99653744697571 57.965558767318726 58.22095799446106 58.28080439567566 58.35223603248596 58.39401626586914 58.76834416389465 58.8053514957428 58.58117365837097
X13002310 12.361051082611084 7.727235555648804 7.816196441650391 8.072228908538818 7.992800712585449 8.586173057556152 8.398762464523315 8.235523462295532 8.320519924163818 8.53131103515625 8.65521502494812 8.772470474243164 9.203747987747192 8.986304759979248 9.063284158706665 9.250110864639282 9.442972421646118 9.47315001487732 9.67169713973999 9.788007020950317
