X13012310 0.5018181818181818 0.5018181818181818 0.49814126394052044 0.5018181818181818 0.5018181818181818 0.5018181818181818 0.5018181818181818 0.5018181818181818 0.5018181818181818 0.5018181818181818 0.5018181818181818 0.5018181818181818 0.5018181818181818 0.5018181818181818 0.5018181818181818 0.5018181818181818 0.5018181818181818 0.5018181818181818 0.5018181818181818 0.5018181818181818
X12013310 0.5018181818181818 0.5018181818181818 0.5018181818181818 0.5018181818181818 0.5018181818181818 0.5018181818181818 0.5018181818181818 0.5018181818181818 0.5018181818181818 0.5018181818181818 0.5018181818181818 0.5018181818181818 0.5018181818181818 0.5018181818181818 0.5018181818181818 0.5018181818181818 0.5018181818181818 0.5018181818181818 0.5018181818181818 0.5018181818181818
X13012410 0.5018181818181818 0.5018181818181818 0.5018181818181818 0.5018181818181818 0.5018181818181818 0.5018181818181818 0.5018181818181818 0.5018181818181818 0.5037037037037037 0.50187265917603 0.5018181818181818 0.5018181818181818 0.49781659388646293 0.5018181818181818 0.5018181818181818 0.5018181818181818 0.5018181818181818 0.5018181818181818 0.5018181818181818 0.5018181818181818
X13013610 0.5018181818181818 0.5018181818181818 0.5018181818181818 0.5018181818181818 0.5018181818181818 0.5018181818181818 0.5018181818181818 0.5018181818181818 0.5018181818181818 0.5018181818181818 0.5018181818181818 0.5018181818181818 0.5018181818181818 0.5018181818181818 0.5018181818181818 0.5018181818181818 0.5018181818181818 0.5018181818181818 0.5018181818181818 0.5018181818181818
X12012310 0.5018181818181818 0.5018181818181818 0.4924242424242424 0.5018181818181818 0.5018181818181818 0.5018181818181818 0.5 0.5018181818181818 0.5018181818181818 0.5018181818181818 0.5018181818181818 0.5018181818181818 0.5018181818181818 0.5018181818181818 0.5018181818181818 0.5018181818181818 0.5018181818181818 0.5018181818181818 0.5018181818181818 0.5018181818181818
X13013510 0.5018181818181818 0.5018181818181818 0.5018181818181818 0.5018181818181818 0.5018181818181818 0.5018181818181818 0.5018181818181818 0.5018181818181818 0.5018181818181818 0.5018181818181818 0.5018181818181818 0.5018181818181818 0.5018181818181818 0.5018181818181818 0.5018181818181818 0.5119999999999999 0.5018181818181818 0.5018181818181818 0.5036496350364964 0.5018181818181818
X11012610 0.553191489361702 0.5018181818181818 0.5018181818181818 0.5018181818181818 0.5018181818181818 0.5018181818181818 0.5018181818181818 0.5193798449612402 0.5018181818181818 0.5018181818181818 0.5036496350364964 0.5153846153846154 0.5018181818181818 0.5333333333333333 0.5018181818181818 0.5018181818181818 0.5018181818181818 0.5018181818181818 0.5018181818181818 0.5
X13012710 0.5018181818181818 0.5018181818181818 0.5018181818181818 0.4926470588235294 0.5018181818181818 0.5018181818181818 0.5018181818181818 0.5018181818181818 0.5018181818181818 0.5018181818181818 0.5018181818181818 0.5018181818181818 0.5018181818181818 0.5018181818181818 0.5018181818181818 0.5018181818181818 0.5018181818181818 0.5018181818181818 0.5018181818181818 0.5018181818181818
X12013410 0.5018181818181818 0.5018181818181818 0.5018181818181818 0.5018181818181818 0.5018181818181818 0.5018181818181818 0.5018181818181818 0.5018181818181818 0.4908424908424908 0.5018181818181818 0.5018181818181818 0.5018181818181818 0.5018181818181818 0.5018181818181818 0.5018181818181818 0.5018181818181818 0.5018181818181818 0.5018181818181818 0.5018181818181818 0.5018181818181818
X12012610 0.5018181818181818 0.5018181818181818 0.5018181818181818 0.5018181818181818 0.5018181818181818 0.5018181818181818 0.5018181818181818 0.5018181818181818 0.5018181818181818 0.5018181818181818 0.5018181818181818 0.5018181818181818 0.5018181818181818 0.5018181818181818 0.5018181818181818 0.5018181818181818 0.5018181818181818 0.5018181818181818 0.4771573604060914 0.5018181818181818
X12013610 0.5018181818181818 0.5018181818181818 0.5018181818181818 0.5018181818181818 0.5018181818181818 0.5065502183406113 0.5018181818181818 0.5018181818181818 0.5079365079365079 0.5018181818181818 0.5018181818181818 0.5018181818181818 0.5018181818181818 0.5018181818181818 0.5018181818181818 0.5018181818181818 0.5018181818181818 0.4924242424242424 0.4981684981684982 0.5018181818181818
X13013310 0.5018181818181818 0.5018181818181818 0.5018181818181818 0.5018181818181818 0.5018181818181818 0.5018181818181818 0.5018181818181818 0.5018181818181818 0.5018181818181818 0.5018181818181818 0.5018181818181818 0.5018181818181818 0.5018181818181818 0.5018181818181818 0.5037037037037037 0.5018181818181818 0.5018181818181818 0.5018181818181818 0.5018181818181818 0.5018181818181818
X12013710 0.5018181818181818 0.5018181818181818 0.5018181818181818 0.5018181818181818 0.5018181818181818 0.5018181818181818 0.5018181818181818 0.5018181818181818 0.5018181818181818 0.5018181818181818 0.4963503649635037 0.5018181818181818 0.5018181818181818 0.5018181818181818 0.5018181818181818 0.5018181818181818 0.5018181818181818 0.5018181818181818 0.5018181818181818 0.5018181818181818
X12013510 0.5018181818181818 0.5018181818181818 0.5018181818181818 0.5018181818181818 0.5055762081784387 0.4963503649635037 0.5018181818181818 0.5018181818181818 0.5018181818181818 0.5018181818181818 0.5018181818181818 0.49253731343283574 0.5018181818181818 0.5018181818181818 0.5018181818181818 0.48689138576779023 0.5018181818181818 0.5018181818181818 0.4878048780487805 0.5018181818181818
X11013511 0.4508670520231214 0.4375 0.5018181818181818 0.5018181818181818 0.5018181818181818 0.4908424908424908 0.5018181818181818 0.5018181818181818 0.5018181818181818 0.4210526315789474 0.5076923076923077 0.5018181818181818 0.5018181818181818 0.5018181818181818 0.5018181818181818 0.05405405405405405 0.4816326530612245 0.3174603174603175 0.5130111524163569 0.5018181818181818
X11013610 0.5018181818181818 0.5130434782608696 0.5018181818181818 0.5018181818181818 0.48076923076923067 0.5018181818181818 0.5018181818181818 0.5036496350364964 0.5018181818181818 0.5018181818181818 0.5018181818181818 0.5018181818181818 0.5018181818181818 0.5018181818181818 0.5232067510548524 0.5018181818181818 0.48301886792452825 0.5018181818181818 0.4732142857142857 0.49070631970260226
X12012410 0.5018181818181818 0.5018181818181818 0.5018181818181818 0.5093632958801498 0.5018181818181818 0.5018181818181818 0.5018181818181818 0.4944649446494465 0.4642857142857143 0.5018181818181818 0.5018181818181818 0.5018181818181818 0.5018181818181818 0.5018181818181818 0.5018181818181818 0.5018181818181818 0.5018181818181818 0.5018181818181818 0.5018181818181818 0.5018181818181818
X12012710 0.5018181818181818 0.5018181818181818 0.4962962962962963 0.5018181818181818 0.5018181818181818 0.5018181818181818 0.5018181818181818 0.5036496350364964 0.5018181818181818 0.5018181818181818 0.5018181818181818 0.5036496350364964 0.5018181818181818 0.5054945054945055 0.5018181818181818 0.5018181818181818 0.5018181818181818 0.5018181818181818 0.5018181818181818 0.5018181818181818
X12012510 0.5018181818181818 0.48708487084870844 0.5018181818181818 0.5018181818181818 0.49429657794676807 0.5018181818181818 0.5018181818181818 0.5018181818181818 0.5018181818181818 0.5018181818181818 0.5018181818181818 0.5018181818181818 0.5018181818181818 0.5018181818181818 0.5018181818181818 0.4963503649635037 0.46376811594202894 0.5018181818181818 0.5018181818181818 0.5018181818181818
X11012410 0.5018181818181818 0.5018181818181818 0.5018181818181818 0.3548387096774193 0.5018181818181818 0.5171102661596958 0.4908424908424908 0.5060240963855421 0.5018181818181818 0.5018181818181818 0.5018181818181818 0.5018181818181818 0.5018181818181818 0.43274853801169594 0.4908424908424908 0.5138339920948617 0.4908424908424908 0.4908424908424908 0.5018181818181818 0.5018181818181818
X11002311 0.4944649446494465 0.4980544747081712 0.4761904761904761 0.52 0.48708487084870844 0.5136186770428015 0.48995983935742976 0.53125 0.48708487084870844 0.4866920152091254 0.5322580645161291 0.5176470588235295 0.0 0.10869565217391303 0.5311203319502076 0.5196850393700787 0.5073529411764706 0.5000000000000001 0.490272373540856 0.4978902953586498
X11012310 0.5018181818181818 0.4590163934426229 0.5018181818181818 0.4623115577889447 0.4924242424242424 0.5018181818181818 0.5018181818181818 0.5018181818181818 0.5018181818181818 0.5018181818181818 0.5018181818181818 0.5101214574898785 0.5018181818181818 0.5018181818181818 0.5018181818181818 0.5018181818181818 0.5018181818181818 0.5018181818181818 0.5018181818181818 0.5018181818181818
X11013310 0.5018181818181818 0.48305084745762716 0.5018181818181818 0.5018181818181818 0.5095057034220533 0.5018181818181818 0.4724409448818897 0.5018181818181818 0.5018181818181818 0.5018181818181818 0.4979919678714859 0.5150214592274678 0.5018181818181818 0.4944649446494465 0.5018181818181818 0.5075757575757576 0.5018181818181818 0.5018181818181818 0.475 0.5182186234817813
X11012510 0.49253731343283574 0.5018181818181818 0.5018181818181818 0.5018181818181818 0.5191489361702128 0.5018181818181818 0.5018181818181818 0.5018181818181818 0.5018181818181818 0.5018181818181818 0.5018181818181818 0.5018181818181818 0.5018181818181818 0.5018181818181818 0.5018181818181818 0.5018181818181818 0.5018181818181818 0.5018181818181818 0.4285714285714286 0.5018181818181818
X11013510 0.5018181818181818 0.5018181818181818 0.5018181818181818 0.5018181818181818 0.5018181818181818 0.5018181818181818 0.46551724137931033 0.5018181818181818 0.5018181818181818 0.5018181818181818 0.39772727272727276 0.4981684981684982 0.5018181818181818 0.4981684981684982 0.5018181818181818 0.49618320610687017 0.5018181818181818 0.49253731343283574 0.45814977973568277 0.5018181818181818
X11013410 0.5 0.4904214559386973 0.5018181818181818 0.43243243243243246 0.5132075471698113 0.4747474747474747 0.5018181818181818 0.5098039215686275 0.5018181818181818 0.49624060150375937 0.5018181818181818 0.5018181818181818 0.5018181818181818 0.5018181818181818 0.5018181818181818 0.5018181818181818 0.5018181818181818 0.5054945054945055 0.5018181818181818 0.5018181818181818
X11002310 0.5019011406844107 0.4908424908424908 0.4908424908424908 0.49814126394052044 0.5073529411764706 0.515625 0.49814126394052044 0.5018181818181818 0.4908424908424908 0.5 0.5018181818181818 0.5075757575757576 0.4944649446494465 0.5018181818181818 0.5036496350364964 0.4963503649635037 0.5018181818181818 0.5019011406844107 0.4980544747081712 0.5092250922509225
X11002301 0.5059288537549408 0.5238095238095238 0.5361702127659574 0.48192771084337344 0.5238095238095238 0.5136186770428015 0.49777777777777776 0.48979591836734687 0.5201793721973094 0.4528301886792453 0.5121951219512195 0.43410852713178294 0.5367965367965368 0.5132743362831858 0.12658227848101267 0.5132075471698113 0.5042016806722689 0.18750000000000003 0.25000000000000006 0.5020576131687243
X13002310 0.49624060150375937 0.49814126394052044 0.5289256198347108 0.5454545454545454 0.5 0.5182186234817813 0.5019607843137256 0.5096525096525096 0.5191489361702128 0.496 0.4919354838709677 0.4908424908424908 0.5111111111111112 0.5289256198347108 0.5333333333333333 0.4942084942084942 0.49230769230769234 0.49802371541501983 0.5078125 0.5263157894736843
