X13012310 0.33495145631067963 0.33495145631067963 0.335 0.33495145631067963 0.33495145631067963 0.33495145631067963 0.33495145631067963 0.33495145631067963 0.33495145631067963 0.33495145631067963 0.33495145631067963 0.33495145631067963 0.33495145631067963 0.33495145631067963 0.33495145631067963 0.33495145631067963 0.33495145631067963 0.33495145631067963 0.33495145631067963 0.33495145631067963
X12013310 0.33495145631067963 0.33495145631067963 0.33495145631067963 0.33495145631067963 0.33495145631067963 0.33495145631067963 0.33495145631067963 0.33495145631067963 0.33495145631067963 0.33495145631067963 0.33495145631067963 0.33495145631067963 0.33495145631067963 0.33495145631067963 0.33495145631067963 0.33495145631067963 0.33495145631067963 0.33495145631067963 0.33495145631067963 0.33495145631067963
X13012410 0.33495145631067963 0.33495145631067963 0.33495145631067963 0.33495145631067963 0.33495145631067963 0.33495145631067963 0.33495145631067963 0.33495145631067963 0.3383084577114428 0.3383838383838384 0.33495145631067963 0.33495145631067963 0.35625 0.33495145631067963 0.33495145631067963 0.33495145631067963 0.33495145631067963 0.33495145631067963 0.33495145631067963 0.33495145631067963
X13013610 0.33495145631067963 0.33495145631067963 0.33495145631067963 0.33495145631067963 0.33495145631067963 0.33495145631067963 0.33495145631067963 0.33495145631067963 0.33495145631067963 0.33495145631067963 0.33495145631067963 0.33495145631067963 0.33495145631067963 0.33495145631067963 0.33495145631067963 0.33495145631067963 0.33495145631067963 0.33495145631067963 0.33495145631067963 0.33495145631067963
X12012310 0.33495145631067963 0.33495145631067963 0.3333333333333333 0.33495145631067963 0.33495145631067963 0.33495145631067963 0.3673469387755102 0.33495145631067963 0.33495145631067963 0.33495145631067963 0.33495145631067963 0.33495145631067963 0.33495145631067963 0.33495145631067963 0.33495145631067963 0.33495145631067963 0.33495145631067963 0.33495145631067963 0.33495145631067963 0.33495145631067963
X13013510 0.33495145631067963 0.33495145631067963 0.33495145631067963 0.33495145631067963 0.33495145631067963 0.33495145631067963 0.33495145631067963 0.33495145631067963 0.33495145631067963 0.33495145631067963 0.33495145631067963 0.33495145631067963 0.33495145631067963 0.33495145631067963 0.33495145631067963 0.35359116022099446 0.33495145631067963 0.33495145631067963 0.33658536585365856 0.33495145631067963
X11012610 0.39156626506024095 0.33495145631067963 0.33495145631067963 0.33495145631067963 0.33495145631067963 0.33495145631067963 0.33495145631067963 0.3544973544973545 0.33495145631067963 0.33495145631067963 0.33658536585365856 0.3507853403141361 0.33495145631067963 0.38461538461538464 0.33495145631067963 0.33495145631067963 0.33495145631067963 0.33495145631067963 0.33495145631067963 0.33497536945812806
X13012710 0.33495145631067963 0.33495145631067963 0.33495145631067963 0.33004926108374383 0.33495145631067963 0.33495145631067963 0.33495145631067963 0.33495145631067963 0.33495145631067963 0.33495145631067963 0.33495145631067963 0.33495145631067963 0.33495145631067963 0.33495145631067963 0.33495145631067963 0.33495145631067963 0.33495145631067963 0.33495145631067963 0.33495145631067963 0.33495145631067963
X12013410 0.33495145631067963 0.33495145631067963 0.33495145631067963 0.33495145631067963 0.33495145631067963 0.33495145631067963 0.33495145631067963 0.33495145631067963 0.3284313725490196 0.33495145631067963 0.33495145631067963 0.33495145631067963 0.33495145631067963 0.33495145631067963 0.33495145631067963 0.33495145631067963 0.33495145631067963 0.33495145631067963 0.33495145631067963 0.33495145631067963
X12012610 0.33495145631067963 0.33495145631067963 0.33495145631067963 0.33495145631067963 0.33495145631067963 0.33495145631067963 0.33495145631067963 0.33495145631067963 0.33495145631067963 0.33495145631067963 0.33495145631067963 0.33495145631067963 0.33495145631067963 0.33495145631067963 0.33495145631067963 0.33495145631067963 0.33495145631067963 0.33495145631067963 0.3671875 0.33495145631067963
X12013610 0.33495145631067963 0.33495145631067963 0.33495145631067963 0.33495145631067963 0.33495145631067963 0.3625 0.33495145631067963 0.33495145631067963 0.34972677595628415 0.33495145631067963 0.33495145631067963 0.33495145631067963 0.33495145631067963 0.33495145631067963 0.33495145631067963 0.33495145631067963 0.33495145631067963 0.3333333333333333 0.3333333333333333 0.33495145631067963
X13013310 0.33495145631067963 0.33495145631067963 0.33495145631067963 0.33495145631067963 0.33495145631067963 0.33495145631067963 0.33495145631067963 0.33495145631067963 0.33495145631067963 0.33495145631067963 0.33495145631067963 0.33495145631067963 0.33495145631067963 0.33495145631067963 0.3383084577114428 0.33495145631067963 0.33495145631067963 0.33495145631067963 0.33495145631067963 0.33495145631067963
X12013710 0.33495145631067963 0.33495145631067963 0.33495145631067963 0.33495145631067963 0.33495145631067963 0.33495145631067963 0.33495145631067963 0.33495145631067963 0.33495145631067963 0.33495145631067963 0.33170731707317075 0.33495145631067963 0.33495145631067963 0.33495145631067963 0.33495145631067963 0.33495145631067963 0.33495145631067963 0.33495145631067963 0.33495145631067963 0.33495145631067963
X12013510 0.33495145631067963 0.33495145631067963 0.33495145631067963 0.33495145631067963 0.34 0.33170731707317075 0.33495145631067963 0.33495145631067963 0.33495145631067963 0.33495145631067963 0.33495145631067963 0.3316582914572864 0.33495145631067963 0.33495145631067963 0.33495145631067963 0.3282828282828283 0.33495145631067963 0.33495145631067963 0.3389830508474576 0.33495145631067963
X11013511 0.375 0.34146341463414637 0.33495145631067963 0.33495145631067963 0.33495145631067963 0.3284313725490196 0.33495145631067963 0.33495145631067963 0.33495145631067963 0.3142857142857143 0.34554973821989526 0.33495145631067963 0.33495145631067963 0.33495145631067963 0.33495145631067963 0.4 0.3352272727272727 0.3508771929824561 0.345 0.33495145631067963
X11013610 0.33495145631067963 0.36645962732919257 0.33495145631067963 0.33495145631067963 0.3597122302158273 0.33495145631067963 0.33495145631067963 0.33658536585365856 0.33495145631067963 0.33495145631067963 0.33495145631067963 0.33495145631067963 0.33495145631067963 0.33495145631067963 0.36904761904761907 0.33495145631067963 0.32653061224489793 0.33495145631067963 0.3419354838709677 0.33
X12012410 0.33495145631067963 0.33495145631067963 0.33495145631067963 0.3434343434343434 0.33495145631067963 0.33495145631067963 0.33495145631067963 0.3316831683168317 0.33548387096774196 0.33495145631067963 0.33495145631067963 0.33495145631067963 0.33495145631067963 0.33495145631067963 0.33495145631067963 0.33495145631067963 0.33495145631067963 0.33495145631067963 0.33495145631067963 0.33495145631067963
X12012710 0.33495145631067963 0.33495145631067963 0.3333333333333333 0.33495145631067963 0.33495145631067963 0.33495145631067963 0.33495145631067963 0.33658536585365856 0.33495145631067963 0.33495145631067963 0.33495145631067963 0.33658536585365856 0.33495145631067963 0.3382352941176471 0.33495145631067963 0.33495145631067963 0.33495145631067963 0.33495145631067963 0.33495145631067963 0.33495145631067963
X12012510 0.33495145631067963 0.32673267326732675 0.33495145631067963 0.33495145631067963 0.33505154639175255 0.33495145631067963 0.33495145631067963 0.33495145631067963 0.33495145631067963 0.33495145631067963 0.33495145631067963 0.33495145631067963 0.33495145631067963 0.33495145631067963 0.33495145631067963 0.33170731707317075 0.34782608695652173 0.33495145631067963 0.33495145631067963 0.33495145631067963
X11012410 0.33495145631067963 0.33495145631067963 0.33495145631067963 0.4 0.33495145631067963 0.35051546391752575 0.3284313725490196 0.35 0.33495145631067963 0.33495145631067963 0.33495145631067963 0.33495145631067963 0.33495145631067963 0.3627450980392157 0.3284313725490196 0.3532608695652174 0.3284313725490196 0.3284313725490196 0.33495145631067963 0.33495145631067963
X11002311 0.3316831683168317 0.3404255319148936 0.32786885245901637 0.35911602209944754 0.32673267326732675 0.35106382978723405 0.3388888888888889 0.36363636363636365 0.32673267326732675 0.32989690721649484 0.3687150837988827 0.3548387096774194 0.0 0.21739130434782608 0.37209302325581395 0.3567567567567568 0.3399014778325123 0.3384615384615385 0.3351063829787234 0.35119047619047616
X11012310 0.33495145631067963 0.3684210526315789 0.33495145631067963 0.35384615384615387 0.3333333333333333 0.33495145631067963 0.33495145631067963 0.33495145631067963 0.33495145631067963 0.33495145631067963 0.33495145631067963 0.3539325842696629 0.33495145631067963 0.33495145631067963 0.33495145631067963 0.33495145631067963 0.33495145631067963 0.33495145631067963 0.33495145631067963 0.33495145631067963
X11013310 0.33495145631067963 0.3413173652694611 0.33495145631067963 0.33495145631067963 0.34536082474226804 0.33495145631067963 0.32432432432432434 0.33495145631067963 0.33495145631067963 0.33495145631067963 0.34444444444444444 0.36585365853658536 0.33495145631067963 0.3316831683168317 0.33495145631067963 0.3435897435897436 0.33495145631067963 0.33495145631067963 0.3333333333333333 0.3595505617977528
X11012510 0.3316582914572864 0.33495145631067963 0.33495145631067963 0.33495145631067963 0.3674698795180723 0.33495145631067963 0.33495145631067963 0.33495145631067963 0.33495145631067963 0.33495145631067963 0.33495145631067963 0.33495145631067963 0.33495145631067963 0.33495145631067963 0.33495145631067963 0.33495145631067963 0.33495145631067963 0.33495145631067963 0.3191489361702128 0.33495145631067963
X11013510 0.33495145631067963 0.33495145631067963 0.33495145631067963 0.33495145631067963 0.33495145631067963 0.33495145631067963 0.3312883435582822 0.33495145631067963 0.33495145631067963 0.33495145631067963 0.32710280373831774 0.3333333333333333 0.33495145631067963 0.3333333333333333 0.33495145631067963 0.33678756476683935 0.33495145631067963 0.3316582914572864 0.3291139240506329 0.33495145631067963
X11013410 0.33497536945812806 0.3333333333333333 0.33495145631067963 0.3137254901960784 0.3469387755102041 0.3643410852713178 0.33495145631067963 0.34946236559139787 0.33495145631067963 0.3350253807106599 0.33495145631067963 0.33495145631067963 0.33495145631067963 0.33495145631067963 0.33495145631067963 0.33495145631067963 0.33495145631067963 0.3382352941176471 0.33495145631067963 0.33495145631067963
X11002310 0.3402061855670103 0.3284313725490196 0.3284313725490196 0.335 0.3399014778325123 0.35294117647058826 0.335 0.33495145631067963 0.3284313725490196 0.33668341708542715 0.33495145631067963 0.3435897435897436 0.3316831683168317 0.33495145631067963 0.33658536585365856 0.33170731707317075 0.33495145631067963 0.3402061855670103 0.3404255319148936 0.3415841584158416
X11002301 0.34782608695652173 0.36065573770491804 0.3795180722891566 0.3333333333333333 0.36065573770491804 0.35106382978723405 0.358974358974359 0.3409090909090909 0.37662337662337664 0.3356643356643357 0.3559322033898305 0.4666666666666667 0.38271604938271603 0.36942675159235666 0.5 0.3469387755102041 0.35502958579881655 0.3333333333333333 0.37142857142857144 0.3505747126436782
X13002310 0.3350253807106599 0.335 0.3699421965317919 0.3888888888888889 0.3422459893048128 0.3595505617977528 0.34408602150537637 0.3473684210526316 0.3674698795180723 0.3425414364640884 0.3407821229050279 0.3284313725490196 0.34328358208955223 0.3699421965317919 0.3742690058479532 0.3368421052631579 0.33507853403141363 0.3423913043478261 0.34759358288770054 0.3651685393258427
