X13012310 1.0 1.0 0.9710144927536232 1.0 1.0 1.0 1.0 1.0 1.0 1.0 1.0 1.0 1.0 1.0 1.0 1.0 1.0 1.0 1.0 1.0
X12013310 1.0 1.0 1.0 1.0 1.0 1.0 1.0 1.0 1.0 1.0 1.0 1.0 1.0 1.0 1.0 1.0 1.0 1.0 1.0 1.0
X13012410 1.0 1.0 1.0 1.0 1.0 1.0 1.0 1.0 0.9855072463768116 0.9710144927536232 1.0 1.0 0.8260869565217391 1.0 1.0 1.0 1.0 1.0 1.0 1.0
X13013610 1.0 1.0 1.0 1.0 1.0 1.0 1.0 1.0 1.0 1.0 1.0 1.0 1.0 1.0 1.0 1.0 1.0 1.0 1.0 1.0
X12012310 1.0 1.0 0.9420289855072463 1.0 1.0 1.0 0.782608695652174 1.0 1.0 1.0 1.0 1.0 1.0 1.0 1.0 1.0 1.0 1.0 1.0 1.0
X13013510 1.0 1.0 1.0 1.0 1.0 1.0 1.0 1.0 1.0 1.0 1.0 1.0 1.0 1.0 1.0 0.927536231884058 1.0 1.0 1.0 1.0
X11012610 0.9420289855072463 1.0 1.0 1.0 1.0 1.0 1.0 0.9710144927536232 1.0 1.0 1.0 0.9710144927536232 1.0 0.8695652173913043 1.0 1.0 1.0 1.0 1.0 0.9855072463768116
X13012710 1.0 1.0 1.0 0.9710144927536232 1.0 1.0 1.0 1.0 1.0 1.0 1.0 1.0 1.0 1.0 1.0 1.0 1.0 1.0 1.0 1.0
X12013410 1.0 1.0 1.0 1.0 1.0 1.0 1.0 1.0 0.9710144927536232 1.0 1.0 1.0 1.0 1.0 1.0 1.0 1.0 1.0 1.0 1.0
X12012610 1.0 1.0 1.0 1.0 1.0 1.0 1.0 1.0 1.0 1.0 1.0 1.0 1.0 1.0 1.0 1.0 1.0 1.0 0.6811594202898551 1.0
X12013610 1.0 1.0 1.0 1.0 1.0 0.8405797101449275 1.0 1.0 0.927536231884058 1.0 1.0 1.0 1.0 1.0 1.0 1.0 1.0 0.9420289855072463 0.9855072463768116 1.0
X13013310 1.0 1.0 1.0 1.0 1.0 1.0 1.0 1.0 1.0 1.0 1.0 1.0 1.0 1.0 0.9855072463768116 1.0 1.0 1.0 1.0 1.0
X12013710 1.0 1.0 1.0 1.0 1.0 1.0 1.0 1.0 1.0 1.0 0.9855072463768116 1.0 1.0 1.0 1.0 1.0 1.0 1.0 1.0 1.0
X12013510 1.0 1.0 1.0 1.0 0.9855072463768116 0.9855072463768116 1.0 1.0 1.0 1.0 1.0 0.9565217391304348 1.0 1.0 1.0 0.9420289855072463 1.0 1.0 0.8695652173913043 1.0
X11013511 0.5652173913043478 0.6086956521739131 1.0 1.0 1.0 0.9710144927536232 1.0 1.0 1.0 0.6376811594202898 0.9565217391304348 1.0 1.0 1.0 1.0 0.028985507246376812 0.855072463768116 0.2898550724637681 1.0 1.0
X11013610 1.0 0.855072463768116 1.0 1.0 0.7246376811594203 1.0 1.0 1.0 1.0 1.0 1.0 1.0 1.0 1.0 0.8985507246376812 1.0 0.927536231884058 1.0 0.7681159420289855 0.9565217391304348
X12012410 1.0 1.0 1.0 0.9855072463768116 1.0 1.0 1.0 0.9710144927536232 0.7536231884057971 1.0 1.0 1.0 1.0 1.0 1.0 1.0 1.0 1.0 1.0 1.0
X12012710 1.0 1.0 0.9710144927536232 1.0 1.0 1.0 1.0 1.0 1.0 1.0 1.0 1.0 1.0 1.0 1.0 1.0 1.0 1.0 1.0 1.0
X12012510 1.0 0.9565217391304348 1.0 1.0 0.9420289855072463 1.0 1.0 1.0 1.0 1.0 1.0 1.0 1.0 1.0 1.0 0.9855072463768116 0.6956521739130435 1.0 1.0 1.0
X11012410 1.0 1.0 1.0 0.3188405797101449 1.0 0.9855072463768116 0.9710144927536232 0.9130434782608695 1.0 1.0 1.0 1.0 1.0 0.5362318840579711 0.9710144927536232 0.9420289855072463 0.9710144927536232 0.9710144927536232 1.0 1.0
X11002311 0.9710144927536232 0.927536231884058 0.8695652173913043 0.9420289855072463 0.9565217391304348 0.9565217391304348 0.8840579710144928 0.9855072463768116 0.9565217391304348 0.927536231884058 0.9565217391304348 0.9565217391304348 0.0 0.07246376811594203 0.927536231884058 0.9565217391304348 1.0 0.9565217391304348 0.9130434782608695 0.855072463768116
X11012310 1.0 0.6086956521739131 1.0 0.6666666666666666 0.9420289855072463 1.0 1.0 1.0 1.0 1.0 1.0 0.9130434782608695 1.0 1.0 1.0 1.0 1.0 1.0 1.0 1.0
X11013310 1.0 0.8260869565217391 1.0 1.0 0.9710144927536232 1.0 0.8695652173913043 1.0 1.0 1.0 0.8985507246376812 0.8695652173913043 1.0 0.9710144927536232 1.0 0.9710144927536232 1.0 1.0 0.8260869565217391 0.927536231884058
X11012510 0.9565217391304348 1.0 1.0 1.0 0.8840579710144928 1.0 1.0 1.0 1.0 1.0 1.0 1.0 1.0 1.0 1.0 1.0 1.0 1.0 0.6521739130434783 1.0
X11013510 1.0 1.0 1.0 1.0 1.0 1.0 0.782608695652174 1.0 1.0 1.0 0.5072463768115942 0.9855072463768116 1.0 0.9855072463768116 1.0 0.9420289855072463 1.0 0.9565217391304348 0.7536231884057971 1.0
X11013410 0.9855072463768116 0.927536231884058 1.0 0.6956521739130435 0.9855072463768116 0.6811594202898551 1.0 0.9420289855072463 1.0 0.9565217391304348 1.0 1.0 1.0 1.0 1.0 1.0 1.0 1.0 1.0 1.0
X11002310 0.9565217391304348 0.9710144927536232 0.9710144927536232 0.9710144927536232 1.0 0.9565217391304348 0.9710144927536232 1.0 0.9710144927536232 0.9710144927536232 1.0 0.9710144927536232 0.9710144927536232 1.0 1.0 0.9855072463768116 1.0 0.9565217391304348 0.927536231884058 1.0
X11002301 0.927536231884058 0.9565217391304348 0.9130434782608695 0.8695652173913043 0.9565217391304348 0.9565217391304348 0.8115942028985508 0.8695652173913043 0.8405797101449275 0.6956521739130435 0.9130434782608695 0.4057971014492754 0.8985507246376812 0.8405797101449275 0.07246376811594203 0.9855072463768116 0.8695652173913043 0.13043478260869565 0.18840579710144928 0.8840579710144928
X13002310 0.9565217391304348 0.9710144927536232 0.927536231884058 0.9130434782608695 0.927536231884058 0.927536231884058 0.927536231884058 0.9565217391304348 0.8840579710144928 0.8985507246376812 0.8840579710144928 0.9710144927536232 1.0 0.927536231884058 0.927536231884058 0.927536231884058 0.927536231884058 0.9130434782608695 0.9420289855072463 0.9420289855072463
