   1  X11002311 (                        *|                        ), 0.476,  0.490,  0.498,  0.518,  0.531
   1  X13012310 (                         *                        ), 0.502,  0.502,  0.502,  0.502,  0.502
   1  X12013310 (                         *                        ), 0.502,  0.502,  0.502,  0.502,  0.502
   1  X13012410 (                         *                        ), 0.502,  0.502,  0.502,  0.502,  0.502
   1  X13013610 (                         *                        ), 0.502,  0.502,  0.502,  0.502,  0.502
   1  X12012310 (                         *                        ), 0.502,  0.502,  0.502,  0.502,  0.502
   1  X13013510 (                         *                        ), 0.502,  0.502,  0.502,  0.502,  0.504
   1  X11012610 (                         *                        ), 0.502,  0.502,  0.502,  0.502,  0.533
   1  X13012710 (                         *                        ), 0.502,  0.502,  0.502,  0.502,  0.502
   1  X12013410 (                         *                        ), 0.502,  0.502,  0.502,  0.502,  0.502
   1  X12012610 (                         *                        ), 0.502,  0.502,  0.502,  0.502,  0.502
   1  X12013610 (                         *                        ), 0.502,  0.502,  0.502,  0.502,  0.507
   1  X13013310 (                         *                        ), 0.502,  0.502,  0.502,  0.502,  0.502
   1  X12013710 (                         *                        ), 0.502,  0.502,  0.502,  0.502,  0.502
   1  X12013510 (                         *                        ), 0.493,  0.502,  0.502,  0.502,  0.502
   1  X11013511 (                        -*                        ), 0.421,  0.491,  0.502,  0.502,  0.508
   1  X11013610 (                         *                        ), 0.483,  0.502,  0.502,  0.502,  0.513
   1  X12012410 (                         *                        ), 0.502,  0.502,  0.502,  0.502,  0.502
   1  X12012710 (                         *                        ), 0.502,  0.502,  0.502,  0.502,  0.504
   1  X12012510 (                         *                        ), 0.494,  0.502,  0.502,  0.502,  0.502
   1  X11012410 (                         *                        ), 0.491,  0.502,  0.502,  0.502,  0.514
   1  X11012310 (                         *                        ), 0.492,  0.502,  0.502,  0.502,  0.502
   1  X11013310 (                         *                        ), 0.483,  0.502,  0.502,  0.502,  0.515
   1  X11012510 (                         *                        ), 0.502,  0.502,  0.502,  0.502,  0.502
   1  X11013510 (                        -*                        ), 0.466,  0.498,  0.502,  0.502,  0.502
   1  X11013410 (                         *                        ), 0.490,  0.502,  0.502,  0.502,  0.510
   1  X11002310 (                        -*                        ), 0.491,  0.498,  0.502,  0.502,  0.509
   2  X11002301 (                        -*                        ), 0.250,  0.490,  0.506,  0.514,  0.536
   3  X13002310 (                        -*                        ), 0.492,  0.498,  0.508,  0.519,  0.533
