X11002301 0.24 0.06829268292682926 0.05405405405405405 0.20350877192982458 0.3037974683544304 0.23693379790940766 0.11808118081180811 0.05633802816901409 0.078125 0.1310344827586207 0.22408963585434175 0.16494845360824742 0.06363636363636364 0.15873015873015875 0.15165876777251186 0.17293233082706766 0.047058823529411764 0.31007751937984496 0.17100371747211895 0.30000000000000004
X11013410 0.37301587301587297 0.1568627450980392 0.30651340996168586 0.27218934911242604 0.29485396383866486 0.28515240904621436 0.3117744610281924 0.26615969581749044 0.28413284132841327 0.2396694214876033 0.10588235294117647 0.30331753554502366 0.3035993740219092 0.2180094786729858 0.25679758308157097 0.29854096520763185 0.37500000000000006 0.291156462585034 0.3369734789391576 0.23950233281493002
X11002310 0.3311827956989248 0.3558718861209964 0.35668789808917195 0.38679245283018865 0.3313953488372093 0.33882352941176463 0.3353783231083845 0.32388663967611336 0.3745019920318725 0.3480176211453745 0.39119804400978 0.3604651162790697 0.35148514851485146 0.31044776119402984 0.35071090047393366 0.3262135922330097 0.3395585738539898 0.3355408388520971 0.3903420523138833 0.2803030303030303
X12013610 0.3622828784119107 0.28879310344827586 0.30563002680965146 0.26821192052980136 0.32549728752260393 0.28346456692913385 0.2842741935483871 0.16494845360824742 0.28276573787409703 0.2558139534883721 0.0 0.22770398481973433 0.22352941176470587 0.2626262626262626 0.24669603524229072 0.29919447640966634 0.3106180665610143 0.33663366336633666 0.30985915492957744 0.3333333333333333
X11002310 0.36363636363636365 0.35207823960880197 0.363265306122449 0.3440860215053763 0.31979695431472077 0.34117647058823525 0.34624145785877003 0.3609022556390977 0.38425925925925924 0.31840796019900497 0.33796296296296297 0.32474226804123707 0.3479923518164436 0.38755980861244016 0.34010152284263956 0.28181818181818186 0.30952380952380953 0.3666666666666667 0.3196881091617934 0.3907563025210084
X11012310 0.29494949494949496 0.3535911602209944 0.2394957983193277 0.27653631284916197 0.10178117048346057 0.25287356321839083 0.3576388888888889 0.17452830188679247 0.25503355704697983 0.3313609467455621 0.2474820143884892 0.24313725490196075 0.28571428571428575 0.34338747099767986 0.3138686131386861 0.35634743875278396 0.08130081300813008 0.3046153846153847 0.08923884514435695 0.3106060606060606
X11012610 0.31267605633802814 0.34123222748815163 0.20512820512820512 0.0 0.33447098976109213 0.2607449856733524 0.2158859470468432 0.14742014742014742 0.2707889125799573 0.30976430976430974 0.2857142857142857 0.3304347826086957 0.33791748526522597 0.17846153846153848 0.353211009174312 0.22452504317789293 0.23655913978494625 0.34567901234567905 0.28571428571428575 0.32448377581120946
X12013410 0.30434782608695654 0.24145785876993164 0.27466666666666667 0.2778904665314402 0.265625 0.22382671480144406 0.224390243902439 0.05952380952380953 0.3442028985507246 0.2814498933901919 0.2734177215189873 0.23963133640552997 0.2733333333333333 0.3768656716417911 0.303921568627451 0.2866043613707165 0.2773109243697479 0.20353982300884957 0.25774877650897227 0.26217228464419473
X11013310 0.3426183844011142 0.3080260303687636 0.2633451957295374 0.25661914460285135 0.28571428571428575 0.3313373253493014 0.37176470588235294 0.3609022556390977 0.28522920203735147 0.2653061224489796 0.2539130434782609 0.3324022346368715 0.1947261663286004 0.296 0.26819923371647514 0.16027874564459932 0.22982885085574575 0.22483221476510068 0.32492113564668773 0.3037974683544304
X12012310 0.3801295896328294 0.23364485981308417 0.22033898305084745 0.2826086956521739 0.25752508361204013 0.0 0.1986754966887417 0.2887700534759358 0.3242424242424243 0.2796610169491525 0.27319587628865977 0.27237354085603116 0.36641221374045807 0.2973684210526316 0.2605633802816902 0.28515240904621436 0.07792207792207793 0.2874743326488707 0.3078651685393259 0.24811218985976266
