X11002301 0.18214285714285713 0.11666666666666667 0.07792207792207792 0.20714285714285716 0.2807017543859649 0.23943661971830985 0.12698412698412698 0.08823529411764706 0.09009009009009009 0.1310344827586207 0.18867924528301888 0.1643835616438356 0.09333333333333334 0.18691588785046728 0.24242424242424243 0.19008264462809918 0.05454545454545454 0.24793388429752067 0.18548387096774194 0.2903225806451613
X11013410 0.2618384401114206 0.18181818181818182 0.3448275862068966 0.16428571428571428 0.18466898954703834 0.16628440366972477 0.2052401746724891 0.2966101694915254 0.19395465994962216 0.14974182444061962 0.09230769230769231 0.19672131147540983 0.19635627530364372 0.3484848484848485 0.1644100580270793 0.17828418230563003 0.26495726495726496 0.18135593220338983 0.21774193548387097 0.15461847389558234
X11002310 0.240625 0.23980815347721823 0.25766871165644173 0.2939068100358423 0.2864321608040201 0.2571428571428571 0.23837209302325582 0.22922636103151864 0.26330532212885155 0.255663430420712 0.30303030303030304 0.25067385444743934 0.27413127413127414 0.2736842105263158 0.26714801444043323 0.22702702702702704 0.22522522522522523 0.24675324675324675 0.2755681818181818 0.31092436974789917
X12013610 0.28294573643410853 0.21003134796238246 0.25 0.17647058823529413 0.22058823529411764 0.2288135593220339 0.16646989374262103 0.32653061224489793 0.1662621359223301 0.22110552763819097 0.0 0.15706806282722513 0.15616438356164383 0.17371937639198218 0.34146341463414637 0.17955801104972377 0.20164609053497942 0.3227848101265823 0.23487544483985764 0.2893401015228426
X11002310 0.24873096446700507 0.2727272727272727 0.2579710144927536 0.25 0.25301204819277107 0.23835616438356164 0.2585034013605442 0.24806201550387597 0.289198606271777 0.2490272373540856 0.25435540069686413 0.25925925925925924 0.24074074074074073 0.2967032967032967 0.26907630522088355 0.21016949152542372 0.23636363636363636 0.25063291139240507 0.22282608695652173 0.2809667673716012
X11012310 0.20857142857142857 0.29493087557603687 0.17220543806646527 0.1733800350262697 0.08064516129032258 0.15172413793103448 0.23897911832946636 0.13261648745519714 0.24836601307189543 0.29015544041450775 0.15636363636363637 0.16986301369863013 0.17207334273624825 0.25874125874125875 0.3333333333333333 0.2631578947368421 0.09900990099009901 0.19603960396039605 0.07203389830508475 0.21409921671018275
X11012610 0.19646017699115045 0.22131147540983606 0.19161676646706588 0.0 0.3310810810810811 0.16455696202531644 0.1531791907514451 0.11450381679389313 0.1601513240857503 0.20489977728285078 0.18683651804670912 0.20917431192660552 0.23626373626373626 0.16111111111111112 0.2646048109965636 0.1497695852534562 0.19383259911894274 0.22266401590457258 0.2647058823529412 0.28350515463917525
X12013410 0.2768361581920904 0.18027210884353742 0.17024793388429751 0.1629013079667063 0.3063063063063063 0.23484848484848486 0.14680851063829786 0.21739130434782608 0.2334152334152334 0.2037037037037037 0.216 0.17993079584775087 0.2645161290322581 0.25831202046035806 0.19914346895074947 0.26136363636363635 0.3548387096774194 0.2839506172839506 0.16880341880341881 0.28688524590163933
X11013310 0.21465968586387435 0.22468354430379747 0.1774580335731415 0.18208092485549132 0.19362745098039216 0.23314606741573032 0.28214285714285714 0.28346456692913385 0.1891891891891892 0.18840579710144928 0.1697674418604651 0.2084063047285464 0.13793103448275862 0.2084507042253521 0.1856763925729443 0.1619718309859155 0.17803030303030304 0.14855875831485588 0.21063394683026584 0.18604651162790697
X12012310 0.27672955974842767 0.36231884057971014 0.13854351687388988 0.16493656286043828 0.16997792494481237 0.0 0.1910828025477707 0.1791044776119403 0.20776699029126214 0.3626373626373626 0.16798732171156894 0.16773162939297126 0.2532981530343008 0.183739837398374 0.26618705035971224 0.16628440366972477 0.6666666666666666 0.16887816646562123 0.18389261744966443 0.14705882352941177
