X11002301 0.35172413793103446 0.04827586206896552 0.041379310344827586 0.2 0.3310344827586207 0.23448275862068965 0.1103448275862069 0.041379310344827586 0.06896551724137931 0.1310344827586207 0.27586206896551724 0.16551724137931034 0.04827586206896552 0.13793103448275862 0.1103448275862069 0.15862068965517243 0.041379310344827586 0.41379310344827586 0.15862068965517243 0.3103448275862069
X11013410 0.6482758620689655 0.13793103448275862 0.27586206896551724 0.7931034482758621 0.7310344827586207 1.0 0.6482758620689655 0.2413793103448276 0.5310344827586206 0.6 0.12413793103448276 0.6620689655172414 0.6689655172413793 0.15862068965517243 0.5862068965517241 0.9172413793103448 0.6413793103448275 0.7379310344827587 0.7448275862068966 0.5310344827586206
X11002310 0.5310344827586206 0.6896551724137931 0.5793103448275863 0.5655172413793104 0.3931034482758621 0.496551724137931 0.5655172413793104 0.5517241379310345 0.6482758620689655 0.5448275862068965 0.5517241379310345 0.6413793103448275 0.4896551724137931 0.3586206896551724 0.5103448275862069 0.5793103448275863 0.6896551724137931 0.5241379310344828 0.6689655172413793 0.25517241379310346
X12013610 0.503448275862069 0.46206896551724136 0.3931034482758621 0.5586206896551724 0.6206896551724138 0.3724137931034483 0.9724137931034482 0.1103448275862069 0.9448275862068966 0.30344827586206896 0.0 0.41379310344827586 0.3931034482758621 0.5379310344827586 0.19310344827586207 0.896551724137931 0.6758620689655173 0.35172413793103446 0.45517241379310347 0.3931034482758621
X11002310 0.6758620689655173 0.496551724137931 0.6137931034482759 0.5517241379310345 0.43448275862068964 0.6 0.5241379310344828 0.6620689655172414 0.5724137931034483 0.4413793103448276 0.503448275862069 0.43448275862068964 0.6275862068965518 0.5586206896551724 0.46206896551724136 0.42758620689655175 0.4482758620689655 0.6827586206896552 0.5655172413793104 0.6413793103448275
X11012310 0.503448275862069 0.4413793103448276 0.3931034482758621 0.6827586206896552 0.13793103448275862 0.7586206896551724 0.7103448275862069 0.25517241379310346 0.2620689655172414 0.38620689655172413 0.593103448275862 0.42758620689655175 0.8413793103448276 0.5103448275862069 0.296551724137931 0.5517241379310345 0.06896551724137931 0.6827586206896552 0.11724137931034483 0.5655172413793104
X11012610 0.7655172413793103 0.7448275862068966 0.2206896551724138 0.0 0.33793103448275863 0.6275862068965518 0.36551724137931035 0.20689655172413793 0.8758620689655172 0.6344827586206897 0.6068965517241379 0.7862068965517242 0.593103448275862 0.2 0.5310344827586206 0.4482758620689655 0.30344827586206896 0.7724137931034483 0.3103448275862069 0.3793103448275862
X12013410 0.33793103448275863 0.36551724137931035 0.7103448275862069 0.9448275862068966 0.23448275862068965 0.21379310344827587 0.47586206896551725 0.034482758620689655 0.6551724137931034 0.45517241379310347 0.3724137931034483 0.3586206896551724 0.2827586206896552 0.696551724137931 0.6413793103448275 0.31724137931034485 0.22758620689655173 0.15862068965517243 0.5448275862068965 0.2413793103448276
X11013310 0.8482758620689655 0.4896551724137931 0.5103448275862069 0.43448275862068964 0.5448275862068965 0.5724137931034483 0.5448275862068965 0.496551724137931 0.5793103448275863 0.4482758620689655 0.503448275862069 0.8206896551724138 0.3310344827586207 0.5103448275862069 0.4827586206896552 0.15862068965517243 0.32413793103448274 0.46206896551724136 0.7103448275862069 0.8275862068965517
X12012310 0.6068965517241379 0.1724137931034483 0.5379310344827586 0.9862068965517241 0.5310344827586206 0.0 0.20689655172413793 0.7448275862068966 0.7379310344827587 0.22758620689655173 0.7310344827586207 0.7241379310344828 0.6620689655172414 0.7793103448275862 0.25517241379310346 1.0 0.041379310344827586 0.9655172413793104 0.9448275862068966 0.7931034482758621
