X11002301 6.171802520751953 2.1783018112182617 2.232412338256836 2.307201862335205 2.4364283084869385 2.6090657711029053 2.518822431564331 2.5076370239257812 2.519831657409668 2.5840938091278076 2.6009726524353027 2.7212448120117188 2.7533133029937744 2.862499713897705 2.9059362411499023 2.9704108238220215 3.1689257621765137 3.0813961029052734 3.160698890686035 3.185636281967163
X11013410 3.889688730239868 3.9074437618255615 3.964261770248413 4.0748560428619385 4.169975280761719 4.170584440231323 4.196141958236694 4.4503538608551025 4.397261381149292 4.46010684967041 4.4426186084747314 4.478365898132324 4.656828165054321 4.721295118331909 4.697756052017212 4.76078462600708 4.843984603881836 4.952452659606934 5.083083868026733 5.175962448120117
X11002310 5.197432518005371 5.3470330238342285 5.331163644790649 5.428833723068237 5.451874256134033 5.557998418807983 6.134683132171631 5.800379037857056 5.757931232452393 5.986952543258667 6.06905460357666 6.106400489807129 6.226602554321289 6.133947372436523 6.235210180282593 6.3176109790802 6.452216625213623 6.492110729217529 6.527836561203003 6.629218578338623
X12013610 7.285428524017334 7.247869968414307 7.353597164154053 7.412001132965088 7.9206507205963135 7.638562917709351 7.699876546859741 7.843651056289673 7.964948415756226 8.040159463882446 8.170461893081665 8.201623678207397 8.246707916259766 8.390974760055542 8.349167823791504 8.50403904914856 8.658007144927979 8.825809478759766 8.852582454681396 9.219874143600464
X11002310 8.647030115127563 8.907790660858154 8.919273614883423 8.96336555480957 9.101746797561646 8.959615468978882 9.140886545181274 9.18836760520935 9.410973310470581 9.818234920501709 9.620814800262451 9.696651935577393 9.688683271408081 9.705702304840088 9.860377073287964 9.955246210098267 10.07532548904419 10.204856157302856 10.13987946510315 10.246984958648682
X11012310 10.430617809295654 10.439151525497437 10.712940692901611 10.875301361083984 10.828093528747559 11.01069164276123 10.928682804107666 11.107862710952759 11.200735330581665 11.265630006790161 11.233678817749023 11.409386157989502 11.341437578201294 11.632118940353394 11.623406648635864 11.731767892837524 11.779290199279785 11.936930418014526 11.905507802963257 12.1354341506958
X11012610 12.265857934951782 12.078908205032349 12.297188758850098 12.722264051437378 12.327163457870483 12.725980520248413 12.625000476837158 12.66382622718811 12.903517484664917 13.02073335647583 13.31310486793518 13.631225824356079 13.526541948318481 13.45215368270874 13.236896991729736 13.748895645141602 13.623588562011719 13.728843927383423 13.744093894958496 13.676311731338501
X12013410 14.982107639312744 14.155290603637695 14.108279466629028 14.253452062606812 14.41349720954895 14.656646251678467 14.496201038360596 14.667143821716309 14.776202201843262 14.851393938064575 14.879098176956177 14.945255279541016 14.979873657226562 15.140377044677734 15.79133677482605 15.346239566802979 15.617799758911133 16.499144554138184 16.525290966033936 16.3416109085083
X11013310 16.000418663024902 15.976667165756226 16.078351736068726 16.051048040390015 16.334457874298096 16.36435055732727 16.327877521514893 16.509517192840576 16.64339804649353 16.63607430458069 16.709308624267578 16.96568775177002 16.954569101333618 16.90487837791443 17.05741858482361 17.13912034034729 17.1614933013916 17.2207670211792 17.409612894058228 17.369349241256714
X12012310 17.866082668304443 17.989678144454956 18.01578712463379 18.126046180725098 18.06894302368164 18.322006225585938 18.29828715324402 18.37622833251953 18.55695343017578 18.47215223312378 18.61398220062256 18.757156372070312 19.039390563964844 19.053863763809204 19.079773426055908 19.324145555496216 20.00259757041931 19.538819313049316 19.666287660598755 19.482101440429688
