X13012310 0.24104234527687296 0.24104234527687296 0.24104234527687296 0.24104234527687296 0.24104234527687296 0.24104234527687296 0.24104234527687296 0.24104234527687296 0.24104234527687296 0.24104234527687296 0.24104234527687296 0.24104234527687296 0.24104234527687296 0.24104234527687296 0.24104234527687296 0.24104234527687296 0.24104234527687296 0.24104234527687296 0.24104234527687296 0.24104234527687296
X12013310 0.24104234527687296 0.24104234527687296 0.2857142857142857 0.25170068027210885 0.24104234527687296 0.24104234527687296 0.2633451957295374 0.25170068027210885 0.2835249042145594 0.25899280575539574 0.25170068027210885 0.3025210084033613 0.24104234527687296 0.2587412587412587 0.2587412587412587 0.2690909090909091 0.24104234527687296 0.24342105263157893 0.2525597269624573 0.2690909090909091
X13012410 0.24104234527687296 0.24104234527687296 0.24183006535947715 0.2893617021276596 0.29959514170040485 0.25 0.24104234527687296 0.24104234527687296 0.24104234527687296 0.3035714285714286 0.24104234527687296 0.24104234527687296 0.24104234527687296 0.24104234527687296 0.24104234527687296 0.24104234527687296 0.30508474576271183 0.2846153846153846 0.24104234527687296 0.24104234527687296
X13013610 0.24104234527687296 0.24104234527687296 0.24104234527687296 0.2490842490842491 0.24104234527687296 0.24104234527687296 0.24104234527687296 0.24104234527687296 0.24104234527687296 0.24104234527687296 0.24104234527687296 0.24104234527687296 0.24104234527687296 0.24104234527687296 0.24104234527687296 0.24104234527687296 0.24104234527687296 0.24104234527687296 0.24104234527687296 0.24104234527687296
X12012310 0.24104234527687296 0.24262295081967214 0.24104234527687296 0.24104234527687296 0.24104234527687296 0.24104234527687296 0.24104234527687296 0.24104234527687296 0.24104234527687296 0.24104234527687296 0.24104234527687296 0.24104234527687296 0.24104234527687296 0.24104234527687296 0.24104234527687296 0.24104234527687296 0.24104234527687296 0.24104234527687296 0.24104234527687296 0.24104234527687296
X13013510 0.24104234527687296 0.24104234527687296 0.24104234527687296 0.24104234527687296 0.24104234527687296 0.24104234527687296 0.24104234527687296 0.24104234527687296 0.24104234527687296 0.2813688212927757 0.24104234527687296 0.24104234527687296 0.24104234527687296 0.24104234527687296 0.24104234527687296 0.24104234527687296 0.24104234527687296 0.2890625 0.24104234527687296 0.2551724137931034
X11012610 0.26148409893992935 0.2605633802816901 0.24104234527687296 0.24104234527687296 0.24104234527687296 0.24104234527687296 0.24104234527687296 0.24262295081967214 0.24832214765100669 0.24104234527687296 0.24104234527687296 0.24104234527687296 0.26148409893992935 0.24104234527687296 0.25605536332179935 0.24183006535947715 0.24104234527687296 0.24104234527687296 0.2596491228070176 0.25170068027210885
X13012710 0.25084745762711863 0.24104234527687296 0.24104234527687296 0.24104234527687296 0.24104234527687296 0.24104234527687296 0.24104234527687296 0.24104234527687296 0.24104234527687296 0.24104234527687296 0.24104234527687296 0.24104234527687296 0.24104234527687296 0.24104234527687296 0.24104234527687296 0.24104234527687296 0.24104234527687296 0.24104234527687296 0.24104234527687296 0.24104234527687296
X12013410 0.24104234527687296 0.2901960784313726 0.24104234527687296 0.24104234527687296 0.24104234527687296 0.24104234527687296 0.24080267558528431 0.3130434782608696 0.24104234527687296 0.24104234527687296 0.24104234527687296 0.24104234527687296 0.27906976744186046 0.25 0.24104234527687296 0.24262295081967214 0.2845849802371541 0.29365079365079366 0.30705394190871366 0.24104234527687296
X12012610 0.24104234527687296 0.24104234527687296 0.24104234527687296 0.24104234527687296 0.24104234527687296 0.24104234527687296 0.24104234527687296 0.26609442060085836 0.24104234527687296 0.24104234527687296 0.24104234527687296 0.24104234527687296 0.24104234527687296 0.24104234527687296 0.24104234527687296 0.24104234527687296 0.24104234527687296 0.24104234527687296 0.24104234527687296 0.24104234527687296
X12013610 0.2671480144404332 0.24104234527687296 0.24104234527687296 0.24104234527687296 0.24104234527687296 0.24104234527687296 0.2587412587412587 0.24104234527687296 0.24104234527687296 0.24104234527687296 0.24104234527687296 0.24104234527687296 0.24183006535947715 0.24104234527687296 0.24104234527687296 0.24104234527687296 0.24104234527687296 0.24183006535947715 0.24104234527687296 0.24104234527687296
X13013310 0.24104234527687296 0.24104234527687296 0.24104234527687296 0.24104234527687296 0.24104234527687296 0.24104234527687296 0.2365591397849462 0.24183006535947715 0.25 0.24104234527687296 0.24104234527687296 0.24104234527687296 0.24104234527687296 0.24104234527687296 0.25605536332179935 0.24104234527687296 0.24104234527687296 0.24104234527687296 0.24104234527687296 0.24104234527687296
X12013710 0.24104234527687296 0.2720588235294118 0.24104234527687296 0.24104234527687296 0.28793774319066145 0.26811594202898553 0.2661870503597123 0.24104234527687296 0.2781954887218045 0.24183006535947715 0.24104234527687296 0.24104234527687296 0.24183006535947715 0.2624113475177305 0.24104234527687296 0.24104234527687296 0.24104234527687296 0.2633451957295374 0.2569444444444444 0.24104234527687296
X12013510 0.24104234527687296 0.2525597269624573 0.28112449799196787 0.24104234527687296 0.24104234527687296 0.24104234527687296 0.24104234527687296 0.24183006535947715 0.24104234527687296 0.24104234527687296 0.24749163879598665 0.24104234527687296 0.24104234527687296 0.24104234527687296 0.24104234527687296 0.24104234527687296 0.24104234527687296 0.24104234527687296 0.24104234527687296 0.30508474576271183
X11013511 0.24183006535947715 0.23529411764705882 0.22939068100358423 0.24262295081967214 0.24104234527687296 0.24183006535947715 0.2442244224422442 0.24104234527687296 0.24175824175824173 0.24503311258278146 0.24104234527687296 0.24104234527687296 0.24104234527687296 0.24104234527687296 0.2458471760797342 0.24104234527687296 0.2413793103448276 0.22627737226277375 0.24104234527687296 0.24104234527687296
X11013610 0.24104234527687296 0.24104234527687296 0.24104234527687296 0.24104234527687296 0.24104234527687296 0.24104234527687296 0.24104234527687296 0.24104234527687296 0.24104234527687296 0.24104234527687296 0.24104234527687296 0.24104234527687296 0.24104234527687296 0.24104234527687296 0.24104234527687296 0.2803030303030303 0.24262295081967214 0.24104234527687296 0.25 0.24104234527687296
X12012410 0.24104234527687296 0.3025210084033613 0.24104234527687296 0.3096234309623431 0.24104234527687296 0.24104234527687296 0.24104234527687296 0.24104234527687296 0.24104234527687296 0.24104234527687296 0.24104234527687296 0.24104234527687296 0.24104234527687296 0.29365079365079366 0.30705394190871366 0.24104234527687296 0.24104234527687296 0.24104234527687296 0.2890625 0.3428571428571429
X12012710 0.24104234527687296 0.2569444444444444 0.24104234527687296 0.24104234527687296 0.24104234527687296 0.24104234527687296 0.24104234527687296 0.24183006535947715 0.24104234527687296 0.24104234527687296 0.24104234527687296 0.24104234527687296 0.24104234527687296 0.24104234527687296 0.24104234527687296 0.24104234527687296 0.24104234527687296 0.24104234527687296 0.24104234527687296 0.24104234527687296
X12012510 0.24104234527687296 0.24104234527687296 0.24104234527687296 0.24104234527687296 0.24104234527687296 0.24104234527687296 0.24104234527687296 0.24104234527687296 0.24104234527687296 0.24104234527687296 0.2458471760797342 0.24104234527687296 0.24104234527687296 0.24104234527687296 0.26811594202898553 0.24104234527687296 0.24104234527687296 0.24104234527687296 0.24104234527687296 0.24104234527687296
X11012410 0.2671480144404332 0.3402061855670103 0.2671480144404332 0.24104234527687296 0.2442244224422442 0.24262295081967214 0.24749163879598665 0.2564102564102564 0.24183006535947715 0.24104234527687296 0.24104234527687296 0.24104234527687296 0.2792452830188679 0.2587412587412587 0.24104234527687296 0.24104234527687296 0.24104234527687296 0.24104234527687296 0.34517766497461927 0.24104234527687296
X11002311 0.0 0.0 0.0 0.2813688212927757 0.24183006535947715 0.0 0.0 0.2633451957295374 0.0 0.30088495575221236 0.2551724137931034 0.24637681159420294 0.2835249042145594 0.27067669172932335 0.2857142857142857 0.0 0.30656934306569344 0.24749163879598665 0.30973451327433627 0.27692307692307694
X11012310 0.24104234527687296 0.24104234527687296 0.24183006535947715 0.27106227106227104 0.24104234527687296 0.24104234527687296 0.24104234527687296 0.27715355805243447 0.24104234527687296 0.24104234527687296 0.24104234527687296 0.24104234527687296 0.28682170542635654 0.24104234527687296 0.2857142857142857 0.24104234527687296 0.27715355805243447 0.24183006535947715 0.24183006535947715 0.24183006535947715
X11013310 0.24104234527687296 0.24104234527687296 0.2587412587412587 0.2671480144404332 0.2633451957295374 0.24104234527687296 0.2525597269624573 0.24104234527687296 0.24104234527687296 0.24104234527687296 0.27106227106227104 0.24104234527687296 0.24104234527687296 0.24915824915824916 0.24104234527687296 0.24104234527687296 0.24104234527687296 0.24104234527687296 0.24104234527687296 0.24104234527687296
X11012510 0.24104234527687296 0.26148409893992935 0.27007299270072993 0.24104234527687296 0.2642857142857143 0.27007299270072993 0.3096234309623431 0.24104234527687296 0.2652329749103942 0.2720588235294118 0.27007299270072993 0.27007299270072993 0.24104234527687296 0.24104234527687296 0.3157894736842105 0.24104234527687296 0.24104234527687296 0.24104234527687296 0.2792452830188679 0.24104234527687296
X11013510 0.24183006535947715 0.24104234527687296 0.24104234527687296 0.24183006535947715 0.24104234527687296 0.24183006535947715 0.24104234527687296 0.24666666666666667 0.24104234527687296 0.24104234527687296 0.24104234527687296 0.24104234527687296 0.25 0.2527075812274368 0.24104234527687296 0.24104234527687296 0.2818181818181818 0.24262295081967214 0.24104234527687296 0.24342105263157893
X11013410 0.24183006535947715 0.24427480916030533 0.24104234527687296 0.2633451957295374 0.26666666666666666 0.2761194029850746 0.24104234527687296 0.30578512396694213 0.29333333333333333 0.2845528455284553 0.24104234527687296 0.24444444444444446 0.24104234527687296 0.26190476190476186 0.22916666666666663 0.24104234527687296 0.2816901408450704 0.22996515679442514 0.24342105263157893 0.24104234527687296
X11002310 0.3125 0.304932735426009 0.3271028037383178 0.2761194029850746 0.32850241545893716 0.3181818181818181 0.36363636363636365 0.3181818181818181 0.3417085427135679 0.34375 0.3008130081300813 0.29268292682926833 0.3020408163265306 0.31674208144796384 0.30973451327433627 0.3153153153153153 0.319634703196347 0.3469387755102041 0.3125 0.2633451957295374
X11002301 0.0 0.0 0.0 0.0 0.0 0.0 0.12 0.0 0.0 0.0 0.0 0.0 0.0 0.0 0.0 0.0 0.13636363636363638 0.0 0.0 0.0
X13002310 0.3863636363636364 0.2916666666666667 0.39759036144578314 0.31481481481481477 0.3192488262910798 0.2857142857142857 0.42647058823529416 0.4133333333333333 0.410958904109589 0.4129032258064516 0.37499999999999994 0.34065934065934067 0.4105960264900662 0.33999999999999997 0.31578947368421056 0.33532934131736525 0.2720588235294118 0.3365384615384615 0.3502824858757062 0.32558139534883723
