X13012310 0.13703703703703704 0.13703703703703704 0.13703703703703704 0.13703703703703704 0.13703703703703704 0.13703703703703704 0.13703703703703704 0.13703703703703704 0.13703703703703704 0.13703703703703704 0.13703703703703704 0.13703703703703704 0.13703703703703704 0.13703703703703704 0.13703703703703704 0.13703703703703704 0.13703703703703704 0.13703703703703704 0.13703703703703704 0.13703703703703704
X12013310 0.13703703703703704 0.13703703703703704 0.16744186046511628 0.14396887159533073 0.13703703703703704 0.13703703703703704 0.15163934426229508 0.14396887159533073 0.16517857142857142 0.14937759336099585 0.14396887159533073 0.1791044776119403 0.13703703703703704 0.14859437751004015 0.14859437751004015 0.15546218487394958 0.13703703703703704 0.13857677902621723 0.14453125 0.15546218487394958
X13012410 0.13703703703703704 0.13703703703703704 0.137546468401487 0.1717171717171717 0.1761904761904762 0.1440329218106996 0.13703703703703704 0.13703703703703704 0.13703703703703704 0.18181818181818182 0.13703703703703704 0.13703703703703704 0.13703703703703704 0.13703703703703704 0.13703703703703704 0.13703703703703704 0.18090452261306533 0.16591928251121077 0.13703703703703704 0.13703703703703704
X13013610 0.13703703703703704 0.13703703703703704 0.13703703703703704 0.1440677966101695 0.13703703703703704 0.13703703703703704 0.13703703703703704 0.13703703703703704 0.13703703703703704 0.13703703703703704 0.13703703703703704 0.13703703703703704 0.13703703703703704 0.13703703703703704 0.13703703703703704 0.13703703703703704 0.13703703703703704 0.13703703703703704 0.13703703703703704 0.13703703703703704
X12012310 0.13703703703703704 0.13805970149253732 0.13703703703703704 0.13703703703703704 0.13703703703703704 0.13703703703703704 0.13703703703703704 0.13703703703703704 0.13703703703703704 0.13703703703703704 0.13703703703703704 0.13703703703703704 0.13703703703703704 0.13703703703703704 0.13703703703703704 0.13703703703703704 0.13703703703703704 0.13703703703703704 0.13703703703703704 0.13703703703703704
X13013510 0.13703703703703704 0.13703703703703704 0.13703703703703704 0.13703703703703704 0.13703703703703704 0.13703703703703704 0.13703703703703704 0.13703703703703704 0.13703703703703704 0.16371681415929204 0.13703703703703704 0.13703703703703704 0.13703703703703704 0.13703703703703704 0.13703703703703704 0.13703703703703704 0.13703703703703704 0.1689497716894977 0.13703703703703704 0.14624505928853754
X11012610 0.15040650406504066 0.14979757085020243 0.13703703703703704 0.13703703703703704 0.13703703703703704 0.13703703703703704 0.13703703703703704 0.13805970149253732 0.1417624521072797 0.13703703703703704 0.13703703703703704 0.13703703703703704 0.15040650406504066 0.13703703703703704 0.14682539682539683 0.137546468401487 0.13703703703703704 0.13703703703703704 0.14919354838709678 0.14396887159533073
X13012710 0.1434108527131783 0.13703703703703704 0.13703703703703704 0.13703703703703704 0.13703703703703704 0.13703703703703704 0.13703703703703704 0.13703703703703704 0.13703703703703704 0.13703703703703704 0.13703703703703704 0.13703703703703704 0.13703703703703704 0.13703703703703704 0.13703703703703704 0.13703703703703704 0.13703703703703704 0.13703703703703704 0.13703703703703704 0.13703703703703704
X12013410 0.13703703703703704 0.16972477064220184 0.13703703703703704 0.13703703703703704 0.13703703703703704 0.13703703703703704 0.13740458015267176 0.18652849740932642 0.13703703703703704 0.13703703703703704 0.13703703703703704 0.13703703703703704 0.16289592760180996 0.14285714285714285 0.13703703703703704 0.13805970149253732 0.16666666666666666 0.17209302325581396 0.18137254901960784 0.13703703703703704
X12012610 0.13703703703703704 0.13703703703703704 0.13703703703703704 0.13703703703703704 0.13703703703703704 0.13703703703703704 0.13703703703703704 0.15816326530612246 0.13703703703703704 0.13703703703703704 0.13703703703703704 0.13703703703703704 0.13703703703703704 0.13703703703703704 0.13703703703703704 0.13703703703703704 0.13703703703703704 0.13703703703703704 0.13703703703703704 0.13703703703703704
X12013610 0.15416666666666667 0.13703703703703704 0.13703703703703704 0.13703703703703704 0.13703703703703704 0.13703703703703704 0.14859437751004015 0.13703703703703704 0.13703703703703704 0.13703703703703704 0.13703703703703704 0.13703703703703704 0.137546468401487 0.13703703703703704 0.13703703703703704 0.13703703703703704 0.13703703703703704 0.137546468401487 0.13703703703703704 0.13703703703703704
X13013310 0.13703703703703704 0.13703703703703704 0.13703703703703704 0.13703703703703704 0.13703703703703704 0.13703703703703704 0.13636363636363635 0.137546468401487 0.14285714285714285 0.13703703703703704 0.13703703703703704 0.13703703703703704 0.13703703703703704 0.13703703703703704 0.14682539682539683 0.13703703703703704 0.13703703703703704 0.13703703703703704 0.13703703703703704 0.13703703703703704
X12013710 0.13703703703703704 0.1574468085106383 0.13703703703703704 0.13703703703703704 0.16818181818181818 0.15481171548117154 0.15352697095435686 0.13703703703703704 0.1615720524017467 0.137546468401487 0.13703703703703704 0.13703703703703704 0.137546468401487 0.1510204081632653 0.13703703703703704 0.13703703703703704 0.13703703703703704 0.15163934426229508 0.14741035856573706 0.13703703703703704
X12013510 0.13703703703703704 0.14453125 0.1650943396226415 0.13703703703703704 0.13703703703703704 0.13703703703703704 0.13703703703703704 0.137546468401487 0.13703703703703704 0.13703703703703704 0.14122137404580154 0.13703703703703704 0.13703703703703704 0.13703703703703704 0.13703703703703704 0.13703703703703704 0.13703703703703704 0.13703703703703704 0.13703703703703704 0.18090452261306533
X11013511 0.137546468401487 0.13382899628252787 0.1322314049586777 0.13805970149253732 0.13703703703703704 0.137546468401487 0.13909774436090225 0.13703703703703704 0.13983050847457626 0.13962264150943396 0.13703703703703704 0.13703703703703704 0.13703703703703704 0.13703703703703704 0.14015151515151514 0.13703703703703704 0.1383399209486166 0.1308016877637131 0.13703703703703704 0.13703703703703704
X11013610 0.13703703703703704 0.13703703703703704 0.13703703703703704 0.13703703703703704 0.13703703703703704 0.13703703703703704 0.13703703703703704 0.13703703703703704 0.13703703703703704 0.13703703703703704 0.13703703703703704 0.13703703703703704 0.13703703703703704 0.13703703703703704 0.13703703703703704 0.16299559471365638 0.13805970149253732 0.13703703703703704 0.14285714285714285 0.13703703703703704
X12012410 0.13703703703703704 0.1791044776119403 0.13703703703703704 0.18316831683168316 0.13703703703703704 0.13703703703703704 0.13703703703703704 0.13703703703703704 0.13703703703703704 0.13703703703703704 0.13703703703703704 0.13703703703703704 0.13703703703703704 0.17209302325581396 0.18137254901960784 0.13703703703703704 0.13703703703703704 0.13703703703703704 0.1689497716894977 0.20809248554913296
X12012710 0.13703703703703704 0.14741035856573706 0.13703703703703704 0.13703703703703704 0.13703703703703704 0.13703703703703704 0.13703703703703704 0.137546468401487 0.13703703703703704 0.13703703703703704 0.13703703703703704 0.13703703703703704 0.13703703703703704 0.13703703703703704 0.13703703703703704 0.13703703703703704 0.13703703703703704 0.13703703703703704 0.13703703703703704 0.13703703703703704
X12012510 0.13703703703703704 0.13703703703703704 0.13703703703703704 0.13703703703703704 0.13703703703703704 0.13703703703703704 0.13703703703703704 0.13703703703703704 0.13703703703703704 0.13703703703703704 0.14015151515151514 0.13703703703703704 0.13703703703703704 0.13703703703703704 0.15481171548117154 0.13703703703703704 0.13703703703703704 0.13703703703703704 0.13703703703703704 0.13703703703703704
X11012410 0.15416666666666667 0.21019108280254778 0.15416666666666667 0.13703703703703704 0.13909774436090225 0.13805970149253732 0.14122137404580154 0.1483050847457627 0.137546468401487 0.13703703703703704 0.13703703703703704 0.13703703703703704 0.16228070175438597 0.14859437751004015 0.13703703703703704 0.13703703703703704 0.13703703703703704 0.13703703703703704 0.2125 0.13703703703703704
X11002311 0.0 0.0 0.0 0.16371681415929204 0.137546468401487 0.0 0.0 0.15163934426229508 0.0 0.17989417989417988 0.14624505928853754 0.16831683168316833 0.16517857142857142 0.1572052401746725 0.17010309278350516 0.0 0.21 0.14122137404580154 0.18518518518518517 0.32142857142857145
X11012310 0.13703703703703704 0.13703703703703704 0.137546468401487 0.15677966101694915 0.13703703703703704 0.13703703703703704 0.13703703703703704 0.1608695652173913 0.13703703703703704 0.13703703703703704 0.13703703703703704 0.13703703703703704 0.167420814479638 0.13703703703703704 0.16666666666666666 0.13703703703703704 0.1608695652173913 0.137546468401487 0.137546468401487 0.137546468401487
X11013310 0.13703703703703704 0.13703703703703704 0.14859437751004015 0.15416666666666667 0.15163934426229508 0.13703703703703704 0.14453125 0.13703703703703704 0.13703703703703704 0.13703703703703704 0.15677966101694915 0.13703703703703704 0.13703703703703704 0.1423076923076923 0.13703703703703704 0.13703703703703704 0.13703703703703704 0.13703703703703704 0.13703703703703704 0.13703703703703704
X11012510 0.13703703703703704 0.15040650406504066 0.15611814345991562 0.13703703703703704 0.1522633744855967 0.15611814345991562 0.18316831683168316 0.13703703703703704 0.15289256198347106 0.1574468085106383 0.15611814345991562 0.15611814345991562 0.13703703703703704 0.13703703703703704 0.19186046511627908 0.13703703703703704 0.13703703703703704 0.13703703703703704 0.16228070175438597 0.13703703703703704
X11013510 0.137546468401487 0.13703703703703704 0.13703703703703704 0.137546468401487 0.13703703703703704 0.137546468401487 0.13703703703703704 0.14068441064638784 0.13703703703703704 0.13703703703703704 0.13703703703703704 0.13703703703703704 0.14342629482071714 0.14583333333333334 0.13703703703703704 0.13703703703703704 0.16939890710382513 0.13805970149253732 0.13703703703703704 0.13857677902621723
X11013410 0.137546468401487 0.14222222222222222 0.13703703703703704 0.15163934426229508 0.1559633027522936 0.16017316017316016 0.13703703703703704 0.18048780487804877 0.17553191489361702 0.1674641148325359 0.13703703703703704 0.14163090128755365 0.13703703703703704 0.15348837209302327 0.13147410358565736 0.13703703703703704 0.17045454545454544 0.132 0.13857677902621723 0.13703703703703704
X11002310 0.18716577540106952 0.1827956989247312 0.1977401129943503 0.16017316017316016 0.2 0.1912568306010929 0.22666666666666666 0.1912568306010929 0.20987654320987653 0.2129032258064516 0.17703349282296652 0.1722488038277512 0.1778846153846154 0.19021739130434784 0.18518518518518517 0.1891891891891892 0.19230769230769232 0.2138364779874214 0.18716577540106952 0.15163934426229508
X11002301 0.0 0.0 0.0 0.0 0.0 0.0 0.23076923076923078 0.0 0.0 0.0 0.0 0.0 0.0 0.0 0.0 0.0 0.42857142857142855 0.0 0.0 0.0
X13002310 0.2446043165467626 0.1724137931034483 0.2558139534883721 0.18994413407821228 0.19318181818181818 0.16666666666666666 0.29292929292929293 0.2743362831858407 0.27522935779816515 0.2711864406779661 0.23741007194244604 0.21379310344827587 0.2719298245614035 0.2085889570552147 0.18848167539267016 0.2153846153846154 0.1574468085106383 0.2046783625730994 0.22142857142857142 0.19662921348314608
