X13012310 1.0 1.0 1.0 1.0 1.0 1.0 1.0 1.0 1.0 1.0 1.0 1.0 1.0 1.0 1.0 1.0 1.0 1.0 1.0 1.0
X12013310 1.0 1.0 0.972972972972973 1.0 1.0 1.0 1.0 1.0 1.0 0.972972972972973 1.0 0.972972972972973 1.0 1.0 1.0 1.0 1.0 1.0 1.0 1.0
X13012410 1.0 1.0 1.0 0.918918918918919 1.0 0.9459459459459459 1.0 1.0 1.0 0.918918918918919 1.0 1.0 1.0 1.0 1.0 1.0 0.972972972972973 1.0 1.0 1.0
X13013610 1.0 1.0 1.0 0.918918918918919 1.0 1.0 1.0 1.0 1.0 1.0 1.0 1.0 1.0 1.0 1.0 1.0 1.0 1.0 1.0 1.0
X12012310 1.0 1.0 1.0 1.0 1.0 1.0 1.0 1.0 1.0 1.0 1.0 1.0 1.0 1.0 1.0 1.0 1.0 1.0 1.0 1.0
X13013510 1.0 1.0 1.0 1.0 1.0 1.0 1.0 1.0 1.0 1.0 1.0 1.0 1.0 1.0 1.0 1.0 1.0 1.0 1.0 1.0
X11012610 1.0 1.0 1.0 1.0 1.0 1.0 1.0 1.0 1.0 1.0 1.0 1.0 1.0 1.0 1.0 1.0 1.0 1.0 1.0 1.0
X13012710 1.0 1.0 1.0 1.0 1.0 1.0 1.0 1.0 1.0 1.0 1.0 1.0 1.0 1.0 1.0 1.0 1.0 1.0 1.0 1.0
X12013410 1.0 1.0 1.0 1.0 1.0 1.0 0.972972972972973 0.972972972972973 1.0 1.0 1.0 1.0 0.972972972972973 1.0 1.0 1.0 0.972972972972973 1.0 1.0 1.0
X12012610 1.0 1.0 1.0 1.0 1.0 1.0 1.0 0.8378378378378378 1.0 1.0 1.0 1.0 1.0 1.0 1.0 1.0 1.0 1.0 1.0 1.0
X12013610 1.0 1.0 1.0 1.0 1.0 1.0 1.0 1.0 1.0 1.0 1.0 1.0 1.0 1.0 1.0 1.0 1.0 1.0 1.0 1.0
X13013310 1.0 1.0 1.0 1.0 1.0 1.0 0.8918918918918919 1.0 1.0 1.0 1.0 1.0 1.0 1.0 1.0 1.0 1.0 1.0 1.0 1.0
X12013710 1.0 1.0 1.0 1.0 1.0 1.0 1.0 1.0 1.0 1.0 1.0 1.0 1.0 1.0 1.0 1.0 1.0 1.0 1.0 1.0
X12013510 1.0 1.0 0.9459459459459459 1.0 1.0 1.0 1.0 1.0 1.0 1.0 1.0 1.0 1.0 1.0 1.0 1.0 1.0 1.0 1.0 0.972972972972973
X11013511 1.0 0.972972972972973 0.8648648648648649 1.0 1.0 1.0 1.0 1.0 0.8918918918918919 1.0 1.0 1.0 1.0 1.0 1.0 1.0 0.9459459459459459 0.8378378378378378 1.0 1.0
X11013610 1.0 1.0 1.0 1.0 1.0 1.0 1.0 1.0 1.0 1.0 1.0 1.0 1.0 1.0 1.0 1.0 1.0 1.0 1.0 1.0
X12012410 1.0 0.972972972972973 1.0 1.0 1.0 1.0 1.0 1.0 1.0 1.0 1.0 1.0 1.0 1.0 1.0 1.0 1.0 1.0 1.0 0.972972972972973
X12012710 1.0 1.0 1.0 1.0 1.0 1.0 1.0 1.0 1.0 1.0 1.0 1.0 1.0 1.0 1.0 1.0 1.0 1.0 1.0 1.0
X12012510 1.0 1.0 1.0 1.0 1.0 1.0 1.0 1.0 1.0 1.0 1.0 1.0 1.0 1.0 1.0 1.0 1.0 1.0 1.0 1.0
X11012410 1.0 0.8918918918918919 1.0 1.0 1.0 1.0 1.0 0.9459459459459459 1.0 1.0 1.0 1.0 1.0 1.0 1.0 1.0 1.0 1.0 0.918918918918919 1.0
X11002311 0.0 0.0 0.0 1.0 1.0 0.0 0.0 1.0 0.0 0.918918918918919 1.0 0.4594594594594595 1.0 0.972972972972973 0.8918918918918919 0.0 0.5675675675675675 1.0 0.9459459459459459 0.24324324324324326
X11012310 1.0 1.0 1.0 1.0 1.0 1.0 1.0 1.0 1.0 1.0 1.0 1.0 1.0 1.0 1.0 1.0 1.0 1.0 1.0 1.0
X11013310 1.0 1.0 1.0 1.0 1.0 1.0 1.0 1.0 1.0 1.0 1.0 1.0 1.0 1.0 1.0 1.0 1.0 1.0 1.0 1.0
X11012510 1.0 1.0 1.0 1.0 1.0 1.0 1.0 1.0 1.0 1.0 1.0 1.0 1.0 1.0 0.8918918918918919 1.0 1.0 1.0 1.0 1.0
X11013510 1.0 1.0 1.0 1.0 1.0 1.0 1.0 1.0 1.0 1.0 1.0 1.0 0.972972972972973 0.9459459459459459 1.0 1.0 0.8378378378378378 1.0 1.0 1.0
X11013410 1.0 0.8648648648648649 1.0 1.0 0.918918918918919 1.0 1.0 1.0 0.8918918918918919 0.9459459459459459 1.0 0.8918918918918919 1.0 0.8918918918918919 0.8918918918918919 1.0 0.8108108108108109 0.8918918918918919 1.0 1.0
X11002310 0.9459459459459459 0.918918918918919 0.9459459459459459 1.0 0.918918918918919 0.9459459459459459 0.918918918918919 0.9459459459459459 0.918918918918919 0.8918918918918919 1.0 0.972972972972973 1.0 0.9459459459459459 0.9459459459459459 0.9459459459459459 0.9459459459459459 0.918918918918919 0.9459459459459459 1.0
X11002301 0.0 0.0 0.0 0.0 0.0 0.0 0.08108108108108109 0.0 0.0 0.0 0.0 0.0 0.0 0.0 0.0 0.0 0.08108108108108109 0.0 0.0 0.0
X13002310 0.918918918918919 0.9459459459459459 0.8918918918918919 0.918918918918919 0.918918918918919 1.0 0.7837837837837838 0.8378378378378378 0.8108108108108109 0.8648648648648649 0.8918918918918919 0.8378378378378378 0.8378378378378378 0.918918918918919 0.972972972972973 0.7567567567567568 1.0 0.9459459459459459 0.8378378378378378 0.9459459459459459
