X13012310 7.572554349899292 7.445420980453491 7.464784145355225 7.693865060806274 7.745055675506592 7.780268907546997 7.8763673305511475 7.954125642776489 8.228742122650146 8.176220655441284 8.204815864562988 8.276266813278198 8.323294401168823 8.936744213104248 8.907471418380737 8.630569458007812 8.896043062210083 8.963124752044678 9.06268572807312 9.351727962493896
X12013310 8.56037163734436 8.659550189971924 8.749213933944702 8.860107183456421 9.102872848510742 9.164271831512451 9.220029354095459 9.287851333618164 9.407414674758911 9.48278546333313 9.670684337615967 9.950977563858032 9.85949969291687 9.927585124969482 10.025745391845703 10.220823764801025 10.20007848739624 10.312285900115967 10.439587116241455 10.715380907058716
X13012410 11.532805919647217 11.865774631500244 11.92345643043518 11.892894268035889 12.10281252861023 12.203413486480713 12.619107961654663 12.52265191078186 12.521145343780518 12.762048721313477 12.92500376701355 13.100143909454346 13.06169581413269 13.302318096160889 13.371515035629272 13.59112286567688 13.637934446334839 13.811463117599487 13.807402849197388 13.933862447738647
X13013610 14.331526041030884 14.648365020751953 14.581609010696411 15.00260615348816 14.714922189712524 15.129934549331665 15.062350749969482 15.282372951507568 15.255287885665894 15.528626918792725 15.511047840118408 15.764296531677246 15.937393426895142 16.051731824874878 16.273549795150757 16.324501037597656 16.311717748641968 16.39181160926819 16.683833599090576 17.037352561950684
X12012310 16.189598083496094 16.443474054336548 16.512169361114502 16.539993286132812 16.730897426605225 16.95058298110962 17.35316228866577 17.014955520629883 17.135854482650757 17.37079167366028 17.43759799003601 17.488948583602905 17.76545476913452 17.919922828674316 17.73814105987549 17.801636457443237 17.908522844314575 18.08749556541443 18.09115719795227 18.213648319244385
X13013510 19.342249870300293 19.401201248168945 19.485202074050903 19.709767818450928 19.82830023765564 19.979657411575317 20.27700638771057 20.201436042785645 20.2201566696167 20.42418622970581 20.62575626373291 20.5744571685791 20.81225299835205 20.89417576789856 21.019559860229492 21.683185577392578 21.297051668167114 21.430461883544922 21.589579582214355 21.997336626052856
X11012610 20.469913244247437 20.531471967697144 20.591808795928955 20.659715175628662 20.80931854248047 20.97662115097046 20.916477918624878 20.98816204071045 21.140022039413452 21.285276889801025 21.729788064956665 21.335771560668945 21.450944423675537 21.535865545272827 21.554961919784546 21.834068775177002 21.896006107330322 21.849549770355225 21.881126642227173 21.915590524673462
X13012710 23.75800371170044 24.248677253723145 24.258296489715576 24.33265495300293 24.24624729156494 24.59842848777771 24.740520000457764 24.87482190132141 25.109537601470947 25.01605248451233 25.337624073028564 25.44714117050171 25.74495244026184 26.542678356170654 25.915188312530518 25.998400449752808 26.243893146514893 26.205715894699097 26.387000799179077 26.35560917854309
X12013410 25.893574237823486 26.151766300201416 26.107994318008423 26.350488901138306 26.64040994644165 26.575886011123657 26.543012619018555 26.736127853393555 26.765037775039673 26.755874156951904 27.134336233139038 27.08422327041626 27.097474813461304 27.207675218582153 27.114359140396118 27.43027973175049 27.554242610931396 27.47602343559265 27.721435546875 27.74561834335327
X12012610 28.07404899597168 28.139729261398315 28.33790874481201 28.236427545547485 28.58424210548401 28.677498817443848 28.842193603515625 28.653526544570923 29.35063600540161 29.022223711013794 28.96523356437683 29.14717173576355 29.249725818634033 29.48376488685608 29.485820770263672 29.849985361099243 29.698363065719604 29.854162216186523 29.728039741516113 29.9410297870636
X12013610 30.325344800949097 30.48287868499756 30.63725733757019 30.648578882217407 30.88344693183899 31.09141755104065 30.859498977661133 30.893715381622314 31.133174419403076 31.083070755004883 31.23614478111267 31.302042722702026 31.354734659194946 31.63189697265625 31.72823476791382 31.651592016220093 31.756102561950684 32.03432083129883 32.20883846282959 32.22140598297119
X13013310 33.25257587432861 33.30222225189209 33.27336287498474 33.489914894104004 33.6139235496521 34.02018404006958 33.883678913116455 34.035696506500244 34.145650148391724 34.275251626968384 34.30842661857605 34.55272674560547 34.74904990196228 34.80935764312744 35.03931140899658 35.01796078681946 34.972774267196655 35.23679161071777 35.246973752975464 35.591920614242554
X12013710 34.893208026885986 35.081979751586914 35.05714225769043 35.18692350387573 35.071651458740234 35.496758460998535 35.55165123939514 35.79227066040039 35.54766774177551 35.979631423950195 36.04068684577942 36.13459277153015 36.15252089500427 36.35004687309265 36.363980293273926 36.425307273864746 37.85235929489136 36.826191425323486 36.97786283493042 36.787760972976685
X12013510 37.13257098197937 37.17072129249573 37.323742389678955 37.23385691642761 37.353002309799194 37.67645454406738 37.787349224090576 37.842275857925415 37.93540096282959 38.21136736869812 38.13497710227966 38.368483781814575 38.402230978012085 38.70629143714905 38.440340757369995 39.17125964164734 39.00612020492554 38.88807225227356 39.058473348617554 38.96539068222046
X11013511 38.44805097579956 38.90748953819275 38.717668771743774 38.58490061759949 39.128016233444214 39.095996379852295 39.07052779197693 39.57165026664734 39.28467297554016 39.38239288330078 39.421892166137695 39.83217787742615 39.80409026145935 39.71455907821655 40.33264350891113 39.972819566726685 39.852890968322754 40.46029019355774 40.068379640579224 40.49103403091431
X11013610 40.469016313552856 40.723546504974365 40.760958671569824 41.04881978034973 41.23279094696045 41.611079931259155 41.10892701148987 41.38516354560852 41.330437660217285 41.38486123085022 41.46702027320862 41.90639328956604 42.06244897842407 41.764161109924316 42.09989905357361 41.942163944244385 41.91323924064636 42.53662872314453 42.62771654129028 42.50871157646179
X12012410 43.66270136833191 43.70160388946533 43.77293610572815 43.61705827713013 43.89334535598755 44.17978525161743 44.291369915008545 44.38584351539612 44.95179629325867 44.537667989730835 44.65025568008423 44.646079301834106 44.50551676750183 44.743117570877075 46.174840688705444 45.125903606414795 45.26900315284729 45.446215867996216 45.47012495994568 46.05894064903259
X12012710 45.9756600856781 46.02835464477539 46.16658091545105 45.94530773162842 46.18384575843811 46.10259509086609 46.49519968032837 46.78969383239746 46.85912728309631 46.94011950492859 49.852620124816895 49.68627429008484 49.50828146934509 49.60107898712158 50.036012411117554 50.009159564971924 50.30499029159546 51.39261817932129 51.253910779953 48.958794832229614
X12012510 50.42990469932556 50.83096432685852 49.35415816307068 48.377291202545166 48.851476430892944 48.83454418182373 48.8223671913147 48.78100538253784 49.072575092315674 49.676557540893555 49.52512717247009 49.75697994232178 49.77748680114746 49.62432384490967 50.16303586959839 50.43539762496948 50.423423051834106 50.43976545333862 51.061877965927124 50.893775939941406
X11012410 50.81883358955383 51.01489043235779 50.812426805496216 51.195337772369385 51.00410270690918 50.97759795188904 51.39627456665039 51.51153588294983 51.9286994934082 51.74124717712402 51.93318438529968 52.17997717857361 51.51625299453735 51.6723096370697 52.0353217124939 51.92395067214966 51.92378878593445 51.8575963973999 51.89095425605774 51.39445638656616
X11002311 53.29599905014038 52.68546772003174 53.078967332839966 52.80869388580322 52.93080282211304 52.75362467765808 52.755696296691895 53.304023027420044 53.139914751052856 53.3993980884552 53.7349898815155 53.96736025810242 54.54089713096619 54.08699035644531 54.488131523132324 54.165295362472534 54.64590620994568 54.49356746673584 54.61008644104004 54.425891160964966
X11012310 55.11798048019409 55.11487054824829 55.20695996284485 55.410900592803955 54.223695278167725 55.880059242248535 56.9857439994812 55.327967166900635 55.84639048576355 56.34652900695801 54.98315763473511 55.57697033882141 55.39353132247925 57.33470797538757 56.85435914993286 58.828195095062256 58.4165403842926 58.10708689689636 58.59187030792236 58.09115529060364
X11013310 58.18240666389465 55.99287247657776 56.41857123374939 55.879844188690186 55.878190994262695 55.95744705200195 56.531805753707886 56.25903630256653 56.710519313812256 57.00519418716431 56.946168184280396 56.794928789138794 57.04107141494751 57.412662982940674 57.17604422569275 56.97144365310669 56.898289918899536 57.151976346969604 57.5324912071228 58.077539682388306
X11012510 58.281832456588745 58.30862736701965 58.25699019432068 58.28790831565857 58.606422662734985 58.61719799041748 58.703158378601074 58.86456489562988 58.721214056015015 59.18834567070007 59.00121855735779 59.04698991775513 59.39294457435608 59.31875205039978 59.20972967147827 59.93842148780823 59.42860531806946 59.84445858001709 59.45269823074341 59.263213872909546
X11013510 58.76341485977173 58.28419733047485 58.27371025085449 58.41224551200867 58.23213195800781 58.79668116569519 58.35376524925232 58.92478132247925 58.732396602630615 58.49211525917053 58.34249472618103 58.919374227523804 59.08994460105896 58.81147003173828 58.738996744155884 59.17554593086243 59.169487953186035 59.100677251815796 59.177507400512695 59.42676901817322
X11013410 59.53966784477234 59.70238542556763 59.666239976882935 59.92200446128845 59.90170454978943 59.98729944229126 60.1209979057312 60.2609121799469 60.67391085624695 60.783547163009644 60.45041108131409 60.657763719558716 61.09707713127136 60.71743392944336 60.89572763442993 60.956870555877686 61.088966846466064 61.08349275588989 61.028677225112915 61.42604374885559
X11002310 61.4576313495636 61.93502879142761 61.496869802474976 61.57239532470703 61.92042803764343 61.804683446884155 62.12680768966675 62.175631046295166 62.17019510269165 62.22115445137024 62.453535079956055 62.23077940940857 62.61234903335571 62.38823199272156 62.4388587474823 62.545703649520874 62.814125299453735 62.47348380088806 62.61418342590332 62.91289138793945
X11002301 47.15962338447571 47.197951316833496 47.2150673866272 47.29680156707764 47.50034475326538 47.53598213195801 47.5048394203186 47.552921772003174 47.56815814971924 47.58799338340759 47.70128655433655 47.87916445732117 47.79951000213623 47.86759376525879 47.94406318664551 48.17122292518616 48.109110593795776 48.21579909324646 48.179306507110596 48.159586906433105
X13002310 66.25666570663452 66.09861850738525 66.59263610839844 66.35571527481079 66.69514584541321 66.76188325881958 66.8428544998169 67.03590989112854 69.11855506896973 67.72873616218567 67.78372478485107 67.73081684112549 67.59688520431519 68.25381016731262 68.33270168304443 68.00580430030823 68.11093401908875 68.36105418205261 68.8906180858612 68.26962232589722
