X11002301 0.3240223463687151 0.45325779036827196 0.5228571428571429 0.13272311212814647 0.3680555555555555 0.46129541864139023 0.23391812865497078 0.28806584362139914 0.501466275659824 0.41300813008130083 0.29961089494163423 0.374581939799331 0.5794392523364486 0.36464088397790057 0.2585551330798479 0.21218074656188607 0.15929203539823011 0.46583850931677023 0.4608150470219436 0.45222929936305734
X11013410 0.4357366771159874 0.5014925373134328 0.603321033210332 0.49546827794561943 0.6112956810631228 0.4937106918238994 0.5396825396825397 0.45901639344262296 0.4450784593437946 0.2310924369747899 0.5576642335766424 0.5120481927710843 0.5508474576271186 0.46601941747572817 0.55858310626703 0.5385735080058224 0.5307917888563048 0.48868778280542996 0.46355685131195334 0.13053613053613053
X11002310 0.5678670360110804 0.40290381125226865 0.5052631578947369 0.547337278106509 0.4741935483870968 0.43728813559322033 0.4467353951890035 0.44732576985413286 0.46102819237147596 0.42086956521739133 0.4064171122994652 0.46302250803858525 0.38515901060070673 0.42487046632124353 0.5331412103746399 0.5069551777434311 0.47231270358306193 0.4782608695652174 0.3774954627949183 0.4368600682593857
X12013610 0.521865889212828 0.512518409425626 0.37676056338028163 0.3819444444444445 0.11111111111111109 0.2777777777777778 0.564826700898588 0.47295208655332305 0.5282485875706214 0.5737704918032785 0.4970414201183433 0.4782608695652174 0.18285714285714283 0.47769784172661867 0.546174142480211 0.6427350427350428 0.38175675675675674 0.3836065573770492 0.5561357702349871 0.5122302158273381
X11002310 0.41016949152542376 0.41918294849023097 0.3848920863309352 0.3880070546737213 0.48639999999999994 0.5497237569060773 0.42760942760942755 0.478330658105939 0.4410774410774411 0.4350877192982456 0.43760683760683766 0.4755905511811024 0.48874598070739556 0.4369747899159664 0.5538020086083213 0.452054794520548 0.529940119760479 0.4834123222748815 0.4607843137254902 0.48726114649681523
X11012310 0.5641025641025641 0.5737931034482759 0.5828729281767955 0.5653409090909091 0.4544 0.5462555066079295 0.5263157894736843 0.5519203413940257 0.5820689655172414 0.4903225806451613 0.5563480741797432 0.5660919540229885 0.35067437379576105 0.5128983308042488 0.5158371040723981 0.37676056338028163 0.5487256371814092 0.5225225225225225 0.46875 0.14988290398126466
X11012610 0.5257301808066759 0.4246575342465753 0.5822102425876011 0.43492586490939045 0.4992199687987519 0.16919739696312364 0.541374474053296 0.15450643776824036 0.5200000000000001 0.1908893709327549 0.5821094793057411 0.5411436541143654 0.5285714285714286 0.42662116040955633 0.5446808510638298 0.4570502431118314 0.6171310629514963 0.47488584474885837 0.5280764635603347 0.5619834710743802
X12013410 0.5415549597855228 0.41296928327645055 0.5670816044260027 0.4711538461538462 0.5350877192982456 0.5702364394993046 0.34782608695652173 0.43666666666666665 0.5569620253164557 0.6517457475380484 0.575242718446602 0.5402298850574713 0.570644718792867 0.5976714100905562 0.5444126074498568 0.49850746268656715 0.5621468926553671 0.4970238095238096 0.5089820359281437 0.5538020086083213
X11013310 0.5558823529411765 0.4852255054432348 0.47335423197492166 0.4932975871313673 0.21304347826086956 0.5295857988165682 0.5142002989536621 0.17272727272727273 0.20309050772626933 0.4879518072289157 0.5725806451612903 0.5416078984485191 0.5561797752808989 0.4992389649923897 0.5698778833107191 0.5838509316770186 0.6271338724168913 0.16363636363636364 0.5060975609756098 0.5211062590975254
X12012310 0.5491329479768786 0.578146611341632 0.5800273597811217 0.5738396624472574 0.25 0.44925124792013316 0.43980738362760835 0.5240963855421688 0.5200458190148911 0.5761772853185595 0.5734265734265734 0.5670391061452514 0.40421792618629176 0.547486033519553 0.4887307236061684 0.5483870967741935 0.11818181818181818 0.1550695825049702 0.4517133956386292 0.4425385934819897
X13002310 0.5045317220543807 0.41624365482233505 0.4968152866242039 0.4681528662420382 0.39636363636363636 0.47231270358306193 0.5007776049766719 0.4633333333333334 0.4563106796116505 0.4440677966101695 0.55 0.5127436281859071 0.45439469320066334 0.45439469320066334 0.35514018691588783 0.47154471544715454 0.4663536776212832 0.5765027322404371 0.46869983948635635 0.47936507936507927
