X11002301 0.58 0.5015673981191222 0.5846645367412141 0.58 0.5608465608465608 0.5934959349593496 0.47619047619047616 0.7070707070707071 0.5796610169491525 0.5570175438596491 0.6062992125984252 0.5308056872037915 0.5994475138121547 0.6346153846153846 0.4892086330935252 0.4426229508196721 0.5538461538461539 0.5836575875486382 0.5856573705179283 0.5892116182572614
X11013410 0.5537848605577689 0.5936395759717314 0.46915351506456243 0.5963636363636363 0.5348837209302325 0.6305220883534136 0.6111111111111112 0.6278026905829597 0.4968152866242038 0.6179775280898876 0.6409395973154363 0.6137184115523465 0.6074766355140186 0.6233766233766234 0.590778097982709 0.6166666666666667 0.6135593220338983 0.5869565217391305 0.5317725752508361 0.6666666666666666
X11002310 0.6119402985074627 0.676829268292683 0.60431654676259 0.6401384083044983 0.630901287553648 0.6354679802955665 0.6666666666666666 0.6 0.6435185185185185 0.6436170212765957 0.6551724137931034 0.6127659574468085 0.6089385474860335 0.640625 0.6026058631921825 0.6307692307692307 0.6387665198237885 0.5992217898832685 0.6341463414634146 0.6432160804020101
X12013610 0.5986622073578596 0.5958904109589042 0.5911602209944752 0.582010582010582 0.2727272727272727 0.5982905982905983 0.5612244897959183 0.5884615384615385 0.5825545171339563 0.6086956521739131 0.5813148788927336 0.5992217898832685 0.34782608695652173 0.538961038961039 0.5579514824797843 0.48020434227330777 0.551219512195122 0.5246636771300448 0.5620052770448549 0.577922077922078
X11002310 0.5960591133004927 0.6704545454545454 0.6331360946745562 0.6111111111111112 0.6386554621848739 0.5905044510385756 0.6135265700483091 0.6313559322033898 0.6328502415458938 0.6775956284153005 0.6464646464646465 0.6088709677419355 0.6468085106382979 0.625 0.6225806451612903 0.6700507614213198 0.6298932384341637 0.6219512195121951 0.6266666666666667 0.6348547717842323
X11012310 0.6285714285714286 0.6153846153846154 0.6261127596439169 0.6277602523659306 0.5966386554621849 0.6326530612244898 0.6294964028776978 0.6139240506329114 0.6242603550295858 0.6523605150214592 0.6210191082802548 0.6375404530744336 0.6893939393939394 0.6213235294117647 0.6195652173913043 0.5911602209944752 0.6535714285714286 0.6236559139784946 0.5928853754940712 0.8
X11012610 0.5692771084337349 0.6294416243654822 0.6084507042253521 0.6 0.6299212598425197 0.527027027027027 0.5920245398773006 0.45569620253164556 0.5814696485623003 0.5945945945945946 0.6022099447513812 0.5878787878787879 0.4900662251655629 0.628140703517588 0.6037735849056604 0.6130434782608696 0.5137457044673539 0.5777777777777777 0.4911111111111111 0.6017699115044248
X12013410 0.5626740947075209 0.6080402010050251 0.6101190476190477 0.620253164556962 0.6161616161616161 0.6174698795180723 0.647887323943662 0.6150234741784038 0.6111111111111112 0.4986301369863014 0.5423340961098398 0.6084142394822006 0.6081871345029239 0.5984455958549223 0.6109324758842444 0.5901060070671378 0.6199376947040498 0.5859649122807018 0.604982206405694 0.6225806451612903
X11013310 0.6450511945392492 0.609375 0.601593625498008 0.5125348189415042 0.6712328767123288 0.6193771626297578 0.6099290780141844 0.7169811320754716 0.696969696969697 0.5848375451263538 0.5966386554621849 0.5962732919254659 0.6092307692307692 0.6074074074074074 0.6 0.562200956937799 0.4807162534435262 0.6792452830188679 0.6171003717472119 0.5966666666666667
X12012310 0.6229508196721312 0.6220238095238095 0.6162790697674418 0.6296296296296297 0.6451612903225806 0.6308411214953271 0.5805084745762712 0.628158844765343 0.4670781893004115 0.6208955223880597 0.625 0.6170212765957447 0.6318681318681318 0.5957446808510638 0.4517543859649123 0.6338983050847458 0.49056603773584906 0.33620689655172414 0.5686274509803921 0.6581632653061225
X13002310 0.6072727272727273 0.6029411764705882 0.6473029045643154 0.6099585062240664 0.6687116564417178 0.6387665198237885 0.62890625 0.6525821596244131 0.6103896103896104 0.645320197044335 0.6382252559726962 0.6107142857142858 0.6342592592592593 0.6342592592592593 0.6418918918918919 0.6359649122807017 0.5912698412698413 0.6115942028985507 0.6186440677966102 0.6213991769547325
