X11002301 0.2248062015503876 0.4134366925064599 0.4728682170542636 0.07493540051679587 0.2739018087855297 0.3772609819121447 0.15503875968992248 0.18087855297157623 0.4418604651162791 0.3281653746770026 0.19896640826873385 0.28940568475452194 0.5607235142118863 0.2558139534883721 0.17571059431524547 0.13953488372093023 0.09302325581395349 0.3875968992248062 0.3798449612403101 0.3669250645994832
X11013410 0.35917312661498707 0.43410852713178294 0.8449612403100775 0.42377260981912146 0.7131782945736435 0.40568475452196384 0.48320413436692505 0.36175710594315247 0.40310077519379844 0.1421188630490956 0.4935400516795866 0.4392764857881137 0.5038759689922481 0.37209302325581395 0.5297157622739018 0.4780361757105943 0.46770025839793283 0.4186046511627907 0.4108527131782946 0.07235142118863049
X11002310 0.5297157622739018 0.2868217054263566 0.43410852713178294 0.4780361757105943 0.3798449612403101 0.3333333333333333 0.3359173126614987 0.35658914728682173 0.35917312661498707 0.31266149870801035 0.29457364341085274 0.37209302325581395 0.28165374677002586 0.3178294573643411 0.4780361757105943 0.42377260981912146 0.37467700258397935 0.3979328165374677 0.268733850129199 0.330749354005168
X12013610 0.4625322997416021 0.4496124031007752 0.27648578811369506 0.2842377260981912 0.06976744186046512 0.18087855297157623 0.5684754521963824 0.3953488372093023 0.48320413436692505 0.5426356589147286 0.43410852713178294 0.3979328165374677 0.12403100775193798 0.4289405684754522 0.5348837209302325 0.9715762273901809 0.29198966408268734 0.3023255813953488 0.5503875968992248 0.4599483204134367
X11002310 0.31266149870801035 0.3049095607235142 0.27648578811369506 0.2842377260981912 0.39276485788113696 0.5142118863049095 0.3281653746770026 0.3850129198966408 0.3385012919896641 0.32041343669250644 0.330749354005168 0.39018087855297157 0.39276485788113696 0.3359173126614987 0.49870801033591733 0.34108527131782945 0.4573643410852713 0.3953488372093023 0.3643410852713178 0.3953488372093023
X11012310 0.5116279069767442 0.537467700258398 0.5452196382428941 0.5142118863049095 0.3669250645994832 0.4806201550387597 0.45219638242894056 0.5012919896640827 0.5452196382428941 0.39276485788113696 0.5038759689922481 0.5090439276485789 0.2351421188630491 0.43669250645994834 0.4418604651162791 0.27648578811369506 0.4728682170542636 0.4496124031007752 0.3875968992248062 0.082687338501292
X11012610 0.4883720930232558 0.32041343669250644 0.5581395348837209 0.34108527131782945 0.4134366925064599 0.10077519379844961 0.49870801033591733 0.09302325581395349 0.4702842377260982 0.11369509043927649 0.5633074935400517 0.5012919896640827 0.5736434108527132 0.32299741602067183 0.49612403100775193 0.3643410852713178 0.772609819121447 0.40310077519379844 0.5710594315245479 0.5271317829457365
X12013410 0.5219638242894057 0.31266149870801035 0.5297157622739018 0.3798449612403101 0.4728682170542636 0.5297157622739018 0.23772609819121446 0.3385012919896641 0.5116279069767442 0.9405684754521964 0.6124031007751938 0.48578811369509045 0.537467700258398 0.5968992248062015 0.4909560723514212 0.4315245478036176 0.5142118863049095 0.4315245478036176 0.4392764857881137 0.49870801033591733
X11013310 0.4883720930232558 0.40310077519379844 0.39018087855297157 0.4754521963824289 0.12661498708010335 0.4625322997416021 0.4444444444444444 0.09819121447028424 0.11886304909560723 0.4186046511627907 0.5503875968992248 0.49612403100775193 0.5116279069767442 0.42377260981912146 0.5426356589147286 0.6072351421188631 0.9018087855297158 0.09302325581395349 0.4289405684754522 0.4625322997416021
X12012310 0.4909560723514212 0.5400516795865633 0.5478036175710594 0.5271317829457365 0.15503875968992248 0.3488372093023256 0.35400516795865633 0.4496124031007752 0.58656330749354 0.537467700258398 0.5297157622739018 0.524547803617571 0.2971576227390181 0.5064599483204134 0.5322997416020672 0.48320413436692505 0.06718346253229975 0.10077519379844961 0.37467700258397935 0.3333333333333333
X13002310 0.4315245478036176 0.3178294573643411 0.40310077519379844 0.3798449612403101 0.28165374677002586 0.37467700258397935 0.4160206718346253 0.35917312661498707 0.3643410852713178 0.3385012919896641 0.48320413436692505 0.4418604651162791 0.35400516795865633 0.35400516795865633 0.2454780361757106 0.37467700258397935 0.3850129198966408 0.5452196382428941 0.3772609819121447 0.39018087855297157
