X11002301 87.64890336990356 89.76292943954468 88.87157607078552 88.81120872497559 88.51831102371216 88.59190726280212 88.89259576797485 88.45715093612671 89.04232358932495 88.493008852005 88.38975930213928 88.87267971038818 88.86115455627441 89.2802414894104 89.43800354003906 89.7239921092987 89.08415150642395 89.58377242088318 89.97690343856812 90.52689838409424
X11013410 99.83565998077393 99.62115597724915 100.72068762779236 100.63007640838623 101.50993871688843 100.7893533706665 104.3383367061615 101.82850337028503 102.0302562713623 102.5895209312439 103.04260063171387 102.89190697669983 103.5223217010498 103.22276186943054 103.13218879699707 102.72626376152039 104.36640477180481 103.19057250022888 104.40952348709106 103.91711783409119
X11002310 104.61931562423706 104.9822587966919 104.22848773002625 104.94471979141235 104.94436550140381 104.57217907905579 105.05303359031677 104.99994850158691 105.0242817401886 105.22134065628052 105.46542835235596 105.61281418800354 105.87576508522034 105.70061254501343 106.50586009025574 106.95262908935547 106.44679927825928 106.20840549468994 106.89023518562317 106.26930952072144
X12013610 109.62342023849487 110.77074408531189 110.22004008293152 109.90412640571594 110.63511300086975 110.56581950187683 110.66243553161621 110.38951706886292 110.88802719116211 111.02908515930176 111.47578072547913 111.39723205566406 111.92273139953613 112.11766910552979 111.95797562599182 111.91959261894226 111.35275053977966 111.9864399433136 111.6986436843872 111.43537783622742
X11002310 110.92590069770813 110.7842698097229 110.18472218513489 110.27878761291504 111.0637891292572 110.45006966590881 111.59432673454285 111.76761150360107 111.64547967910767 112.32113671302795 112.32171273231506 112.15820670127869 112.6390290260315 113.11423635482788 112.50412440299988 113.11736679077148 113.85277152061462 114.08723664283752 114.10676550865173 113.85388684272766
X11012310 112.7294762134552 111.73910164833069 113.28418397903442 111.89183592796326 113.10634994506836 112.85829424858093 114.17261266708374 113.589604139328 113.44602036476135 113.60977482795715 113.87866067886353 113.25264072418213 114.86634612083435 113.91837310791016 115.23060464859009 113.97298264503479 115.29188966751099 114.27874064445496 115.90606188774109 115.17892718315125
X11012610 116.36189532279968 115.92409420013428 118.02827215194702 118.52369284629822 120.35027694702148 119.17154932022095 121.36101531982422 121.11764407157898 123.38993048667908 123.94911217689514 125.61982107162476 126.49801731109619 127.00911974906921 127.92973685264587 128.7541286945343 129.86784482002258 129.7206473350525 131.41203665733337 131.4268536567688 131.59741163253784
X12013410 142.52408289909363 143.0601670742035 142.60323190689087 145.92043495178223 145.64818167686462 146.9529857635498 146.26657128334045 147.5667064189911 149.36903834342957 149.14980363845825 149.87932109832764 150.60976767539978 151.76364874839783 152.47379970550537 151.02918791770935 153.6228461265564 153.47126293182373 155.23661732673645 155.08570337295532 154.26964616775513
X11013310 153.7328450679779 156.46821904182434 157.91401767730713 156.00093913078308 154.96110916137695 154.03632879257202 153.98051738739014 153.1840524673462 155.41020846366882 154.3593680858612 153.35245823860168 153.8743462562561 153.0419054031372 152.10181331634521 154.660715341568 153.41472506523132 156.27062320709229 153.96018052101135 156.33405542373657 155.51721501350403
X12012310 160.10134863853455 160.23026084899902 160.2058367729187 157.8230631351471 161.2932620048523 161.97233080863953 160.89756774902344 161.46552515029907 161.8860034942627 162.44702625274658 162.78945922851562 162.99220180511475 163.81410455703735 163.78620290756226 163.9298551082611 166.4680140018463 166.15245985984802 166.79014921188354 166.50466394424438 167.42844891548157
X13002310 169.15296578407288 169.0417230129242 169.83143019676208 166.9561173915863 163.81635236740112 164.888897895813 165.58722615242004 166.45644879341125 168.1295292377472 168.29911875724792 166.22045969963074 167.61116194725037 168.5261402130127 168.5398497581482 170.08587288856506 169.7485408782959 169.9796690940857 170.02193808555603 173.91638135910034 172.62944436073303
