X13012310 0.06 0.15217391304347827 0.13380281690140847 0.05907172995780591 0.14285714285714288 0.035928143712574856 0.2898550724637682 0.15217391304347827 0.18410041841004182 0.15217391304347827 0.15217391304347827 0.031088082901554404 0.15217391304347827 0.15217391304347827 0.12639405204460966 0.14035087719298245 0.1532258064516129 0.15217391304347827 0.15217391304347827 0.14534883720930233
X12013310 0.25 0.046511627906976744 0.19548872180451127 0.23076923076923078 0.16666666666666666 0.1983471074380165 0.27868852459016397 0.13545816733067728 0.12297734627831716 0.3283582089552239 0.2111111111111111 0.12680115273775214 0.22727272727272724 0.06130268199233716 0.12844036697247704 0.16961130742049468 0.21052631578947367 0.2647058823529412 0.1553398058252427 0.21739130434782608
X13012410 0.3404255319148936 0.2 0.29370629370629364 0.15217391304347827 0.15217391304347827 0.15217391304347827 0.2191780821917808 0.17600000000000002 0.25365853658536586 0.24561403508771926 0.15217391304347827 0.2738095238095238 0.15217391304347827 0.14713896457765666 0.07659574468085105 0.15217391304347827 0.15217391304347827 0.15217391304347827 0.2383419689119171 0.20833333333333337
X13013610 0.23204419889502764 0.15217391304347827 0.24675324675324672 0.23357664233576644 0.27472527472527475 0.25742574257425743 0.21428571428571427 0.15217391304347827 0.25757575757575757 0.23611111111111108 0.1337579617834395 0.24561403508771926 0.19112627986348124 0.2212765957446809 0.15217391304347827 0.2122905027932961 0.1826923076923077 0.1933085501858736 0.04780876494023905 0.15217391304347827
X12012310 0.15217391304347827 0.15217391304347827 0.15217391304347827 0.09929078014184398 0.14678899082568808 0.15217391304347827 0.15217391304347827 0.15217391304347827 0.17993079584775085 0.15217391304347827 0.22641509433962262 0.22026431718061676 0.3089430894308944 0.2242152466367713 0.12598425196850394 0.3194444444444445 0.3055555555555555 0.15217391304347827 0.15217391304347827 0.19847328244274806
X13013510 0.14492753623188406 0.13445378151260504 0.11643835616438357 0.28025477707006374 0.25 0.15217391304347827 0.21800947867298576 0.23280423280423282 0.20849420849420847 0.14285714285714285 0.1917808219178082 0.31578947368421056 0.21774193548387097 0.2765957446808511 0.19354838709677416 0.20512820512820515 0.15217391304347827 0.15217391304347827 0.1727272727272727 0.32558139534883723
X11012610 0.12048192771084339 0.21890547263681592 0.16730038022813687 0.1519756838905775 0.27338129496402874 0.22727272727272727 0.2111111111111111 0.24203821656050956 0.3478260869565217 0.15217391304347827 0.3089430894308944 0.19130434782608696 0.15217391304347827 0.19913419913419916 0.21782178217821782 0.169811320754717 0.15217391304347827 0.29230769230769227 0.14925373134328357 0.08035714285714286
X13012710 0.23529411764705882 0.15217391304347827 0.15217391304347827 0.12941176470588237 0.2048780487804878 0.15217391304347827 0.18867924528301885 0.15217391304347827 0.15217391304347827 0.15217391304347827 0.15217391304347827 0.2142857142857143 0.15217391304347827 0.2424242424242424 0.15217391304347827 0.15217391304347827 0.15217391304347827 0.27692307692307694 0.2732919254658385 0.23170731707317077
X12013410 0.3064516129032258 0.24731182795698925 0.15300546448087432 0.3298969072164948 0.15277777777777776 0.29230769230769227 0.3025210084033613 0.28301886792452835 0.27272727272727276 0.15426997245179064 0.16037735849056603 0.2784810126582279 0.291970802919708 0.12720848056537104 0.15060240963855423 0.22727272727272724 0.2631578947368421 0.15217391304347827 0.18439716312056736 0.1702127659574468
X12012610 0.17857142857142858 0.15300546448087432 0.15217391304347827 0.0989010989010989 0.22641509433962267 0.2 0.15217391304347827 0.11869436201780414 0.11904761904761903 0.12994350282485875 0.1359773371104816 0.23376623376623376 0.23300970873786406 0.0782918149466192 0.21524663677130046 0.132183908045977 0.15217391304347827 0.15217391304347827 0.15217391304347827 0.23414634146341465
X12013610 0.09638554216867469 0.19753086419753085 0.2631578947368421 0.2748091603053435 0.12979351032448377 0.24161073825503354 0.3007518796992481 0.25396825396825395 0.25563909774436094 0.21052631578947367 0.26666666666666666 0.2702702702702703 0.29230769230769227 0.272108843537415 0.25806451612903225 0.14814814814814817 0.15217391304347827 0.2569832402234637 0.1810699588477366 0.2285714285714286
X13013310 0.15217391304347827 0.1525885558583106 0.1809045226130653 0.13559322033898305 0.16161616161616163 0.10591900311526481 0.13559322033898305 0.1965811965811966 0.08849557522123895 0.15217391304347827 0.13545816733067728 0.21818181818181817 0.19920318725099603 0.15217391304347827 0.21138211382113825 0.29059829059829057 0.2857142857142857 0.2584269662921348 0.12903225806451613 0.23863636363636362
X12013710 0.15217391304347827 0.18897637795275588 0.15217391304347827 0.29931972789115646 0.20155038759689922 0.21582733812949642 0.171875 0.2222222222222222 0.2857142857142857 0.15217391304347827 0.2573099415204678 0.2584269662921348 0.17100371747211893 0.24858757062146894 0.15384615384615385 0.1957446808510638 0.18623481781376516 0.21782178217821782 0.17647058823529416 0.27499999999999997
X12013510 0.24999999999999997 0.15217391304347827 0.18957345971563982 0.2048780487804878 0.22516556291390727 0.24691358024691357 0.2781456953642384 0.1606425702811245 0.15584415584415584 0.23391812865497075 0.2514285714285714 0.15217391304347827 0.26881720430107525 0.2465753424657534 0.2787878787878788 0.2774566473988439 0.27692307692307694 0.11336032388663968 0.09929078014184396 0.049180327868852465
X11013511 0.19285714285714284 0.0 0.06498194945848375 0.2588235294117647 0.0 0.0 0.28776978417266186 0.3185840707964602 0.18884120171673818 0.16501650165016504 0.0 0.20253164556962025 0.09433962264150943 0.0 0.17006802721088435 0.22123893805309736 0.11965811965811966 0.12 0.06306306306306306 0.0
X11013610 0.08264462809917354 0.17391304347826084 0.17490494296577946 0.2372881355932203 0.17757009345794394 0.22222222222222227 0.16666666666666666 0.128 0.2359550561797753 0.2962962962962963 0.1324503311258278 0.20606060606060606 0.24 0.2714285714285714 0.24137931034482754 0.20454545454545456 0.19607843137254902 0.2366863905325444 0.18726591760299624 0.22485207100591717
X12012410 0.06557377049180328 0.17886178861788618 0.15217391304347827 0.0625 0.12352941176470589 0.15217391304347827 0.15217391304347827 0.19491525423728812 0.15217391304347827 0.1320754716981132 0.22429906542056074 0.13872832369942195 0.15217391304347827 0.08873720136518773 0.1829268292682927 0.15217391304347827 0.24705882352941175 0.15217391304347827 0.21839080459770116 0.0975609756097561
X12012710 0.22950819672131148 0.12080536912751677 0.25136612021857924 0.23762376237623764 0.20512820512820512 0.25757575757575757 0.2537313432835821 0.08620689655172414 0.18050541516245489 0.15217391304347827 0.15217391304347827 0.15217391304347827 0.15217391304347827 0.25263157894736843 0.15217391304347827 0.23589743589743592 0.2007722007722008 0.14243323442136496 0.14371257485029942 0.18909090909090906
X12012510 0.15217391304347827 0.26666666666666666 0.10909090909090909 0.2857142857142857 0.2236024844720497 0.2653061224489796 0.15217391304347827 0.23863636363636362 0.15217391304347827 0.24444444444444444 0.08823529411764706 0.23115577889447234 0.15217391304347827 0.15217391304347827 0.11111111111111112 0.19011406844106463 0.22666666666666666 0.1592356687898089 0.1328125 0.2957746478873239
X11012410 0.15789473684210523 0.14652014652014653 0.07567567567567568 0.1489971346704871 0.1448467966573816 0.059880239520958084 0.0 0.12658227848101264 0.15887850467289721 0.12962962962962962 0.1810699588477366 0.13461538461538464 0.1699346405228758 0.15217391304347827 0.14285714285714285 0.14652014652014653 0.15217391304347827 0.1716738197424893 0.23414634146341465 0.132013201320132
X11002311 0.06451612903225806 0.0 0.03508771929824562 0.0 0.05555555555555556 0.0 0.05555555555555556 0.0 0.10256410256410255 0.0 0.058823529411764705 0.0 0.0 0.12698412698412698 0.0 0.0425531914893617 0.0 0.14285714285714285 0.058823529411764705 0.0
X11012310 0.15217391304347827 0.05607476635514019 0.19455252918287938 0.18410041841004182 0.1912350597609562 0.08583690987124465 0.2222222222222222 0.0896551724137931 0.13043478260869565 0.23913043478260868 0.2528735632183908 0.15217391304347827 0.061224489795918366 0.23958333333333337 0.22748815165876776 0.251497005988024 0.3551401869158879 0.23952095808383234 0.10619469026548672 0.11842105263157895
X11013310 0.09523809523809523 0.3 0.12413793103448277 0.23255813953488375 0.2945736434108527 0.13445378151260504 0.15609756097560976 0.24999999999999997 0.10434782608695652 0.25157232704402516 0.12500000000000003 0.3185840707964602 0.23076923076923078 0.3333333333333333 0.20652173913043476 0.27710843373493976 0.12682926829268293 0.27472527472527475 0.2676056338028169 0.22857142857142856
X11012510 0.07079646017699116 0.17475728155339804 0.14946619217081852 0.056338028169014086 0.108843537414966 0.08695652173913043 0.31666666666666665 0.2628571428571429 0.13907284768211922 0.31666666666666665 0.1607717041800643 0.17747440273037546 0.15333333333333335 0.25414364640883974 0.3076923076923077 0.12676056338028172 0.29230769230769227 0.24083769633507854 0.26993865030674846 0.14525139664804468
X11013510 0.18110236220472442 0.1990950226244344 0.20618556701030924 0.20987654320987653 0.15625 0.22641509433962267 0.25000000000000006 0.2236842105263158 0.2828282828282828 0.1652892561983471 0.24999999999999997 0.13496932515337423 0.27419354838709675 0.16513761467889906 0.26666666666666666 0.2714285714285714 0.27672955974842767 0.1411764705882353 0.18181818181818182 0.1423948220064725
X11013410 0.24999999999999997 0.24050632911392406 0.237037037037037 0.24999999999999997 0.15527950310559005 0.2435897435897436 0.2528735632183908 0.18699186991869918 0.15217391304347827 0.32258064516129037 0.21904761904761902 0.23645320197044337 0.14285714285714285 0.15217391304347827 0.18604651162790697 0.23841059602649006 0.08 0.23391812865497075 0.23913043478260868 0.2446043165467626
X11002310 0.22222222222222224 0.26315789473684215 0.0967741935483871 0.0 0.2777777777777778 0.21276595744680848 0.32142857142857145 0.21999999999999997 0.2278481012658228 0.2857142857142857 0.19047619047619047 0.05714285714285715 0.06060606060606061 0.05 0.16901408450704225 0.23333333333333334 0.18823529411764706 0.21428571428571427 0.2601626016260163 0.2718446601941748
X11002301 0.0 0.0 0.0 0.0 0.0 0.0 0.058823529411764705 0.0 0.0 0.0 0.0 0.0 0.0 0.12121212121212122 0.0 0.0 0.0 0.0 0.0 0.0
X13002310 0.2696629213483146 0.2376237623762376 0.2469135802469136 0.0 0.271604938271605 0.2 0.26506024096385544 0.23076923076923075 0.09302325581395349 0.25806451612903225 0.19417475728155337 0.2823529411764706 0.24489795918367346 0.2380952380952381 0.1923076923076923 0.15873015873015875 0.2318840579710145 0.22727272727272724 0.2153846153846154 0.23076923076923075
