X13012310 0.03488372093023256 0.08235294117647059 0.07421875 0.03349282296650718 0.07738095238095238 0.02158273381294964 0.18181818181818182 0.08235294117647059 0.10426540284360189 0.08235294117647059 0.08235294117647059 0.01818181818181818 0.08235294117647059 0.08235294117647059 0.07053941908713693 0.07643312101910828 0.08636363636363636 0.08235294117647059 0.08235294117647059 0.07911392405063292
X12013310 0.15151515151515152 0.06666666666666667 0.1092436974789916 0.140625 0.09574468085106383 0.11214953271028037 0.18085106382978725 0.07623318385650224 0.06761565836298933 0.20754716981132076 0.125 0.06896551724137931 0.16666666666666666 0.034334763948497854 0.07023411371237458 0.09411764705882353 0.12154696132596685 0.16666666666666666 0.0898876404494382 0.1282051282051282
X13012410 0.24242424242424243 0.11261261261261261 0.1826086956521739 0.08235294117647059 0.08235294117647059 0.08235294117647059 0.13559322033898305 0.1134020618556701 0.14689265536723164 0.14685314685314685 0.08235294117647059 0.16428571428571428 0.08235294117647059 0.07964601769911504 0.043478260869565216 0.08235294117647059 0.08235294117647059 0.08235294117647059 0.1393939393939394 0.1179245283018868
X13013610 0.13725490196078433 0.08235294117647059 0.15079365079365079 0.14678899082568808 0.16233766233766234 0.1780821917808219 0.12244897959183673 0.08235294117647059 0.16346153846153846 0.14655172413793102 0.07342657342657342 0.14685314685314685 0.10566037735849057 0.12560386473429952 0.08235294117647059 0.12582781456953643 0.10555555555555556 0.1078838174273859 0.026905829596412557 0.08235294117647059
X12012310 0.08235294117647059 0.08235294117647059 0.08235294117647059 0.061946902654867256 0.0802675585284281 0.08235294117647059 0.08235294117647059 0.08235294117647059 0.09961685823754789 0.08235294117647059 0.13043478260869565 0.12562814070351758 0.2 0.1282051282051282 0.08080808080808081 0.19827586206896552 0.1896551724137931 0.08235294117647059 0.08235294117647059 0.1111111111111111
X13013510 0.07886435331230283 0.0729483282674772 0.06439393939393939 0.17054263565891473 0.14864864864864866 0.08235294117647059 0.12568306010928962 0.13664596273291926 0.11688311688311688 0.07763975155279502 0.1099476439790576 0.2 0.12272727272727273 0.19696969696969696 0.11811023622047244 0.1348314606741573 0.08235294117647059 0.08235294117647059 0.09895833333333333 0.2079207920792079
X11012610 0.09090909090909091 0.12716763005780346 0.09361702127659574 0.08305647840531562 0.17117117117117117 0.13513513513513514 0.125 0.14728682170542637 0.22988505747126436 0.08235294117647059 0.2 0.12643678160919541 0.08235294117647059 0.11330049261083744 0.12643678160919541 0.11538461538461539 0.08235294117647059 0.18627450980392157 0.08143322475570032 0.04591836734693878
X13012710 0.14084507042253522 0.08235294117647059 0.08235294117647059 0.07051282051282051 0.11864406779661017 0.08235294117647059 0.10869565217391304 0.08235294117647059 0.08235294117647059 0.08235294117647059 0.08235294117647059 0.12053571428571429 0.08235294117647059 0.1411764705882353 0.08235294117647059 0.08235294117647059 0.08235294117647059 0.17647058823529413 0.16541353383458646 0.13970588235294118
X12013410 0.19791666666666666 0.14556962025316456 0.08284023668639054 0.2318840579710145 0.08461538461538462 0.18627450980392157 0.1978021978021978 0.19230769230769232 0.2 0.08358208955223881 0.09239130434782608 0.16923076923076924 0.1834862385321101 0.07058823529411765 0.08223684210526316 0.16666666666666666 0.16129032258064516 0.08235294117647059 0.11504424778761062 0.21052631578947367
X12012610 0.10714285714285714 0.08284023668639054 0.08235294117647059 0.05844155844155844 0.13740458015267176 0.16666666666666666 0.08235294117647059 0.06472491909385113 0.06493506493506493 0.0705521472392638 0.07384615384615385 0.14285714285714285 0.1348314606741573 0.043478260869565216 0.12307692307692308 0.071875 0.08235294117647059 0.08235294117647059 0.08235294117647059 0.13559322033898305
X12013610 0.057971014492753624 0.11940298507462686 0.16129032258064516 0.17475728155339806 0.0707395498392283 0.1487603305785124 0.19047619047619047 0.14906832298136646 0.1619047619047619 0.1258741258741259 0.16393442622950818 0.16666666666666666 0.18627450980392157 0.16806722689075632 0.15748031496062992 0.08108108108108109 0.08235294117647059 0.152317880794702 0.10232558139534884 0.14285714285714285
X13013310 0.08235294117647059 0.08259587020648967 0.10526315789473684 0.0736196319018405 0.08921933085501858 0.05802047781569966 0.0749063670411985 0.11165048543689321 0.058823529411764705 0.08235294117647059 0.07623318385650224 0.125 0.11210762331838565 0.08235294117647059 0.1368421052631579 0.19101123595505617 0.18095238095238095 0.15333333333333332 0.07171314741035857 0.14189189189189189
X12013710 0.08235294117647059 0.10619469026548672 0.08235294117647059 0.18487394957983194 0.11304347826086956 0.13513513513513514 0.09649122807017543 0.12690355329949238 0.17142857142857143 0.08235294117647059 0.15384615384615385 0.15333333333333332 0.0954356846473029 0.1476510067114094 0.08333333333333333 0.1111111111111111 0.1050228310502283 0.12643678160919541 0.1 0.16666666666666666
X12013510 0.15 0.08235294117647059 0.1092896174863388 0.11864406779661017 0.13821138211382114 0.14925373134328357 0.17073170731707318 0.09049773755656108 0.08571428571428572 0.13986013986013987 0.14965986394557823 0.08235294117647059 0.15822784810126583 0.15254237288135594 0.1678832116788321 0.16551724137931034 0.17647058823529413 0.0639269406392694 0.05511811023622047 0.027777777777777776
X11013511 0.10714285714285714 0.0 0.03614457831325301 0.15492957746478872 0.0 0.0 0.18018018018018017 0.21176470588235294 0.1073170731707317 0.09090909090909091 0.0 0.11483253588516747 0.0641025641025641 0.0 0.09398496240601503 0.12626262626262627 0.07865168539325842 0.06976744186046512 0.03608247422680412 0.0
X11013610 0.04672897196261682 0.11494252873563218 0.09787234042553192 0.14093959731543623 0.10215053763440861 0.12941176470588237 0.09375 0.07207207207207207 0.14 0.18691588785046728 0.072992700729927 0.12408759124087591 0.15463917525773196 0.16964285714285715 0.14383561643835616 0.15 0.11363636363636363 0.14184397163120568 0.10460251046025104 0.1347517730496454
X12012410 0.037037037037037035 0.10091743119266056 0.08235294117647059 0.04411764705882353 0.0673076923076923 0.08235294117647059 0.08235294117647059 0.11057692307692307 0.08235294117647059 0.07608695652173914 0.12903225806451613 0.07547169811320754 0.08235294117647059 0.04905660377358491 0.11029411764705882 0.08235294117647059 0.14788732394366197 0.08235294117647059 0.13013698630136986 0.05333333333333334
X12012710 0.13548387096774195 0.0743801652892562 0.14838709677419354 0.13793103448275862 0.16 0.16346153846153846 0.16037735849056603 0.049019607843137254 0.10040160642570281 0.08235294117647059 0.08235294117647059 0.08235294117647059 0.08235294117647059 0.14814814814814814 0.08235294117647059 0.1377245508982036 0.11255411255411256 0.07766990291262135 0.08633093525179857 0.10526315789473684
X12012510 0.08235294117647059 0.16822429906542055 0.059602649006622516 0.1746031746031746 0.13533834586466165 0.18571428571428572 0.08235294117647059 0.14189189189189189 0.08235294117647059 0.14473684210526316 0.05113636363636364 0.13450292397660818 0.08235294117647059 0.08235294117647059 0.06153846153846154 0.10638297872340426 0.13934426229508196 0.08741258741258741 0.07456140350877193 0.18421052631578946
X11012410 0.08695652173913043 0.08163265306122448 0.044585987261146494 0.08099688473520249 0.07854984894259819 0.03597122302158273 0.0 0.09803921568627451 0.0913978494623656 0.07094594594594594 0.10232558139534884 0.07777777777777778 0.09352517985611511 0.08235294117647059 0.07857142857142857 0.08163265306122448 0.08235294117647059 0.0975609756097561 0.13559322033898305 0.07272727272727272
X11002311 0.3333333333333333 0.0 0.034482758620689655 0.0 0.125 0.0 0.125 0.0 0.18181818181818182 0.0 0.16666666666666666 0.0 0.0 0.11428571428571428 0.0 0.05263157894736842 0.0 0.11904761904761904 0.16666666666666666 0.0
X11012310 0.08235294117647059 0.0379746835443038 0.1091703056768559 0.10426540284360189 0.10762331838565023 0.04878048780487805 0.1276595744680851 0.04961832061068702 0.07142857142857142 0.14102564102564102 0.1506849315068493 0.08235294117647059 0.04285714285714286 0.1402439024390244 0.13114754098360656 0.1510791366906475 0.24050632911392406 0.14388489208633093 0.06060606060606061 0.06521739130434782
X11013310 0.07142857142857142 0.23076923076923078 0.06870229007633588 0.13368983957219252 0.18811881188118812 0.0729483282674772 0.0903954802259887 0.15 0.06896551724137931 0.15267175572519084 0.07758620689655173 0.21176470588235294 0.140625 0.22093023255813954 0.12179487179487179 0.16666666666666666 0.07344632768361582 0.16233766233766234 0.16666666666666666 0.15584415584415584
X11012510 0.04040404040404041 0.10112359550561797 0.08300395256916997 0.03508771929824561 0.06015037593984962 0.0625 0.20652173913043478 0.1564625850340136 0.07664233576642336 0.20652173913043478 0.08833922261484099 0.09811320754716982 0.08455882352941177 0.1503267973856209 0.19607843137254902 0.07894736842105263 0.18627450980392157 0.1411042944785276 0.16296296296296298 0.07878787878787878
X11013510 0.10176991150442478 0.11398963730569948 0.12048192771084337 0.12686567164179105 0.08561643835616438 0.15384615384615385 0.16304347826086957 0.13709677419354838 0.19718309859154928 0.10752688172043011 0.15 0.08148148148148149 0.17708333333333334 0.0903010033444816 0.17391304347826086 0.16964285714285715 0.16793893129770993 0.10526315789473684 0.12195121951219512 0.07829181494661921
X11013410 0.15 0.14615384615384616 0.14953271028037382 0.15 0.08503401360544217 0.1484375 0.1506849315068493 0.10550458715596331 0.08235294117647059 0.23076923076923078 0.12637362637362637 0.13714285714285715 0.08241758241758242 0.08235294117647059 0.1111111111111111 0.14634146341463414 0.04504504504504504 0.13986013986013987 0.14102564102564102 0.15315315315315314
X11002310 0.15492957746478872 0.1744186046511628 0.08823529411764706 0.0 0.22727272727272727 0.15151515151515152 0.21428571428571427 0.1527777777777778 0.17647058823529413 0.21428571428571427 0.14285714285714285 0.14285714285714285 0.2 0.08333333333333333 0.13953488372093023 0.15217391304347827 0.14035087719298245 0.14285714285714285 0.16842105263157894 0.18666666666666668
X11002301 0.0 0.0 0.0 0.0 0.0 0.0 0.16666666666666666 0.0 0.0 0.0 0.0 0.0 0.0 0.4 0.0 0.0 0.0 0.0 0.0 0.0
X13002310 0.19672131147540983 0.1643835616438356 0.18867924528301888 0.0 0.20754716981132076 0.16666666666666666 0.2 0.18 0.13333333333333333 0.18461538461538463 0.13333333333333333 0.21052631578947367 0.17142857142857143 0.17857142857142858 0.20833333333333334 0.14285714285714285 0.1951219512195122 0.16666666666666666 0.1891891891891892 0.18
