X13012310 0.21428571428571427 1.0 0.6785714285714286 0.25 0.9285714285714286 0.10714285714285714 0.7142857142857143 1.0 0.7857142857142857 1.0 1.0 0.10714285714285714 1.0 1.0 0.6071428571428571 0.8571428571428571 0.6785714285714286 1.0 1.0 0.8928571428571429
X12013310 0.7142857142857143 0.03571428571428571 0.9285714285714286 0.6428571428571429 0.6428571428571429 0.8571428571428571 0.6071428571428571 0.6071428571428571 0.6785714285714286 0.7857142857142857 0.6785714285714286 0.7857142857142857 0.35714285714285715 0.2857142857142857 0.75 0.8571428571428571 0.7857142857142857 0.6428571428571429 0.5714285714285714 0.7142857142857143
X13012410 0.5714285714285714 0.8928571428571429 0.75 1.0 1.0 1.0 0.5714285714285714 0.39285714285714285 0.9285714285714286 0.75 1.0 0.8214285714285714 1.0 0.9642857142857143 0.32142857142857145 1.0 1.0 1.0 0.8214285714285714 0.8928571428571429
X13013610 0.75 1.0 0.6785714285714286 0.5714285714285714 0.8928571428571429 0.4642857142857143 0.8571428571428571 1.0 0.6071428571428571 0.6071428571428571 0.75 0.75 1.0 0.9285714285714286 1.0 0.6785714285714286 0.6785714285714286 0.9285714285714286 0.21428571428571427 1.0
X12012310 1.0 1.0 1.0 0.25 0.8571428571428571 1.0 1.0 1.0 0.9285714285714286 1.0 0.8571428571428571 0.8928571428571429 0.6785714285714286 0.8928571428571429 0.2857142857142857 0.8214285714285714 0.7857142857142857 1.0 1.0 0.9285714285714286
X13013510 0.8928571428571429 0.8571428571428571 0.6071428571428571 0.7857142857142857 0.7857142857142857 1.0 0.8214285714285714 0.7857142857142857 0.9642857142857143 0.8928571428571429 0.75 0.75 0.9642857142857143 0.4642857142857143 0.5357142857142857 0.42857142857142855 1.0 1.0 0.6785714285714286 0.75
X11012610 0.17857142857142858 0.7857142857142857 0.7857142857142857 0.8928571428571429 0.6785714285714286 0.7142857142857143 0.6785714285714286 0.6785714285714286 0.7142857142857143 1.0 0.6785714285714286 0.39285714285714285 1.0 0.8214285714285714 0.7857142857142857 0.32142857142857145 1.0 0.6785714285714286 0.8928571428571429 0.32142857142857145
X13012710 0.7142857142857143 1.0 1.0 0.7857142857142857 0.75 1.0 0.7142857142857143 1.0 1.0 1.0 1.0 0.9642857142857143 1.0 0.8571428571428571 1.0 1.0 1.0 0.6428571428571429 0.7857142857142857 0.6785714285714286
X12013410 0.6785714285714286 0.8214285714285714 1.0 0.5714285714285714 0.7857142857142857 0.6785714285714286 0.6428571428571429 0.5357142857142857 0.42857142857142855 1.0 0.6071428571428571 0.7857142857142857 0.7142857142857143 0.6428571428571429 0.8928571428571429 0.35714285714285715 0.7142857142857143 1.0 0.4642857142857143 0.14285714285714285
X12012610 0.5357142857142857 1.0 1.0 0.32142857142857145 0.6428571428571429 0.25 1.0 0.7142857142857143 0.7142857142857143 0.8214285714285714 0.8571428571428571 0.6428571428571429 0.8571428571428571 0.39285714285714285 0.8571428571428571 0.8214285714285714 1.0 1.0 1.0 0.8571428571428571
X12013610 0.2857142857142857 0.5714285714285714 0.7142857142857143 0.6428571428571429 0.7857142857142857 0.6428571428571429 0.7142857142857143 0.8571428571428571 0.6071428571428571 0.6428571428571429 0.7142857142857143 0.7142857142857143 0.6785714285714286 0.7142857142857143 0.7142857142857143 0.8571428571428571 1.0 0.8214285714285714 0.7857142857142857 0.5714285714285714
X13013310 1.0 1.0 0.6428571428571429 0.8571428571428571 0.8571428571428571 0.6071428571428571 0.7142857142857143 0.8214285714285714 0.17857142857142858 1.0 0.6071428571428571 0.8571428571428571 0.8928571428571429 1.0 0.4642857142857143 0.6071428571428571 0.6785714285714286 0.8214285714285714 0.6428571428571429 0.75
X12013710 1.0 0.8571428571428571 1.0 0.7857142857142857 0.9285714285714286 0.5357142857142857 0.7857142857142857 0.8928571428571429 0.8571428571428571 1.0 0.7857142857142857 0.8214285714285714 0.8214285714285714 0.7857142857142857 1.0 0.8214285714285714 0.8214285714285714 0.7857142857142857 0.75 0.7857142857142857
X12013510 0.75 1.0 0.7142857142857143 0.75 0.6071428571428571 0.7142857142857143 0.75 0.7142857142857143 0.8571428571428571 0.7142857142857143 0.7857142857142857 1.0 0.8928571428571429 0.6428571428571429 0.8214285714285714 0.8571428571428571 0.6428571428571429 0.5 0.5 0.21428571428571427
X11013511 0.9642857142857143 0.0 0.32142857142857145 0.7857142857142857 0.0 0.0 0.7142857142857143 0.6428571428571429 0.7857142857142857 0.8928571428571429 0.0 0.8571428571428571 0.17857142857142858 0.0 0.8928571428571429 0.8928571428571429 0.25 0.42857142857142855 0.25 0.0
X11013610 0.35714285714285715 0.35714285714285715 0.8214285714285714 0.75 0.6785714285714286 0.7857142857142857 0.75 0.5714285714285714 0.75 0.7142857142857143 0.7142857142857143 0.6071428571428571 0.5357142857142857 0.6785714285714286 0.75 0.32142857142857145 0.7142857142857143 0.7142857142857143 0.8928571428571429 0.6785714285714286
X12012410 0.2857142857142857 0.7857142857142857 1.0 0.10714285714285714 0.75 1.0 1.0 0.8214285714285714 1.0 0.5 0.8571428571428571 0.8571428571428571 1.0 0.4642857142857143 0.5357142857142857 1.0 0.75 1.0 0.6785714285714286 0.5714285714285714
X12012710 0.75 0.32142857142857145 0.8214285714285714 0.8571428571428571 0.2857142857142857 0.6071428571428571 0.6071428571428571 0.35714285714285715 0.8928571428571429 1.0 1.0 1.0 1.0 0.8571428571428571 1.0 0.8214285714285714 0.9285714285714286 0.8571428571428571 0.42857142857142855 0.9285714285714286
X12012510 1.0 0.6428571428571429 0.6428571428571429 0.7857142857142857 0.6428571428571429 0.4642857142857143 1.0 0.75 1.0 0.7857142857142857 0.32142857142857145 0.8214285714285714 1.0 1.0 0.5714285714285714 0.8928571428571429 0.6071428571428571 0.8928571428571429 0.6071428571428571 0.75
X11012410 0.8571428571428571 0.7142857142857143 0.25 0.9285714285714286 0.9285714285714286 0.17857142857142858 0.0 0.17857142857142858 0.6071428571428571 0.75 0.7857142857142857 0.5 0.9285714285714286 1.0 0.7857142857142857 0.7142857142857143 1.0 0.7142857142857143 0.8571428571428571 0.7142857142857143
X11002311 0.03571428571428571 0.0 0.03571428571428571 0.0 0.03571428571428571 0.0 0.03571428571428571 0.0 0.07142857142857142 0.0 0.03571428571428571 0.0 0.0 0.14285714285714285 0.0 0.03571428571428571 0.0 0.17857142857142858 0.03571428571428571 0.0
X11012310 1.0 0.10714285714285714 0.8928571428571429 0.7857142857142857 0.8571428571428571 0.35714285714285715 0.8571428571428571 0.4642857142857143 0.75 0.7857142857142857 0.7857142857142857 1.0 0.10714285714285714 0.8214285714285714 0.8571428571428571 0.75 0.6785714285714286 0.7142857142857143 0.42857142857142855 0.6428571428571429
X11013310 0.14285714285714285 0.42857142857142855 0.6428571428571429 0.8928571428571429 0.6785714285714286 0.8571428571428571 0.5714285714285714 0.75 0.21428571428571427 0.7142857142857143 0.32142857142857145 0.6428571428571429 0.6428571428571429 0.6785714285714286 0.6785714285714286 0.8214285714285714 0.4642857142857143 0.8928571428571429 0.6785714285714286 0.42857142857142855
X11012510 0.2857142857142857 0.6428571428571429 0.75 0.14285714285714285 0.5714285714285714 0.14285714285714285 0.6785714285714286 0.8214285714285714 0.75 0.6785714285714286 0.8928571428571429 0.9285714285714286 0.8214285714285714 0.8214285714285714 0.7142857142857143 0.32142857142857145 0.6785714285714286 0.8214285714285714 0.7857142857142857 0.9285714285714286
X11013510 0.8214285714285714 0.7857142857142857 0.7142857142857143 0.6071428571428571 0.8928571428571429 0.42857142857142855 0.5357142857142857 0.6071428571428571 0.5 0.35714285714285715 0.75 0.39285714285714285 0.6071428571428571 0.9642857142857143 0.5714285714285714 0.6785714285714286 0.7857142857142857 0.21428571428571427 0.35714285714285715 0.7857142857142857
X11013410 0.75 0.6785714285714286 0.5714285714285714 0.75 0.8928571428571429 0.6785714285714286 0.7857142857142857 0.8214285714285714 1.0 0.5357142857142857 0.8214285714285714 0.8571428571428571 0.5357142857142857 1.0 0.5714285714285714 0.6428571428571429 0.35714285714285715 0.7142857142857143 0.7857142857142857 0.6071428571428571
X11002310 0.39285714285714285 0.5357142857142857 0.10714285714285714 0.0 0.35714285714285715 0.35714285714285715 0.6428571428571429 0.39285714285714285 0.32142857142857145 0.42857142857142855 0.2857142857142857 0.03571428571428571 0.03571428571428571 0.03571428571428571 0.21428571428571427 0.5 0.2857142857142857 0.42857142857142855 0.5714285714285714 0.5
X11002301 0.0 0.0 0.0 0.0 0.0 0.0 0.03571428571428571 0.0 0.0 0.0 0.0 0.0 0.0 0.07142857142857142 0.0 0.0 0.0 0.0 0.0 0.0
X13002310 0.42857142857142855 0.42857142857142855 0.35714285714285715 0.0 0.39285714285714285 0.25 0.39285714285714285 0.32142857142857145 0.07142857142857142 0.42857142857142855 0.35714285714285715 0.42857142857142855 0.42857142857142855 0.35714285714285715 0.17857142857142858 0.17857142857142858 0.2857142857142857 0.35714285714285715 0.25 0.32142857142857145
