X13012310 1.9667587280273438 1.9778008460998535 2.123128890991211 2.1790928840637207 2.2727999687194824 2.4010918140411377 2.4896764755249023 2.7687058448791504 2.6491904258728027 2.790372610092163 2.940964698791504 3.010993242263794 3.033184766769409 3.197746753692627 3.295051336288452 3.4153103828430176 3.5351788997650146 3.6481051445007324 3.832119941711426 3.783367872238159
X12013310 3.9809048175811768 4.017615556716919 4.183199882507324 4.256232500076294 4.312650680541992 4.388881683349609 4.725836277008057 4.6883978843688965 4.818094253540039 4.820064544677734 4.952287197113037 5.016299486160278 5.124173879623413 5.260216951370239 5.345752716064453 5.393365144729614 5.552079439163208 5.643029451370239 5.712906837463379 5.870943546295166
X13012410 6.247803688049316 6.362574100494385 6.459025621414185 6.627585172653198 6.741923570632935 6.899933815002441 6.898855209350586 7.21957540512085 7.257617235183716 7.622655868530273 7.2282915115356445 7.225680589675903 7.363615989685059 7.489303350448608 7.65256667137146 7.65507960319519 7.854094982147217 8.219515085220337 8.156134366989136 8.295225143432617
X13013610 8.666834831237793 8.706390619277954 8.836677074432373 9.022184371948242 9.073472738265991 9.242524147033691 9.341890335083008 9.537381410598755 9.56740951538086 9.62887454032898 9.806695461273193 9.975040435791016 10.099076271057129 10.146198749542236 10.3816397190094 11.212307453155518 10.572075605392456 10.743576765060425 10.73738431930542 10.898860216140747
X12012310 10.95191764831543 11.028579950332642 11.286772966384888 11.34224534034729 11.508236646652222 11.557305335998535 11.6759192943573 11.780575513839722 11.81052541732788 11.927478313446045 12.05908203125 12.160462617874146 12.311897039413452 12.32787537574768 12.591187477111816 13.134078979492188 12.488498449325562 12.680191040039062 12.775038242340088 12.94970440864563
X13013510 13.232808113098145 13.405019998550415 13.561518907546997 13.822691917419434 14.079843521118164 14.06014108657837 14.057516813278198 14.058964490890503 14.247481107711792 14.387600183486938 14.653576850891113 14.922407627105713 14.654887676239014 14.815505027770996 14.875403642654419 15.065407514572144 15.018723964691162 15.199089288711548 15.179015636444092 15.529088735580444
X11012610 15.221651315689087 15.43420124053955 15.471372842788696 15.440895795822144 15.723680257797241 15.702895164489746 16.334880352020264 16.04645299911499 15.918296337127686 16.564353466033936 16.233473777770996 16.267017602920532 16.320387840270996 16.56515145301819 16.69519591331482 16.509536027908325 16.622347831726074 16.629666328430176 16.745407581329346 17.058904886245728
X13012710 17.99138116836548 17.947803497314453 17.79767155647278 18.024343729019165 18.008465051651 18.133521556854248 18.237990617752075 18.337787866592407 18.50248384475708 18.647858381271362 18.760847091674805 19.03568124771118 19.10941767692566 19.301276445388794 19.198171854019165 19.348527431488037 19.50520968437195 20.174457550048828 19.715036153793335 19.935945749282837
X12013410 20.118855237960815 20.229216814041138 20.520432233810425 21.91442036628723 20.74213457107544 20.983497142791748 21.02119779586792 21.221946716308594 21.042482376098633 21.156571865081787 21.312970638275146 21.2346031665802 21.30300760269165 21.469600200653076 21.600748538970947 21.646243810653687 21.636668920516968 21.854493856430054 22.29105544090271 22.275634765625
X12012610 22.59399914741516 22.60145664215088 22.393571615219116 22.745962858200073 22.867485523223877 23.22349977493286 23.287447214126587 23.65868353843689 23.436785459518433 24.13714337348938 23.446775197982788 23.65358829498291 24.016011953353882 24.439976930618286 24.196909189224243 24.16367530822754 23.86705231666565 24.293824195861816 23.878350496292114 24.404001474380493
X12013610 24.5882887840271 24.37804126739502 24.504806995391846 24.815006971359253 25.42587375640869 24.924392700195312 25.038947582244873 25.03624725341797 25.33773159980774 25.57965660095215 26.077224016189575 25.872941493988037 25.9098379611969 26.242836236953735 25.680957794189453 25.78856635093689 26.280919551849365 26.337372064590454 26.4132239818573 26.66404128074646
X13013310 26.684393882751465 28.196330785751343 27.49850821495056 27.368263244628906 27.214269638061523 26.843032360076904 27.53850030899048 27.257301092147827 27.88777208328247 27.61470341682434 27.603370428085327 28.515506744384766 28.238513946533203 28.574385166168213 28.602856159210205 28.48215889930725 30.135836601257324 29.125170707702637 30.029577255249023 29.36372995376587
X12013710 29.26719069480896 29.559235334396362 29.904752731323242 31.28328251838684 29.578694581985474 29.73619771003723 30.344634294509888 30.16504979133606 30.143821716308594 31.06035876274109 31.190407514572144 30.863271236419678 32.228665590286255 32.642383098602295 31.028769731521606 31.411986351013184 31.806374549865723 31.021899223327637 32.17794489860535 31.267702102661133
X12013510 32.03003740310669 31.599586248397827 33.206700563430786 32.485901832580566 33.09655952453613 32.75111222267151 32.58408308029175 33.50393605232239 32.811145067214966 32.56995248794556 33.11411380767822 34.414225339889526 34.20680832862854 33.67084050178528 33.67569398880005 33.42358684539795 33.357664346694946 34.422733783721924 34.119229793548584 35.598875284194946
X11013511 34.482478857040405 35.35021686553955 34.51913499832153 33.96331715583801 34.829176902770996 35.11800527572632 34.20229625701904 34.685394287109375 35.21877145767212 35.65646958351135 36.227330684661865 36.24813222885132 36.23463249206543 35.8545446395874 35.953813791275024 36.1709771156311 36.82953357696533 36.504189252853394 36.076470375061035 37.00024938583374
X11013610 37.43763327598572 36.191866874694824 36.75524353981018 36.370277881622314 38.221532106399536 37.255430459976196 37.70767641067505 38.74146246910095 37.92782425880432 37.49502921104431 36.88967728614807 37.31622338294983 37.43936634063721 38.5900342464447 37.798969984054565 38.365082025527954 39.47485065460205 38.96239519119263 38.68107581138611 37.20477557182312
X12012410 39.309613943099976 39.31601357460022 39.110458850860596 39.45333743095398 38.985002517700195 39.73619556427002 40.1018500328064 40.773884773254395 39.65933108329773 40.398860931396484 39.77656960487366 39.36050796508789 40.44593811035156 40.762478828430176 41.66197609901428 41.26357865333557 41.33069944381714 41.623658895492554 41.169854164123535 42.401726484298706
X12012710 42.14258575439453 42.60302972793579 42.92997980117798 42.28356122970581 42.10027503967285 43.65125870704651 42.682788133621216 42.8719003200531 43.48118495941162 44.125351905822754 43.21097445487976 43.48963165283203 39.402867555618286 40.51382112503052 39.14476203918457 39.671594858169556 39.35096073150635 39.99279546737671 40.367204666137695 41.3405179977417
X12012510 40.01021194458008 39.8049750328064 40.493738889694214 40.12127447128296 40.06138777732849 40.133676290512085 39.92854952812195 39.83330988883972 40.466734170913696 42.39821696281433 41.90841317176819 42.87967109680176 43.16163778305054 42.14880180358887 43.35271763801575 43.86724495887756 42.41703200340271 42.49875450134277 43.05589771270752 44.08402919769287
X11012410 43.86757445335388 43.356573820114136 43.96246552467346 44.42575025558472 44.10555648803711 43.62140107154846 44.55631875991821 44.21598505973816 44.578651905059814 44.297565937042236 44.005552768707275 44.491047620773315 44.45881128311157 44.14937138557434 44.80948567390442 45.11483979225159 47.020421266555786 45.33673906326294 45.25811290740967 45.8949933052063
X11002311 46.100263595581055 45.92298603057861 45.58269262313843 46.75237703323364 45.796157121658325 46.15079927444458 45.59069299697876 45.6432945728302 45.63221287727356 47.94633364677429 47.957587242126465 47.20867085456848 45.89898753166199 46.22598719596863 46.18529200553894 46.67897319793701 46.085230350494385 47.139949321746826 45.849674701690674 46.56535840034485
X11012310 46.80578351020813 48.14936447143555 46.45879554748535 47.226611852645874 46.973217725753784 46.76019906997681 47.89490079879761 47.12774682044983 49.00586915016174 47.613075971603394 47.55937123298645 47.37159872055054 47.67321419715881 48.05711364746094 48.30099940299988 48.51208257675171 48.282845973968506 49.07238507270813 49.40669631958008 49.80028200149536
X11013310 50.367878913879395 49.421876192092896 49.16911339759827 49.49674320220947 48.83813714981079 50.19609785079956 49.36067867279053 48.84774684906006 48.31830644607544 49.163098096847534 50.3915069103241 50.089439868927 49.250925064086914 49.31496047973633 49.52364444732666 51.4744336605072 51.223803997039795 50.62117338180542 49.773658990859985 49.89789652824402
X11012510 50.92127776145935 50.58257460594177 50.73259711265564 52.26709008216858 52.29696035385132 53.83809757232666 51.37321639060974 51.04243469238281 52.416892766952515 51.98969578742981 51.60487484931946 51.97628664970398 53.02336001396179 54.11106729507446 53.69689726829529 52.813060998916626 52.90320014953613 53.90480041503906 52.95413899421692 53.00869011878967
X11013510 54.12407875061035 54.17890524864197 52.76602625846863 52.59131383895874 53.569971323013306 54.80898141860962 54.09896183013916 53.053001165390015 52.95914936065674 53.94699501991272 53.54995059967041 53.9369113445282 53.89156126976013 54.74727749824524 55.59735369682312 54.126976013183594 54.46884346008301 55.294044494628906 56.211747884750366 55.61004662513733
X11013410 54.48645734786987 54.91436171531677 55.73586702346802 56.61382794380188 54.931522369384766 57.11206650733948 55.595158100128174 56.16430997848511 56.582053661346436 55.8031849861145 55.43503713607788 56.98272490501404 55.5513334274292 57.137906551361084 57.33835768699646 57.17054009437561 56.62249827384949 57.13423991203308 57.48869013786316 58.401408672332764
X11002310 58.17940831184387 57.806808948516846 57.90632486343384 57.51035666465759 57.37612748146057 57.555771589279175 58.79721641540527 57.5516517162323 57.92379546165466 58.26307559013367 58.87839698791504 58.381229400634766 58.04718375205994 58.66939949989319 58.69805693626404 57.9580283164978 58.86410331726074 59.61503624916077 59.58011794090271 58.74740028381348
X11002301 53.17892813682556 52.87765169143677 54.013909578323364 53.331153869628906 53.613460540771484 53.3358473777771 53.999481439590454 54.92594265937805 53.88486313819885 53.56878995895386 54.33151054382324 54.46445441246033 54.3529052734375 54.47009086608887 54.47942352294922 54.2951385974884 54.36893892288208 55.0146324634552 54.674785137176514 54.98819875717163
X13002310 61.15512132644653 61.51268124580383 62.076622009277344 62.95148539543152 63.15972900390625 61.7004508972168 62.29156422615051 63.407217264175415 62.381816148757935 64.60583257675171 63.41417455673218 62.57582879066467 62.88408827781677 64.34174060821533 64.15957045555115 65.01320767402649 64.18746423721313 64.40068554878235 65.45149755477905 63.696255922317505
