

Experiment 1: {"deep_learner": true, "n_layers": 3, "lipschitz_lr": false, "reduce_data": true, "embedding_dims": 2, "k": 3, "oversample": true, "activation": "relu"}
Precision: [0.5552486187845304, 0.5552486187845304, 0.5552486187845304, 0.5552486187845304, 0.5552486187845304, 0.5552486187845304, 0.5552486187845304, 0.5552486187845304, 0.5552486187845304, 0.5552486187845304, 0.5552486187845304, 0.5552486187845304, 0.5552486187845304, 0.5552486187845304, 0.5552486187845304, 0.5552486187845304, 0.6025236593059937, 0.5552486187845304, 0.5552486187845304, 0.5552486187845304] 
Recall: [1.0, 1.0, 1.0, 1.0, 1.0, 1.0, 1.0, 1.0, 1.0, 1.0, 1.0, 1.0, 1.0, 1.0, 1.0, 1.0, 0.9502487562189055, 1.0, 1.0, 1.0] 
F1: [0.714031971580817, 0.714031971580817, 0.714031971580817, 0.714031971580817, 0.714031971580817, 0.714031971580817, 0.714031971580817, 0.714031971580817, 0.714031971580817, 0.714031971580817, 0.714031971580817, 0.714031971580817, 0.714031971580817, 0.714031971580817, 0.714031971580817, 0.714031971580817, 0.7374517374517374, 0.714031971580817, 0.714031971580817, 0.714031971580817] 
Runtime: [63.64444446563721, 63.07260704040527, 62.95554494857788, 64.09308052062988, 63.61986494064331, 63.83320069313049, 63.92130637168884, 64.03396940231323, 64.23705410957336, 64.55123162269592, 65.34702181816101, 64.7841944694519, 65.6648097038269, 65.3769736289978, 65.60235071182251, 65.16806936264038, 65.07643055915833, 65.17947506904602, 65.54331684112549, 66.00817966461182]

Experiment 2: {"deep_learner": true, "n_layers": 2, "lipschitz_lr": false, "reduce_data": true, "embedding_dims": 3, "k": 3, "oversample": true, "activation": "relu"}
Precision: [0.5811209439528023, 0.5552486187845304, 0.5552486187845304, 0.5552486187845304, 0.5552486187845304, 0.5552486187845304, 0.5552486187845304, 0.5552486187845304, 0.5552486187845304, 0.5552486187845304, 0.5552486187845304, 0.5552486187845304, 0.5552486187845304, 0.5552486187845304, 0.5552486187845304, 0.5747800586510264, 0.5552486187845304, 0.5552486187845304, 0.6853932584269663, 0.5552486187845304] 
Recall: [0.9800995024875622, 1.0, 1.0, 1.0, 1.0, 1.0, 1.0, 1.0, 1.0, 1.0, 1.0, 1.0, 1.0, 1.0, 1.0, 0.9751243781094527, 1.0, 1.0, 0.9104477611940298, 1.0] 
F1: [0.7296296296296296, 0.714031971580817, 0.714031971580817, 0.714031971580817, 0.714031971580817, 0.714031971580817, 0.714031971580817, 0.714031971580817, 0.714031971580817, 0.714031971580817, 0.714031971580817, 0.714031971580817, 0.714031971580817, 0.714031971580817, 0.714031971580817, 0.7232472324723248, 0.714031971580817, 0.714031971580817, 0.7820512820512822, 0.714031971580817] 
Runtime: [64.97481775283813, 65.42722272872925, 65.32463312149048, 65.29847145080566, 67.60478568077087, 65.21731996536255, 64.91249203681946, 65.91475176811218, 66.02819848060608, 67.18805360794067, 66.12067222595215, 65.88034844398499, 65.80429935455322, 66.25143909454346, 67.38450360298157, 67.7331759929657, 66.59735250473022, 67.18635845184326, 66.62144160270691, 68.38848543167114]

Experiment 3: {"deep_learner": true, "n_layers": 3, "lipschitz_lr": false, "reduce_data": true, "embedding_dims": 2, "k": 4, "oversample": true, "activation": "relu"}
Precision: [0.556786703601108, 0.5552486187845304, 0.5552486187845304, 0.5552486187845304, 0.5552486187845304, 0.5552486187845304, 0.6196721311475409, 0.5552486187845304, 0.5552486187845304, 0.5552486187845304, 0.5552486187845304, 0.5552486187845304, 0.5552486187845304, 0.5552486187845304, 0.6455223880597015, 0.5552486187845304, 0.5552486187845304, 0.5552486187845304, 0.5552486187845304, 0.5552486187845304] 
Recall: [1.0, 1.0, 1.0, 1.0, 1.0, 1.0, 0.9402985074626866, 1.0, 1.0, 1.0, 1.0, 1.0, 1.0, 1.0, 0.8606965174129353, 1.0, 1.0, 1.0, 1.0, 1.0] 
F1: [0.7153024911032029, 0.714031971580817, 0.714031971580817, 0.714031971580817, 0.714031971580817, 0.714031971580817, 0.7470355731225296, 0.714031971580817, 0.714031971580817, 0.714031971580817, 0.714031971580817, 0.714031971580817, 0.714031971580817, 0.714031971580817, 0.7377398720682302, 0.714031971580817, 0.714031971580817, 0.714031971580817, 0.714031971580817, 0.714031971580817] 
Runtime: [68.93678426742554, 68.61327052116394, 68.28890609741211, 68.09046292304993, 67.82266211509705, 68.42711925506592, 68.57829403877258, 69.04199433326721, 70.71518778800964, 69.8644769191742, 69.83030128479004, 69.98939728736877, 70.85827827453613, 69.7829909324646, 70.24654483795166, 71.63764834403992, 69.7114429473877, 71.16983532905579, 70.48660612106323, 71.02094721794128]

Experiment 4: {"deep_learner": true, "n_layers": 3, "lipschitz_lr": false, "reduce_data": true, "embedding_dims": 3, "k": 6, "oversample": true, "activation": "relu"}
Precision: [0.5552486187845304, 0.5552486187845304, 0.5552486187845304, 0.5552486187845304, 0.5552486187845304, 0.5552486187845304, 0.5552486187845304, 0.5552486187845304, 0.595166163141994, 0.5552486187845304, 0.5552486187845304, 0.5552486187845304, 0.5552486187845304, 0.6217948717948718, 0.5552486187845304, 0.5552486187845304, 0.5552486187845304, 0.5552486187845304, 0.5552486187845304, 0.5552486187845304] 
Recall: [1.0, 1.0, 1.0, 1.0, 1.0, 1.0, 1.0, 1.0, 0.9800995024875622, 1.0, 1.0, 1.0, 1.0, 0.9651741293532339, 1.0, 1.0, 1.0, 1.0, 1.0, 1.0] 
F1: [0.714031971580817, 0.714031971580817, 0.714031971580817, 0.714031971580817, 0.714031971580817, 0.714031971580817, 0.714031971580817, 0.714031971580817, 0.7406015037593985, 0.714031971580817, 0.714031971580817, 0.714031971580817, 0.714031971580817, 0.7563352826510722, 0.714031971580817, 0.714031971580817, 0.714031971580817, 0.714031971580817, 0.714031971580817, 0.714031971580817] 
Runtime: [70.86134123802185, 71.16051745414734, 71.53651928901672, 70.40742444992065, 70.90520000457764, 71.025869846344, 71.76411533355713, 72.26006388664246, 73.05035400390625, 73.74677848815918, 72.62174439430237, 73.51355004310608, 72.50019717216492, 72.84950542449951, 72.51559901237488, 73.78819823265076, 73.68095898628235, 73.955251455307, 73.94445705413818, 73.87739872932434]

Experiment 5: {"deep_learner": true, "n_layers": 2, "lipschitz_lr": false, "reduce_data": true, "embedding_dims": 2, "k": 3, "oversample": true, "activation": "relu"}
Precision: [0.5552486187845304, 0.5552486187845304, 0.5552486187845304, 0.5552486187845304, 0.6245847176079734, 0.5552486187845304, 0.6460481099656358, 0.5552486187845304, 0.6460481099656358, 0.5552486187845304, 0.6338983050847458, 0.5552486187845304, 0.5552486187845304, 0.5515320334261838, 0.6379310344827587, 0.5552486187845304, 0.6326530612244898, 0.6308724832214765, 0.5552486187845304, 0.5552486187845304] 
Recall: [1.0, 1.0, 1.0, 1.0, 0.9353233830845771, 1.0, 0.9353233830845771, 1.0, 0.9353233830845771, 1.0, 0.9303482587064676, 1.0, 1.0, 0.9850746268656716, 0.9203980099502488, 1.0, 0.9253731343283582, 0.9353233830845771, 1.0, 1.0] 
F1: [0.714031971580817, 0.714031971580817, 0.714031971580817, 0.714031971580817, 0.749003984063745, 0.714031971580817, 0.7642276422764227, 0.714031971580817, 0.7642276422764227, 0.714031971580817, 0.7540322580645161, 0.714031971580817, 0.714031971580817, 0.7071428571428572, 0.7535641547861507, 0.714031971580817, 0.7515151515151516, 0.7535070140280562, 0.714031971580817, 0.714031971580817] 
Runtime: [74.54927945137024, 74.7192735671997, 74.17878460884094, 76.62767314910889, 75.1003909111023, 75.15981769561768, 74.6073009967804, 74.56821393966675, 74.22100710868835, 74.90009307861328, 74.06844782829285, 76.1685357093811, 75.18256306648254, 75.37378001213074, 80.40858507156372, 75.93430852890015, 74.81497764587402, 75.56291627883911, 76.18006253242493, 78.40964579582214]



Experiment 6: {"deep_learner": true, "n_layers": 3, "lipschitz_lr": false, "reduce_data": true, "embedding_dims": 3, "k": 5, "oversample": true, "activation": "relu"}
WARNING:tensorflow:From /usr/local/lib/python3.6/dist-packages/keras/backend/tensorflow_backend.py:66: The name tf.get_default_graph is deprecated. Please use tf.compat.v1.get_default_graph instead.

WARNING:tensorflow:From /usr/local/lib/python3.6/dist-packages/keras/backend/tensorflow_backend.py:541: The name tf.placeholder is deprecated. Please use tf.compat.v1.placeholder instead.

WARNING:tensorflow:From /usr/local/lib/python3.6/dist-packages/keras/backend/tensorflow_backend.py:4432: The name tf.random_uniform is deprecated. Please use tf.random.uniform instead.

WARNING:tensorflow:From /usr/local/lib/python3.6/dist-packages/keras/optimizers.py:793: The name tf.train.Optimizer is deprecated. Please use tf.compat.v1.train.Optimizer instead.

WARNING:tensorflow:From /usr/local/lib/python3.6/dist-packages/keras/backend/tensorflow_backend.py:3657: The name tf.log is deprecated. Please use tf.math.log instead.

WARNING:tensorflow:From /usr/local/lib/python3.6/dist-packages/keras/backend/tensorflow_backend.py:1033: The name tf.assign_add is deprecated. Please use tf.compat.v1.assign_add instead.

WARNING:tensorflow:From /usr/local/lib/python3.6/dist-packages/keras/backend/tensorflow_backend.py:1020: The name tf.assign is deprecated. Please use tf.compat.v1.assign instead.

WARNING:tensorflow:From /usr/local/lib/python3.6/dist-packages/keras/backend/tensorflow_backend.py:3005: The name tf.Session is deprecated. Please use tf.compat.v1.Session instead.

WARNING:tensorflow:From /usr/local/lib/python3.6/dist-packages/keras/backend/tensorflow_backend.py:190: The name tf.get_default_session is deprecated. Please use tf.compat.v1.get_default_session instead.

WARNING:tensorflow:From /usr/local/lib/python3.6/dist-packages/keras/backend/tensorflow_backend.py:197: The name tf.ConfigProto is deprecated. Please use tf.compat.v1.ConfigProto instead.

WARNING:tensorflow:From /usr/local/lib/python3.6/dist-packages/keras/backend/tensorflow_backend.py:207: The name tf.global_variables is deprecated. Please use tf.compat.v1.global_variables instead.

WARNING:tensorflow:From /usr/local/lib/python3.6/dist-packages/keras/backend/tensorflow_backend.py:216: The name tf.is_variable_initialized is deprecated. Please use tf.compat.v1.is_variable_initialized instead.

WARNING:tensorflow:From /usr/local/lib/python3.6/dist-packages/keras/backend/tensorflow_backend.py:223: The name tf.variables_initializer is deprecated. Please use tf.compat.v1.variables_initializer instead.

Precision: [0.5552486187845304, 0.5552486187845304, 0.5848484848484848, 0.569364161849711, 0.5552486187845304, 0.5552486187845304, 0.5552486187845304, 0.5552486187845304, 0.5552486187845304, 0.5552486187845304, 0.610223642172524, 0.5552486187845304, 0.5552486187845304, 0.5552486187845304, 0.5552486187845304, 0.5552486187845304, 0.6129032258064516, 0.5552486187845304, 0.6111111111111112, 0.5843373493975904] 
Recall: [1.0, 1.0, 0.9601990049751243, 0.9800995024875622, 1.0, 1.0, 1.0, 1.0, 1.0, 1.0, 0.9502487562189055, 1.0, 1.0, 1.0, 1.0, 1.0, 0.945273631840796, 1.0, 0.9303482587064676, 0.9651741293532339] 
F1: [0.714031971580817, 0.714031971580817, 0.7269303201506592, 0.720292504570384, 0.714031971580817, 0.714031971580817, 0.714031971580817, 0.714031971580817, 0.714031971580817, 0.714031971580817, 0.7431906614785992, 0.714031971580817, 0.714031971580817, 0.714031971580817, 0.714031971580817, 0.714031971580817, 0.7436399217221136, 0.714031971580817, 0.73767258382643, 0.727954971857411] 
Runtime: [2.295595169067383, 2.4621126651763916, 2.5978593826293945, 2.6102261543273926, 2.8132734298706055, 2.8779094219207764, 2.896874189376831, 3.1579036712646484, 3.4402778148651123, 3.4003260135650635, 3.554940938949585, 3.576387643814087, 3.713482141494751, 3.762098789215088, 3.9512414932250977, 3.8386147022247314, 4.060022830963135, 4.043273687362671, 4.251905918121338, 4.385870695114136]

Experiment 7: {"deep_learner": true, "n_layers": 1, "lipschitz_lr": false, "reduce_data": true, "embedding_dims": 2, "k": 6, "oversample": true, "activation": "relu"}
Precision: [0.5552486187845304, 0.7714285714285715, 0.5552486187845304, 0.5552486187845304, 0.6413793103448275, 0.6792452830188679, 0.6308724832214765, 0.6510791366906474, 0.6225165562913907, 0.648936170212766, 0.5552486187845304, 0.6196721311475409, 0.6480836236933798, 0.6398601398601399, 0.5552486187845304, 0.5552486187845304, 0.5552486187845304, 0.5552486187845304, 0.6401384083044983, 0.5552486187845304] 
Recall: [1.0, 0.8059701492537313, 1.0, 1.0, 0.9253731343283582, 0.8955223880597015, 0.9353233830845771, 0.900497512437811, 0.9353233830845771, 0.9104477611940298, 1.0, 0.9402985074626866, 0.9253731343283582, 0.9104477611940298, 1.0, 1.0, 1.0, 1.0, 0.9203980099502488, 1.0] 
F1: [0.714031971580817, 0.7883211678832117, 0.714031971580817, 0.714031971580817, 0.7576374745417516, 0.7725321888412018, 0.7535070140280562, 0.755741127348643, 0.7475149105367793, 0.7577639751552796, 0.714031971580817, 0.7470355731225296, 0.7622950819672131, 0.751540041067762, 0.714031971580817, 0.714031971580817, 0.714031971580817, 0.714031971580817, 0.7551020408163265, 0.714031971580817] 
Runtime: [4.398969411849976, 4.417950868606567, 4.521002531051636, 4.673514127731323, 4.785282850265503, 4.820245742797852, 4.91836142539978, 5.032836675643921, 5.012244462966919, 5.195046663284302, 5.247750759124756, 5.302468299865723, 5.3600172996521, 5.512952089309692, 5.5990259647369385, 5.573137044906616, 5.845238208770752, 5.8808982372283936, 5.9479591846466064, 5.937255859375]

Experiment 8: {"deep_learner": true, "n_layers": 3, "lipschitz_lr": false, "reduce_data": true, "embedding_dims": 2, "k": 7, "oversample": true, "activation": "relu"}
Precision: [0.5552486187845304, 0.5552486187845304, 0.5552486187845304, 0.5552486187845304, 0.5552486187845304, 0.5552486187845304, 0.5552486187845304, 0.5552486187845304, 0.5552486187845304, 0.5552486187845304, 0.5552486187845304, 0.5637393767705382, 0.5552486187845304, 0.5552486187845304, 0.590625, 0.5803571428571429, 0.5833333333333334, 0.5552486187845304, 0.5552486187845304, 0.5552486187845304] 
Recall: [1.0, 1.0, 1.0, 1.0, 1.0, 1.0, 1.0, 1.0, 1.0, 1.0, 1.0, 0.9900497512437811, 1.0, 1.0, 0.9402985074626866, 0.9701492537313433, 0.9402985074626866, 1.0, 1.0, 1.0] 
F1: [0.714031971580817, 0.714031971580817, 0.714031971580817, 0.714031971580817, 0.714031971580817, 0.714031971580817, 0.714031971580817, 0.714031971580817, 0.714031971580817, 0.714031971580817, 0.714031971580817, 0.7184115523465704, 0.714031971580817, 0.714031971580817, 0.7255278310940498, 0.7262569832402235, 0.7200000000000001, 0.714031971580817, 0.714031971580817, 0.714031971580817] 
Runtime: [6.894838094711304, 6.859555721282959, 6.825497388839722, 7.086671829223633, 7.090541362762451, 7.4821693897247314, 7.225469350814819, 7.886149883270264, 7.578729867935181, 7.678888320922852, 7.887132406234741, 8.040500402450562, 8.057791233062744, 8.175172567367554, 8.187575578689575, 8.396202087402344, 8.474564790725708, 8.515575170516968, 8.64954400062561, 8.865966320037842]

Experiment 9: {"deep_learner": true, "n_layers": 2, "lipschitz_lr": false, "reduce_data": true, "embedding_dims": 3, "k": 4, "oversample": true, "activation": "relu"}
Precision: [0.5552486187845304, 0.5552486187845304, 0.5552486187845304, 0.5552486187845304, 0.5552486187845304, 0.5552486187845304, 0.6666666666666666, 0.5614525139664804, 0.6109324758842444, 0.6012461059190031, 0.7104072398190046, 0.6012658227848101, 0.6321070234113713, 0.6460481099656358, 0.5552486187845304, 0.5609065155807366, 0.5545722713864307, 0.6460481099656358, 0.5552486187845304, 0.5552486187845304] 
Recall: [1.0, 1.0, 1.0, 1.0, 1.0, 1.0, 0.9253731343283582, 1.0, 0.945273631840796, 0.9601990049751243, 0.7810945273631841, 0.945273631840796, 0.9402985074626866, 0.9353233830845771, 1.0, 0.9850746268656716, 0.9353233830845771, 0.9353233830845771, 1.0, 1.0] 
F1: [0.714031971580817, 0.714031971580817, 0.714031971580817, 0.714031971580817, 0.714031971580817, 0.714031971580817, 0.775, 0.7191413237924865, 0.7421875, 0.739463601532567, 0.7440758293838863, 0.735009671179884, 0.756, 0.7642276422764227, 0.714031971580817, 0.7148014440433212, 0.6962962962962963, 0.7642276422764227, 0.714031971580817, 0.714031971580817] 
Runtime: [8.853598356246948, 9.025141954421997, 9.10049819946289, 9.205219030380249, 9.637040376663208, 9.530603885650635, 9.610454797744751, 9.734772443771362, 10.251806259155273, 10.100508689880371, 10.093759775161743, 10.560600996017456, 10.224018096923828, 10.350265264511108, 10.437331914901733, 10.568612337112427, 10.682315587997437, 10.801848411560059, 10.903233051300049, 10.972088813781738]

Experiment 10: {"deep_learner": true, "n_layers": 2, "lipschitz_lr": false, "reduce_data": true, "embedding_dims": 2, "k": 6, "oversample": true, "activation": "relu"}
Precision: [0.5552486187845304, 0.5552486187845304, 0.5552486187845304, 0.5552486187845304, 0.5552486187845304, 0.5552486187845304, 0.5552486187845304, 0.5552486187845304, 0.5552486187845304, 0.5552486187845304, 0.5552486187845304, 0.5798816568047337, 0.5552486187845304, 0.5552486187845304, 0.5552486187845304, 0.5552486187845304, 0.5552486187845304, 0.5552486187845304, 0.5552486187845304, 0.5552486187845304] 
Recall: [1.0, 1.0, 1.0, 1.0, 1.0, 1.0, 1.0, 1.0, 1.0, 1.0, 1.0, 0.9751243781094527, 1.0, 1.0, 1.0, 1.0, 1.0, 1.0, 1.0, 1.0] 
F1: [0.714031971580817, 0.714031971580817, 0.714031971580817, 0.714031971580817, 0.714031971580817, 0.714031971580817, 0.714031971580817, 0.714031971580817, 0.714031971580817, 0.714031971580817, 0.714031971580817, 0.7272727272727274, 0.714031971580817, 0.714031971580817, 0.714031971580817, 0.714031971580817, 0.714031971580817, 0.714031971580817, 0.714031971580817, 0.714031971580817] 
Runtime: [11.094514608383179, 11.067866802215576, 11.245301485061646, 11.453583002090454, 11.392788887023926, 11.642968893051147, 12.093048810958862, 12.06383228302002, 12.084386587142944, 12.208059310913086, 12.011693000793457, 12.269988059997559, 12.328376770019531, 12.084871053695679, 12.379453897476196, 12.516719818115234, 12.701547861099243, 12.850129842758179, 12.8196542263031, 13.071214199066162]

Experiment 11: {"deep_learner": true, "n_layers": 2, "lipschitz_lr": false, "reduce_data": true, "embedding_dims": 3, "k": 6, "oversample": true, "activation": "relu"}
Precision: [0.593167701863354, 0.5552486187845304, 0.5552486187845304, 0.5552486187845304, 0.5748502994011976, 0.5552486187845304, 0.556786703601108, 0.5552486187845304, 0.5546218487394958, 0.5722543352601156, 0.5828220858895705, 0.5552486187845304, 0.5571030640668524, 0.5552486187845304, 0.5552486187845304, 0.6513409961685823, 0.5552486187845304, 0.5552486187845304, 0.5552486187845304, 0.5552486187845304] 
Recall: [0.9502487562189055, 1.0, 1.0, 1.0, 0.9552238805970149, 1.0, 1.0, 1.0, 0.9850746268656716, 0.9850746268656716, 0.945273631840796, 1.0, 0.9950248756218906, 1.0, 1.0, 0.845771144278607, 1.0, 1.0, 1.0, 1.0] 
F1: [0.7304015296367113, 0.714031971580817, 0.714031971580817, 0.714031971580817, 0.7177570093457945, 0.714031971580817, 0.7153024911032029, 0.714031971580817, 0.7096774193548386, 0.7239488117001828, 0.7210626185958253, 0.714031971580817, 0.7142857142857143, 0.714031971580817, 0.714031971580817, 0.7359307359307359, 0.714031971580817, 0.714031971580817, 0.714031971580817, 0.714031971580817] 
Runtime: [13.179337978363037, 13.485988855361938, 13.473880529403687, 13.477781295776367, 13.717822313308716, 13.837316751480103, 14.280667066574097, 13.955764532089233, 14.147259950637817, 14.283440589904785, 14.253751993179321, 14.458365440368652, 14.146827459335327, 14.279153823852539, 14.561480045318604, 14.672916173934937, 15.145508527755737, 15.073029518127441, 15.071392297744751, 14.980196475982666]

Experiment 12: {"deep_learner": true, "n_layers": 3, "lipschitz_lr": false, "reduce_data": true, "embedding_dims": 3, "k": 3, "oversample": true, "activation": "relu"}
Precision: [0.5552486187845304, 0.5552486187845304, 0.5552486187845304, 0.582089552238806, 0.6139240506329114, 0.5552486187845304, 0.5552486187845304, 0.5552486187845304, 0.5552486187845304, 0.5552486187845304, 0.5552486187845304, 0.5552486187845304, 0.5552486187845304, 0.5552486187845304, 0.5552486187845304, 0.5552486187845304, 0.5552486187845304, 0.5552486187845304, 0.5552486187845304, 0.5552486187845304] 
Recall: [1.0, 1.0, 1.0, 0.9701492537313433, 0.9651741293532339, 1.0, 1.0, 1.0, 1.0, 1.0, 1.0, 1.0, 1.0, 1.0, 1.0, 1.0, 1.0, 1.0, 1.0, 1.0] 
F1: [0.714031971580817, 0.714031971580817, 0.714031971580817, 0.7276119402985074, 0.7504835589941974, 0.714031971580817, 0.714031971580817, 0.714031971580817, 0.714031971580817, 0.714031971580817, 0.714031971580817, 0.714031971580817, 0.714031971580817, 0.714031971580817, 0.714031971580817, 0.714031971580817, 0.714031971580817, 0.714031971580817, 0.714031971580817, 0.714031971580817] 
Runtime: [15.257282733917236, 15.545383214950562, 15.72209095954895, 16.11781120300293, 16.23354959487915, 16.253737211227417, 16.270812034606934, 16.400031805038452, 16.346586227416992, 16.637335538864136, 16.64105749130249, 17.104449033737183, 17.078715324401855, 17.121865034103394, 17.343486547470093, 17.35502529144287, 18.102375745773315, 17.87112784385681, 17.967830896377563, 18.054869413375854]

Experiment 13: {"deep_learner": true, "n_layers": 2, "lipschitz_lr": false, "reduce_data": true, "embedding_dims": 3, "k": 7, "oversample": true, "activation": "relu"}
Precision: [0.5552486187845304, 0.5552486187845304, 0.6287625418060201, 0.5552486187845304, 0.5552486187845304, 0.5830815709969789, 0.5552486187845304, 0.5552486187845304, 0.5552486187845304, 0.5533707865168539, 0.5552486187845304, 0.5552486187845304, 0.5552486187845304, 0.5552486187845304, 0.5552486187845304, 0.5794117647058824, 0.5552486187845304, 0.5552486187845304, 0.5552486187845304, 0.5800604229607251] 
Recall: [1.0, 1.0, 0.9353233830845771, 1.0, 1.0, 0.9601990049751243, 1.0, 1.0, 1.0, 0.9800995024875622, 1.0, 1.0, 1.0, 1.0, 1.0, 0.9800995024875622, 1.0, 1.0, 1.0, 0.9552238805970149] 
F1: [0.714031971580817, 0.714031971580817, 0.752, 0.714031971580817, 0.714031971580817, 0.7255639097744362, 0.714031971580817, 0.714031971580817, 0.714031971580817, 0.7073608617594254, 0.714031971580817, 0.714031971580817, 0.714031971580817, 0.714031971580817, 0.714031971580817, 0.7282809611829945, 0.714031971580817, 0.714031971580817, 0.714031971580817, 0.7218045112781954] 
Runtime: [17.680778980255127, 17.49252676963806, 17.68344783782959, 17.982030391693115, 18.175623416900635, 19.105982303619385, 18.82003402709961, 18.932437419891357, 18.791394233703613, 19.242591619491577, 18.949852228164673, 18.998798370361328, 19.143874168395996, 19.377065896987915, 19.598354816436768, 20.126115798950195, 19.78067135810852, 19.649817943572998, 19.749448537826538, 19.739094734191895]

Experiment 14: {"deep_learner": true, "n_layers": 2, "lipschitz_lr": false, "reduce_data": true, "embedding_dims": 3, "k": 5, "oversample": true, "activation": "relu"}
Precision: [0.5589887640449438, 0.5552486187845304, 0.5552486187845304, 0.5552486187845304, 0.5552486187845304, 0.5552486187845304, 0.5552486187845304, 0.5552486187845304, 0.5657142857142857, 0.5552486187845304, 0.5552486187845304, 0.5552486187845304, 0.5552486187845304, 0.5552486187845304, 0.5552486187845304, 0.5552486187845304, 0.5552486187845304, 0.5552486187845304, 0.5552486187845304, 0.5552486187845304] 
Recall: [0.9900497512437811, 1.0, 1.0, 1.0, 1.0, 1.0, 1.0, 1.0, 0.9850746268656716, 1.0, 1.0, 1.0, 1.0, 1.0, 1.0, 1.0, 1.0, 1.0, 1.0, 1.0] 
F1: [0.7145421903052064, 0.714031971580817, 0.714031971580817, 0.714031971580817, 0.714031971580817, 0.714031971580817, 0.714031971580817, 0.714031971580817, 0.7186932849364792, 0.714031971580817, 0.714031971580817, 0.714031971580817, 0.714031971580817, 0.714031971580817, 0.714031971580817, 0.714031971580817, 0.714031971580817, 0.714031971580817, 0.714031971580817, 0.714031971580817] 
Runtime: [20.3880295753479, 19.928752660751343, 20.38893747329712, 20.377988576889038, 20.389568328857422, 20.98323130607605, 20.70430326461792, 20.946820497512817, 21.20357036590576, 21.146212577819824, 21.55661940574646, 21.279138565063477, 21.911314487457275, 21.799837589263916, 22.259117126464844, 21.376203060150146, 21.835379123687744, 22.006185054779053, 21.872255563735962, 21.99969720840454]

Experiment 15: {"deep_learner": true, "n_layers": 1, "lipschitz_lr": false, "reduce_data": true, "embedding_dims": 3, "k": 5, "oversample": true, "activation": "parabola"}
Precision: [0.515358361774744, 0.5527777777777778, 0.5515320334261838, 0.5502793296089385, 0.554016620498615, 0.5661971830985916, 0.5552486187845304, 0.5552486187845304, 0.5552486187845304, 0.5205047318611987, 0.5552486187845304, 0.53125, 0.554016620498615, 0.5552486187845304, 0.5552486187845304, 0.5552486187845304, 0.5552486187845304, 0.5552486187845304, 0.5227272727272727, 0.5596590909090909] 
Recall: [0.7512437810945274, 0.9900497512437811, 0.9850746268656716, 0.9800995024875622, 0.9950248756218906, 1.0, 1.0, 1.0, 1.0, 0.8208955223880597, 1.0, 0.845771144278607, 0.9950248756218906, 1.0, 1.0, 1.0, 1.0, 1.0, 0.6865671641791045, 0.9800995024875622] 
F1: [0.611336032388664, 0.7094474153297683, 0.7071428571428572, 0.704830053667263, 0.711743772241993, 0.7230215827338129, 0.714031971580817, 0.714031971580817, 0.714031971580817, 0.6370656370656371, 0.714031971580817, 0.652591170825336, 0.711743772241993, 0.714031971580817, 0.714031971580817, 0.714031971580817, 0.714031971580817, 0.714031971580817, 0.5935483870967742, 0.7124773960216998] 
Runtime: [22.56268620491028, 22.98090410232544, 21.866135597229004, 22.082696437835693, 22.607868432998657, 23.94526982307434, 23.38701581954956, 23.048487186431885, 23.007058143615723, 22.805399894714355, 23.061508893966675, 23.300515174865723, 23.462286472320557, 23.416500329971313, 24.561649322509766, 24.554914712905884, 23.818093299865723, 23.67061138153076, 24.199944019317627, 23.83019495010376]

Experiment 16: {"deep_learner": true, "n_layers": 1, "lipschitz_lr": false, "reduce_data": true, "embedding_dims": 3, "k": 6, "oversample": true, "activation": "relu"}
Precision: [0.5552486187845304, 0.5552486187845304, 0.5675675675675675, 0.5552486187845304, 0.5754385964912281, 0.5552486187845304, 0.5552486187845304, 0.5552486187845304, 0.5552486187845304, 0.5552486187845304, 0.5552486187845304, 0.5552486187845304, 0.5552486187845304, 0.5552486187845304, 0.5552486187845304, 0.5992647058823529, 0.5552486187845304, 0.5552486187845304, 0.5858895705521472, 0.556786703601108] 
Recall: [1.0, 1.0, 0.6268656716417911, 1.0, 0.8159203980099502, 1.0, 1.0, 1.0, 1.0, 1.0, 1.0, 1.0, 1.0, 1.0, 1.0, 0.8109452736318408, 1.0, 1.0, 0.9502487562189055, 1.0] 
F1: [0.714031971580817, 0.714031971580817, 0.5957446808510638, 0.714031971580817, 0.6748971193415638, 0.714031971580817, 0.714031971580817, 0.714031971580817, 0.714031971580817, 0.714031971580817, 0.714031971580817, 0.714031971580817, 0.714031971580817, 0.714031971580817, 0.714031971580817, 0.6892177589852008, 0.714031971580817, 0.714031971580817, 0.7248576850094876, 0.7153024911032029] 
Runtime: [24.279778480529785, 24.115562438964844, 24.217234134674072, 24.492468118667603, 24.486473321914673, 24.678030490875244, 24.701719284057617, 24.616106748580933, 25.24269199371338, 25.144651889801025, 25.076892375946045, 24.8765389919281, 25.32170081138611, 26.88915514945984, 25.253259658813477, 25.06175661087036, 25.406372547149658, 25.272075414657593, 24.998340845108032, 25.37464737892151]

Experiment 17: {"deep_learner": true, "n_layers": 2, "lipschitz_lr": false, "reduce_data": true, "embedding_dims": 2, "k": 4, "oversample": true, "activation": "relu"}
Precision: [0.5552486187845304, 0.5552486187845304, 0.5552486187845304, 0.5552486187845304, 0.5552486187845304, 0.5552486187845304, 0.5552486187845304, 0.5552486187845304, 0.5552486187845304, 0.5552486187845304, 0.5552486187845304, 0.5552486187845304, 0.5552486187845304, 0.5552486187845304, 0.5980707395498392, 0.5828220858895705, 0.5552486187845304, 0.5552486187845304, 0.5594202898550724, 0.5552486187845304] 
Recall: [1.0, 1.0, 1.0, 1.0, 1.0, 1.0, 1.0, 1.0, 1.0, 1.0, 1.0, 1.0, 1.0, 1.0, 0.9253731343283582, 0.945273631840796, 1.0, 1.0, 0.9601990049751243, 1.0] 
F1: [0.714031971580817, 0.714031971580817, 0.714031971580817, 0.714031971580817, 0.714031971580817, 0.714031971580817, 0.714031971580817, 0.714031971580817, 0.714031971580817, 0.714031971580817, 0.714031971580817, 0.714031971580817, 0.714031971580817, 0.714031971580817, 0.7265625, 0.7210626185958253, 0.714031971580817, 0.714031971580817, 0.7069597069597069, 0.714031971580817] 
Runtime: [26.038854598999023, 26.587565422058105, 25.90300226211548, 25.98366141319275, 26.413771867752075, 26.271913528442383, 26.35805630683899, 26.739107608795166, 27.591703414916992, 27.453771829605103, 26.18143105506897, 26.813388109207153, 27.27421736717224, 28.546554565429688, 27.993436813354492, 27.83023500442505, 27.594934701919556, 28.56472396850586, 28.614235162734985, 28.072729349136353]

Experiment 18: {"deep_learner": true, "n_layers": 2, "lipschitz_lr": false, "reduce_data": true, "embedding_dims": 2, "k": 7, "oversample": true, "activation": "relu"}
Precision: [0.5552486187845304, 0.5552486187845304, 0.5552486187845304, 0.554016620498615, 0.5552486187845304, 0.5552486187845304, 0.5552486187845304, 0.5552486187845304, 0.5552486187845304, 0.554016620498615, 0.5552486187845304, 0.5552486187845304, 0.5552486187845304, 0.5552486187845304, 0.5555555555555556, 0.5552486187845304, 0.5552486187845304, 0.5552486187845304, 0.5552486187845304, 0.5552486187845304] 
Recall: [1.0, 1.0, 1.0, 0.9950248756218906, 1.0, 1.0, 1.0, 1.0, 1.0, 0.9950248756218906, 1.0, 1.0, 1.0, 1.0, 0.9950248756218906, 1.0, 1.0, 1.0, 1.0, 1.0] 
F1: [0.714031971580817, 0.714031971580817, 0.714031971580817, 0.711743772241993, 0.714031971580817, 0.714031971580817, 0.714031971580817, 0.714031971580817, 0.714031971580817, 0.711743772241993, 0.714031971580817, 0.714031971580817, 0.714031971580817, 0.714031971580817, 0.7130124777183601, 0.714031971580817, 0.714031971580817, 0.714031971580817, 0.714031971580817, 0.714031971580817] 
Runtime: [28.378024339675903, 28.74505352973938, 28.588955402374268, 29.65180802345276, 30.36475133895874, 28.737340211868286, 29.10680913925171, 29.973440885543823, 28.845850467681885, 30.36505699157715, 29.740278482437134, 30.44505000114441, 30.4637713432312, 32.555908203125, 31.131950616836548, 31.178460121154785, 30.301448345184326, 30.342732429504395, 30.233607053756714, 32.06083273887634]

Experiment 19: {"deep_learner": true, "n_layers": 2, "lipschitz_lr": false, "reduce_data": true, "embedding_dims": 2, "k": 5, "oversample": true, "activation": "relu"}
Precision: [0.6718146718146718, 0.5552486187845304, 0.5552486187845304, 0.5552486187845304, 0.554016620498615, 0.5552486187845304, 0.556786703601108, 0.5552486187845304, 0.5552486187845304, 0.5552486187845304, 0.5552486187845304, 0.5552486187845304, 0.5552486187845304, 0.5552486187845304, 0.5552486187845304, 0.5552486187845304, 0.5552486187845304, 0.5552486187845304, 0.5552486187845304, 0.5552486187845304] 
Recall: [0.8656716417910447, 1.0, 1.0, 1.0, 0.9950248756218906, 1.0, 1.0, 1.0, 1.0, 1.0, 1.0, 1.0, 1.0, 1.0, 1.0, 1.0, 1.0, 1.0, 1.0, 1.0] 
F1: [0.7565217391304349, 0.714031971580817, 0.714031971580817, 0.714031971580817, 0.711743772241993, 0.714031971580817, 0.7153024911032029, 0.714031971580817, 0.714031971580817, 0.714031971580817, 0.714031971580817, 0.714031971580817, 0.714031971580817, 0.714031971580817, 0.714031971580817, 0.714031971580817, 0.714031971580817, 0.714031971580817, 0.714031971580817, 0.714031971580817] 
Runtime: [31.08820390701294, 31.264546871185303, 31.29070472717285, 30.614808797836304, 32.07274675369263, 32.00178623199463, 32.33650040626526, 31.99083185195923, 31.562815189361572, 30.509473085403442, 32.64799523353577, 34.33704113960266, 31.655890703201294, 31.88653016090393, 31.85502529144287, 31.96413230895996, 31.408708333969116, 31.35908818244934, 31.525259733200073, 33.922364711761475]

Experiment 20: {"deep_learner": true, "n_layers": 1, "lipschitz_lr": false, "reduce_data": true, "embedding_dims": 2, "k": 4, "oversample": true, "activation": "relu"}
Precision: [0.5920245398773006, 0.6593406593406593, 0.5552486187845304, 0.5552486187845304, 0.5552486187845304, 0.5811965811965812, 0.6354166666666666, 0.6766917293233082, 0.5552486187845304, 0.5552486187845304, 0.582089552238806, 0.5552486187845304, 0.5552486187845304, 0.5743440233236151, 0.562962962962963, 0.5552486187845304, 0.5552486187845304, 0.5552486187845304, 0.5552486187845304, 0.6233333333333333] 
Recall: [0.9601990049751243, 0.8955223880597015, 1.0, 1.0, 1.0, 0.6766169154228856, 0.9104477611940298, 0.8955223880597015, 1.0, 1.0, 0.9701492537313433, 1.0, 1.0, 0.9800995024875622, 0.7562189054726368, 1.0, 1.0, 1.0, 1.0, 0.9303482587064676] 
F1: [0.7324478178368121, 0.7594936708860759, 0.714031971580817, 0.714031971580817, 0.714031971580817, 0.6252873563218391, 0.7484662576687116, 0.7708779443254817, 0.714031971580817, 0.714031971580817, 0.7276119402985074, 0.714031971580817, 0.714031971580817, 0.7242647058823529, 0.6454352441613589, 0.714031971580817, 0.714031971580817, 0.714031971580817, 0.714031971580817, 0.7465069860279441] 
Runtime: [33.959043741226196, 34.650965213775635, 34.070207834243774, 34.24607706069946, 33.942291021347046, 34.59103560447693, 34.70959162712097, 35.185423851013184, 35.68294405937195, 35.91844725608826, 34.24948978424072, 34.19701337814331, 33.88995003700256, 33.52453422546387, 33.46339273452759, 33.68833875656128, 32.589097023010254, 33.686344146728516, 34.85826802253723, 35.242920875549316]

Experiment 21: {"deep_learner": true, "n_layers": 1, "lipschitz_lr": false, "reduce_data": false, "embedding_dims": 2, "k": 3, "oversample": true, "activation": "parabola"}

/usr/local/lib/python3.6/dist-packages/sklearn/metrics/classification.py:1437: UndefinedMetricWarning: Precision is ill-defined and being set to 0.0 due to no predicted samples.
  "precision", "predicted", average, warn_for)
/usr/local/lib/python3.6/dist-packages/sklearn/metrics/classification.py:1437: UndefinedMetricWarning: F-score is ill-defined and being set to 0.0 due to no predicted samples.
  "precision", "predicted", average, warn_for)

Precision: [0.60625, 0.5808383233532934, 0.6577946768060836, 0.5969696969696969, 1.0, 0.6058631921824105, 0.5945121951219512, 0.6, 0.0, 0.6301369863013698, 0.5968253968253968, 1.0, 0.0, 0.5963302752293578, 0.579250720461095, 0.6233333333333333, 0.6573426573426573, 0.5852941176470589, 0.5969230769230769, 0.6057692307692307] 
Recall: [0.9651741293532339, 0.9651741293532339, 0.8606965174129353, 0.9800995024875622, 0.004975124378109453, 0.9253731343283582, 0.9701492537313433, 0.14925373134328357, 0.0, 0.9154228855721394, 0.9353233830845771, 0.004975124378109453, 0.0, 0.9701492537313433, 1.0, 0.9303482587064676, 0.9353233830845771, 0.9900497512437811, 0.9651741293532339, 0.9402985074626866] 
F1: [0.744721689059501, 0.7252336448598131, 0.7456896551724138, 0.7419962335216573, 0.0099009900990099, 0.7322834645669292, 0.7372400756143667, 0.23904382470119523, 0.0, 0.7464503042596349, 0.7286821705426357, 0.0099009900990099, 0.0, 0.7386363636363635, 0.7335766423357664, 0.7465069860279441, 0.7720739219712525, 0.7356746765249539, 0.7376425855513308, 0.7368421052631579] 
Runtime: [35.208179235458374, 33.717998027801514, 34.14789938926697, 33.89966154098511, 36.100980281829834, 35.30821371078491, 33.687522411346436, 34.5341579914093, 36.726040840148926, 38.45987153053284, 34.37421011924744, 35.17965388298035, 36.20762848854065, 34.80125594139099, 35.113436222076416, 38.02009558677673, 35.571696758270264, 35.22071957588196, 37.25210785865784, 35.06376671791077]

Experiment 22: {"deep_learner": true, "n_layers": 1, "lipschitz_lr": false, "reduce_data": true, "embedding_dims": 2, "k": 3, "oversample": true, "activation": "relu"}
Precision: [0.5552486187845304, 0.5727002967359051, 0.6310344827586207, 0.6184971098265896, 0.6338983050847458, 0.6338983050847458, 0.5552486187845304, 0.5851393188854489, 0.6376306620209059, 0.5555555555555556, 0.5552486187845304, 0.5552486187845304, 0.6421052631578947, 0.6233333333333333, 0.5552486187845304, 0.6212624584717608, 0.5552486187845304, 0.6583629893238434, 0.5757575757575758, 0.5552486187845304] 
Recall: [1.0, 0.9601990049751243, 0.9104477611940298, 0.5323383084577115, 0.9303482587064676, 0.9303482587064676, 1.0, 0.9402985074626866, 0.9104477611940298, 0.9950248756218906, 1.0, 1.0, 0.9104477611940298, 0.9303482587064676, 1.0, 0.9303482587064676, 1.0, 0.9203980099502488, 0.945273631840796, 1.0] 
F1: [0.714031971580817, 0.7174721189591078, 0.745417515274949, 0.5721925133689839, 0.7540322580645161, 0.7540322580645161, 0.714031971580817, 0.7213740458015268, 0.7499999999999999, 0.7130124777183601, 0.714031971580817, 0.714031971580817, 0.7530864197530863, 0.7465069860279441, 0.714031971580817, 0.745019920318725, 0.714031971580817, 0.7676348547717842, 0.7156308851224106, 0.714031971580817] 
Runtime: [35.726022481918335, 35.750861406326294, 35.92382764816284, 35.970712423324585, 36.74724292755127, 35.662105560302734, 36.12030529975891, 36.797489643096924, 35.81064176559448, 35.64216208457947, 36.61636209487915, 36.31431221961975, 35.96972107887268, 35.78984975814819, 38.0827853679657, 38.031198263168335, 37.34491991996765, 37.245683431625366, 40.4864137172699, 40.9271764755249]

Experiment 23: {"deep_learner": true, "n_layers": 1, "lipschitz_lr": false, "reduce_data": true, "embedding_dims": 3, "k": 3, "oversample": true, "activation": "relu"}
Precision: [0.5552486187845304, 0.7227272727272728, 0.6163934426229508, 0.554016620498615, 0.5555555555555556, 0.5552486187845304, 0.5868263473053892, 0.6360544217687075, 0.556786703601108, 0.5777126099706745, 0.5552486187845304, 0.5552486187845304, 0.6875, 0.5552486187845304, 0.5552486187845304, 0.5552486187845304, 0.5552486187845304, 0.5552486187845304, 0.5552486187845304, 0.775609756097561] 
Recall: [1.0, 0.7910447761194029, 0.9353233830845771, 0.9950248756218906, 0.9950248756218906, 1.0, 0.9751243781094527, 0.9303482587064676, 1.0, 0.9800995024875622, 1.0, 1.0, 0.8208955223880597, 1.0, 1.0, 1.0, 1.0, 1.0, 1.0, 0.7910447761194029] 
F1: [0.714031971580817, 0.7553444180522566, 0.7430830039525691, 0.711743772241993, 0.7130124777183601, 0.714031971580817, 0.7327102803738318, 0.7555555555555555, 0.7153024911032029, 0.7269372693726938, 0.714031971580817, 0.714031971580817, 0.7482993197278912, 0.714031971580817, 0.714031971580817, 0.714031971580817, 0.714031971580817, 0.714031971580817, 0.714031971580817, 0.7832512315270934] 
Runtime: [37.91441798210144, 40.17508149147034, 37.9585964679718, 37.30972099304199, 39.83256459236145, 37.9339394569397, 38.95389485359192, 40.105716943740845, 39.81047558784485, 38.57742261886597, 39.073162317276, 39.634899616241455, 40.917025566101074, 39.400819301605225, 38.88750100135803, 39.3269407749176, 39.746365547180176, 40.18888807296753, 40.46942329406738, 41.71404409408569]

Experiment 24: {"deep_learner": true, "n_layers": 1, "lipschitz_lr": false, "reduce_data": true, "embedding_dims": 2, "k": 5, "oversample": true, "activation": "relu"}
Precision: [0.5552486187845304, 0.59375, 0.6979166666666666, 0.6262626262626263, 0.6064516129032258, 0.5552486187845304, 0.6225165562913907, 0.5552486187845304, 0.6219931271477663, 0.5552486187845304, 0.5552486187845304, 0.6359447004608295, 0.5552486187845304, 0.5552486187845304, 0.5552486187845304, 0.5903614457831325, 0.6111111111111112, 0.5552486187845304, 0.5552486187845304, 0.5552486187845304] 
Recall: [1.0, 0.945273631840796, 0.6666666666666666, 0.9253731343283582, 0.9353233830845771, 1.0, 0.9353233830845771, 1.0, 0.900497512437811, 1.0, 1.0, 0.6865671641791045, 1.0, 1.0, 1.0, 0.9751243781094527, 0.9303482587064676, 1.0, 1.0, 1.0] 
F1: [0.714031971580817, 0.7293666026871402, 0.6819338422391857, 0.7469879518072289, 0.735812133072407, 0.714031971580817, 0.7475149105367793, 0.714031971580817, 0.7357723577235773, 0.714031971580817, 0.714031971580817, 0.660287081339713, 0.714031971580817, 0.714031971580817, 0.714031971580817, 0.7354596622889306, 0.73767258382643, 0.714031971580817, 0.714031971580817, 0.714031971580817] 
Runtime: [41.51649832725525, 41.185648679733276, 43.30589842796326, 41.11956477165222, 41.08182907104492, 40.24289894104004, 43.19868350028992, 41.32966923713684, 41.20271873474121, 42.03286147117615, 40.882344007492065, 40.81380534172058, 40.3466591835022, 42.54882192611694, 42.2798285484314, 40.971208810806274, 41.52758526802063, 43.72247934341431, 43.4447124004364, 42.73546504974365]

Experiment 25: {"deep_learner": true, "n_layers": 1, "lipschitz_lr": false, "reduce_data": true, "embedding_dims": 3, "k": 5, "oversample": true, "activation": "relu"}
Precision: [0.5981308411214953, 0.5621468926553672, 0.5975232198142415, 0.6107594936708861, 0.5552486187845304, 0.6006191950464397, 0.5552486187845304, 0.5789473684210527, 0.5751445086705202, 0.5987460815047022, 0.5962732919254659, 0.5552486187845304, 0.6018808777429467, 0.6581818181818182, 0.5962732919254659, 0.5962732919254659, 0.5993485342019544, 0.7318181818181818, 0.5747800586510264, 0.6037735849056604] 
Recall: [0.9552238805970149, 0.9900497512437811, 0.9601990049751243, 0.9601990049751243, 1.0, 0.9651741293532339, 1.0, 0.9850746268656716, 0.9900497512437811, 0.9502487562189055, 0.9552238805970149, 1.0, 0.9552238805970149, 0.900497512437811, 0.9552238805970149, 0.9552238805970149, 0.9154228855721394, 0.8009950248756219, 0.9751243781094527, 0.9552238805970149] 
F1: [0.735632183908046, 0.7171171171171171, 0.7366412213740459, 0.746615087040619, 0.714031971580817, 0.7404580152671757, 0.714031971580817, 0.729281767955801, 0.7276051188299817, 0.7346153846153846, 0.7342256214149141, 0.714031971580817, 0.7384615384615384, 0.7605042016806723, 0.7342256214149141, 0.7342256214149141, 0.7244094488188977, 0.7648456057007125, 0.7232472324723248, 0.7398843930635838] 
Runtime: [42.97097206115723, 42.822388887405396, 44.51260280609131, 41.98935079574585, 44.63294744491577, 43.633875370025635, 45.1230525970459, 47.64842510223389, 43.80946207046509, 43.419716119766235, 43.699071407318115, 42.70452952384949, 46.824270248413086, 47.03998351097107, 50.467702865600586, 44.918811321258545, 43.74906778335571, 43.198899269104004, 45.53914999961853, 47.17910575866699]

Experiment 26: {"deep_learner": true, "n_layers": 1, "lipschitz_lr": false, "reduce_data": true, "embedding_dims": 3, "k": 4, "oversample": true, "activation": "relu"}
Precision: [0.617363344051447, 0.6158940397350994, 0.5552486187845304, 0.6212624584717608, 0.5583333333333333, 0.550561797752809, 0.5552486187845304, 0.5480225988700564, 0.5552486187845304, 0.6040268456375839, 0.5552486187845304, 0.5552486187845304, 0.5993485342019544, 0.5649717514124294, 0.5533707865168539, 0.5546218487394958, 0.6141479099678456, 0.5552486187845304, 0.5552486187845304, 0.553072625698324] 
Recall: [0.9552238805970149, 0.9253731343283582, 1.0, 0.9303482587064676, 1.0, 0.9751243781094527, 1.0, 0.9651741293532339, 1.0, 0.8955223880597015, 1.0, 1.0, 0.9154228855721394, 0.9950248756218906, 0.9800995024875622, 0.9850746268656716, 0.9502487562189055, 1.0, 1.0, 0.9850746268656716] 
F1: [0.75, 0.7395626242544732, 0.714031971580817, 0.745019920318725, 0.7165775401069518, 0.703770197486535, 0.714031971580817, 0.6990990990990991, 0.714031971580817, 0.7214428857715431, 0.714031971580817, 0.714031971580817, 0.7244094488188977, 0.7207207207207208, 0.7073608617594254, 0.7096774193548386, 0.74609375, 0.714031971580817, 0.714031971580817, 0.7084078711985689] 
Runtime: [46.781338930130005, 48.9189875125885, 45.05262732505798, 45.24436593055725, 49.94093418121338, 50.784045457839966, 51.96640467643738, 49.39939832687378, 48.99231934547424, 52.21880912780762, 48.57396388053894, 47.57692360877991, 49.92777943611145, 48.928518772125244, 48.87342882156372, 48.688307762145996, 50.96829581260681, 50.988423347473145, 48.46760702133179, 50.46015787124634]

Experiment 27: {"deep_learner": true, "n_layers": 1, "lipschitz_lr": false, "reduce_data": false, "embedding_dims": 2, "k": 3, "oversample": true, "activation": "relu"}
Precision: [0.6136363636363636, 0.6292517006802721, 0.596875, 0.6065573770491803, 0.6180555555555556, 0.5943396226415094, 0.6212624584717608, 0.6109215017064846, 0.5975232198142415, 0.6284722222222222, 0.5887850467289719, 0.6050156739811913, 0.5913312693498453, 0.6363636363636364, 0.6254180602006689, 0.6123778501628665, 0.6217105263157895, 0.6063492063492063, 0.610738255033557, 0.6225165562913907] 
Recall: [0.9402985074626866, 0.9203980099502488, 0.9502487562189055, 0.9203980099502488, 0.8855721393034826, 0.9402985074626866, 0.9303482587064676, 0.8905472636815921, 0.9601990049751243, 0.900497512437811, 0.9402985074626866, 0.9601990049751243, 0.9502487562189055, 0.9054726368159204, 0.9303482587064676, 0.9353233830845771, 0.9402985074626866, 0.9502487562189055, 0.9054726368159204, 0.9353233830845771] 
F1: [0.7426326129666013, 0.7474747474747475, 0.7332053742802304, 0.7312252964426877, 0.7280163599182004, 0.7283236994219653, 0.745019920318725, 0.7246963562753036, 0.7366412213740459, 0.7402862985685071, 0.7241379310344828, 0.7423076923076923, 0.7290076335877862, 0.7474332648870636, 0.7480000000000001, 0.7401574803149606, 0.7485148514851485, 0.7403100775193798, 0.7294589178356714, 0.7475149105367793] 
Runtime: [48.14371347427368, 49.14801287651062, 48.262367725372314, 46.899890184402466, 50.164018630981445, 48.26137590408325, 51.42642521858215, 50.97340273857117, 47.02116131782532, 47.387366771698, 47.77742552757263, 49.164209842681885, 48.925437450408936, 50.65595746040344, 47.76022291183472, 51.579049587249756, 51.33692789077759, 50.34203219413757, 50.081329345703125, 51.208680629730225]

Experiment 28: {"deep_learner": true, "n_layers": 1, "lipschitz_lr": false, "reduce_data": false, "embedding_dims": 2, "k": 3, "oversample": false, "activation": "parabola"}

/usr/local/lib/python3.6/dist-packages/sklearn/metrics/classification.py:1437: UndefinedMetricWarning: Precision is ill-defined and being set to 0.0 due to no predicted samples.
  "precision", "predicted", average, warn_for)
/usr/local/lib/python3.6/dist-packages/sklearn/metrics/classification.py:1437: UndefinedMetricWarning: F-score is ill-defined and being set to 0.0 due to no predicted samples.
  "precision", "predicted", average, warn_for)

Precision: [0.5893719806763285, 0.6065573770491803, 0.2972972972972973, 0.6153846153846154, 1.0, 0.1111111111111111, 0.0, 0.6515151515151515, 0.5, 0.5862068965517241, 0.5352941176470588, 0.6305084745762712, 0.0, 0.6755725190839694, 0.5811209439528023, 0.625, 1.0, 1.0, 0.7037037037037037, 0.5968253968253968] 
Recall: [0.6069651741293532, 0.9203980099502488, 0.05472636815920398, 0.9154228855721394, 0.004975124378109453, 0.009950248756218905, 0.0, 0.8557213930348259, 0.009950248756218905, 0.9303482587064676, 0.4527363184079602, 0.9253731343283582, 0.0, 0.8805970149253731, 0.9800995024875622, 0.024875621890547265, 0.01990049751243781, 0.004975124378109453, 0.7562189054726368, 0.9353233830845771] 
F1: [0.5980392156862744, 0.7312252964426877, 0.09243697478991596, 0.7360000000000001, 0.0099009900990099, 0.018264840182648404, 0.0, 0.7397849462365592, 0.01951219512195122, 0.7192307692307691, 0.4905660377358491, 0.75, 0.0, 0.7645788336933044, 0.7296296296296296, 0.04784688995215311, 0.03902439024390244, 0.0099009900990099, 0.7290167865707434, 0.7286821705426357] 
Runtime: [42.67706108093262, 43.2345175743103, 42.30999517440796, 42.90232706069946, 43.609113693237305, 41.82554531097412, 41.96649360656738, 45.443045139312744, 43.30596876144409, 42.44024419784546, 41.959171533584595, 45.12156867980957, 44.09212613105774, 42.5908625125885, 43.15484380722046, 44.33039307594299, 45.342291593551636, 44.40653443336487, 42.65202260017395, 52.351202726364136]

Experiment 29: {"deep_learner": true, "n_layers": 3, "lipschitz_lr": false, "reduce_data": false, "embedding_dims": 2, "k": 3, "oversample": true, "activation": "relu"}
Precision: [0.6526315789473685, 0.6528301886792452, 0.6341463414634146, 0.6507352941176471, 0.636986301369863, 0.6498194945848376, 0.6353790613718412, 0.6167247386759582, 0.6466431095406361, 0.6051779935275081, 0.6408450704225352, 0.6341463414634146, 0.6770428015564203, 0.6312056737588653, 0.6334519572953736, 0.6451612903225806, 0.6208053691275168, 0.6436363636363637, 0.6258503401360545, 0.6312056737588653] 
Recall: [0.9253731343283582, 0.8606965174129353, 0.9054726368159204, 0.8805970149253731, 0.9253731343283582, 0.8955223880597015, 0.8756218905472637, 0.8805970149253731, 0.9104477611940298, 0.9303482587064676, 0.9054726368159204, 0.9054726368159204, 0.8656716417910447, 0.8855721393034826, 0.8855721393034826, 0.8955223880597015, 0.9203980099502488, 0.8805970149253731, 0.9154228855721394, 0.8855721393034826] 
F1: [0.7654320987654321, 0.7424892703862661, 0.7459016393442622, 0.7484143763213531, 0.7545638945233264, 0.7531380753138076, 0.7364016736401674, 0.7254098360655736, 0.7561983471074382, 0.7333333333333334, 0.7505154639175258, 0.7459016393442622, 0.759825327510917, 0.7370600414078675, 0.7385892116182573, 0.75, 0.7414829659318638, 0.7436974789915967, 0.7434343434343434, 0.7370600414078675] 
Runtime: [70.31369638442993, 67.40944790840149, 65.89745712280273, 56.43819785118103, 52.59896779060364, 49.691768407821655, 50.21537232398987, 50.264936447143555, 50.49335718154907, 51.672988176345825, 50.82079482078552, 50.84246754646301, 51.016390323638916, 52.535730600357056, 51.74030804634094, 50.521470069885254, 51.423423051834106, 53.06384229660034, 52.649165868759155, 52.44911599159241]


