X13012310 0.714031971580817 0.714031971580817 0.714031971580817 0.714031971580817 0.714031971580817 0.714031971580817 0.714031971580817 0.714031971580817 0.714031971580817 0.714031971580817 0.714031971580817 0.714031971580817 0.714031971580817 0.714031971580817 0.714031971580817 0.714031971580817 0.7374517374517374 0.714031971580817 0.714031971580817 0.714031971580817
X12013310 0.7296296296296296 0.714031971580817 0.714031971580817 0.714031971580817 0.714031971580817 0.714031971580817 0.714031971580817 0.714031971580817 0.714031971580817 0.714031971580817 0.714031971580817 0.714031971580817 0.714031971580817 0.714031971580817 0.714031971580817 0.7232472324723248 0.714031971580817 0.714031971580817 0.7820512820512822 0.714031971580817
X13012410 0.7153024911032029 0.714031971580817 0.714031971580817 0.714031971580817 0.714031971580817 0.714031971580817 0.7470355731225296 0.714031971580817 0.714031971580817 0.714031971580817 0.714031971580817 0.714031971580817 0.714031971580817 0.714031971580817 0.7377398720682302 0.714031971580817 0.714031971580817 0.714031971580817 0.714031971580817 0.714031971580817
X13013610 0.714031971580817 0.714031971580817 0.714031971580817 0.714031971580817 0.714031971580817 0.714031971580817 0.714031971580817 0.714031971580817 0.7406015037593985 0.714031971580817 0.714031971580817 0.714031971580817 0.714031971580817 0.7563352826510722 0.714031971580817 0.714031971580817 0.714031971580817 0.714031971580817 0.714031971580817 0.714031971580817
X12012310 0.714031971580817 0.714031971580817 0.714031971580817 0.714031971580817 0.749003984063745 0.714031971580817 0.7642276422764227 0.714031971580817 0.7642276422764227 0.714031971580817 0.7540322580645161 0.714031971580817 0.714031971580817 0.7071428571428572 0.7535641547861507 0.714031971580817 0.7515151515151516 0.7535070140280562 0.714031971580817 0.714031971580817
X13013510 0.714031971580817 0.714031971580817 0.7269303201506592 0.720292504570384 0.714031971580817 0.714031971580817 0.714031971580817 0.714031971580817 0.714031971580817 0.714031971580817 0.7431906614785992 0.714031971580817 0.714031971580817 0.714031971580817 0.714031971580817 0.714031971580817 0.7436399217221136 0.714031971580817 0.73767258382643 0.727954971857411
X11012610 0.714031971580817 0.7883211678832117 0.714031971580817 0.714031971580817 0.7576374745417516 0.7725321888412018 0.7535070140280562 0.755741127348643 0.7475149105367793 0.7577639751552796 0.714031971580817 0.7470355731225296 0.7622950819672131 0.751540041067762 0.714031971580817 0.714031971580817 0.714031971580817 0.714031971580817 0.7551020408163265 0.714031971580817
X13012710 0.714031971580817 0.714031971580817 0.714031971580817 0.714031971580817 0.714031971580817 0.714031971580817 0.714031971580817 0.714031971580817 0.714031971580817 0.714031971580817 0.714031971580817 0.7184115523465704 0.714031971580817 0.714031971580817 0.7255278310940498 0.7262569832402235 0.7200000000000001 0.714031971580817 0.714031971580817 0.714031971580817
X12013410 0.714031971580817 0.714031971580817 0.714031971580817 0.714031971580817 0.714031971580817 0.714031971580817 0.775 0.7191413237924865 0.7421875 0.739463601532567 0.7440758293838863 0.735009671179884 0.756 0.7642276422764227 0.714031971580817 0.7148014440433212 0.6962962962962963 0.7642276422764227 0.714031971580817 0.714031971580817
X12012610 0.714031971580817 0.714031971580817 0.714031971580817 0.714031971580817 0.714031971580817 0.714031971580817 0.714031971580817 0.714031971580817 0.714031971580817 0.714031971580817 0.714031971580817 0.7272727272727274 0.714031971580817 0.714031971580817 0.714031971580817 0.714031971580817 0.714031971580817 0.714031971580817 0.714031971580817 0.714031971580817
X12013610 0.7304015296367113 0.714031971580817 0.714031971580817 0.714031971580817 0.7177570093457945 0.714031971580817 0.7153024911032029 0.714031971580817 0.7096774193548386 0.7239488117001828 0.7210626185958253 0.714031971580817 0.7142857142857143 0.714031971580817 0.714031971580817 0.7359307359307359 0.714031971580817 0.714031971580817 0.714031971580817 0.714031971580817
X13013310 0.714031971580817 0.714031971580817 0.714031971580817 0.7276119402985074 0.7504835589941974 0.714031971580817 0.714031971580817 0.714031971580817 0.714031971580817 0.714031971580817 0.714031971580817 0.714031971580817 0.714031971580817 0.714031971580817 0.714031971580817 0.714031971580817 0.714031971580817 0.714031971580817 0.714031971580817 0.714031971580817
X12013710 0.714031971580817 0.714031971580817 0.752 0.714031971580817 0.714031971580817 0.7255639097744362 0.714031971580817 0.714031971580817 0.714031971580817 0.7073608617594254 0.714031971580817 0.714031971580817 0.714031971580817 0.714031971580817 0.714031971580817 0.7282809611829945 0.714031971580817 0.714031971580817 0.714031971580817 0.7218045112781954
X12013510 0.7145421903052064 0.714031971580817 0.714031971580817 0.714031971580817 0.714031971580817 0.714031971580817 0.714031971580817 0.714031971580817 0.7186932849364792 0.714031971580817 0.714031971580817 0.714031971580817 0.714031971580817 0.714031971580817 0.714031971580817 0.714031971580817 0.714031971580817 0.714031971580817 0.714031971580817 0.714031971580817
X11013511 0.611336032388664 0.7094474153297683 0.7071428571428572 0.704830053667263 0.711743772241993 0.7230215827338129 0.714031971580817 0.714031971580817 0.714031971580817 0.6370656370656371 0.714031971580817 0.652591170825336 0.711743772241993 0.714031971580817 0.714031971580817 0.714031971580817 0.714031971580817 0.714031971580817 0.5935483870967742 0.7124773960216998
X11013610 0.714031971580817 0.714031971580817 0.5957446808510638 0.714031971580817 0.6748971193415638 0.714031971580817 0.714031971580817 0.714031971580817 0.714031971580817 0.714031971580817 0.714031971580817 0.714031971580817 0.714031971580817 0.714031971580817 0.714031971580817 0.6892177589852008 0.714031971580817 0.714031971580817 0.7248576850094876 0.7153024911032029
X12012410 0.714031971580817 0.714031971580817 0.714031971580817 0.714031971580817 0.714031971580817 0.714031971580817 0.714031971580817 0.714031971580817 0.714031971580817 0.714031971580817 0.714031971580817 0.714031971580817 0.714031971580817 0.714031971580817 0.7265625 0.7210626185958253 0.714031971580817 0.714031971580817 0.7069597069597069 0.714031971580817
X12012710 0.714031971580817 0.714031971580817 0.714031971580817 0.711743772241993 0.714031971580817 0.714031971580817 0.714031971580817 0.714031971580817 0.714031971580817 0.711743772241993 0.714031971580817 0.714031971580817 0.714031971580817 0.714031971580817 0.7130124777183601 0.714031971580817 0.714031971580817 0.714031971580817 0.714031971580817 0.714031971580817
X12012510 0.7565217391304349 0.714031971580817 0.714031971580817 0.714031971580817 0.711743772241993 0.714031971580817 0.7153024911032029 0.714031971580817 0.714031971580817 0.714031971580817 0.714031971580817 0.714031971580817 0.714031971580817 0.714031971580817 0.714031971580817 0.714031971580817 0.714031971580817 0.714031971580817 0.714031971580817 0.714031971580817
X11012410 0.7324478178368121 0.7594936708860759 0.714031971580817 0.714031971580817 0.714031971580817 0.6252873563218391 0.7484662576687116 0.7708779443254817 0.714031971580817 0.714031971580817 0.7276119402985074 0.714031971580817 0.714031971580817 0.7242647058823529 0.6454352441613589 0.714031971580817 0.714031971580817 0.714031971580817 0.714031971580817 0.7465069860279441
X11002311 0.744721689059501 0.7252336448598131 0.7456896551724138 0.7419962335216573 0.0099009900990099 0.7322834645669292 0.7372400756143667 0.23904382470119523 0.0 0.7464503042596349 0.7286821705426357 0.0099009900990099 0.0 0.7386363636363635 0.7335766423357664 0.7465069860279441 0.7720739219712525 0.7356746765249539 0.7376425855513308 0.7368421052631579
X11012310 0.714031971580817 0.7174721189591078 0.745417515274949 0.5721925133689839 0.7540322580645161 0.7540322580645161 0.714031971580817 0.7213740458015268 0.7499999999999999 0.7130124777183601 0.714031971580817 0.714031971580817 0.7530864197530863 0.7465069860279441 0.714031971580817 0.745019920318725 0.714031971580817 0.7676348547717842 0.7156308851224106 0.714031971580817
X11013310 0.714031971580817 0.7553444180522566 0.7430830039525691 0.711743772241993 0.7130124777183601 0.714031971580817 0.7327102803738318 0.7555555555555555 0.7153024911032029 0.7269372693726938 0.714031971580817 0.714031971580817 0.7482993197278912 0.714031971580817 0.714031971580817 0.714031971580817 0.714031971580817 0.714031971580817 0.714031971580817 0.7832512315270934
X11012510 0.714031971580817 0.7293666026871402 0.6819338422391857 0.7469879518072289 0.735812133072407 0.714031971580817 0.7475149105367793 0.714031971580817 0.7357723577235773 0.714031971580817 0.714031971580817 0.660287081339713 0.714031971580817 0.714031971580817 0.714031971580817 0.7354596622889306 0.73767258382643 0.714031971580817 0.714031971580817 0.714031971580817
X11013510 0.735632183908046 0.7171171171171171 0.7366412213740459 0.746615087040619 0.714031971580817 0.7404580152671757 0.714031971580817 0.729281767955801 0.7276051188299817 0.7346153846153846 0.7342256214149141 0.714031971580817 0.7384615384615384 0.7605042016806723 0.7342256214149141 0.7342256214149141 0.7244094488188977 0.7648456057007125 0.7232472324723248 0.7398843930635838
X11013410 0.75 0.7395626242544732 0.714031971580817 0.745019920318725 0.7165775401069518 0.703770197486535 0.714031971580817 0.6990990990990991 0.714031971580817 0.7214428857715431 0.714031971580817 0.714031971580817 0.7244094488188977 0.7207207207207208 0.7073608617594254 0.7096774193548386 0.74609375 0.714031971580817 0.714031971580817 0.7084078711985689
X11002310 0.7426326129666013 0.7474747474747475 0.7332053742802304 0.7312252964426877 0.7280163599182004 0.7283236994219653 0.745019920318725 0.7246963562753036 0.7366412213740459 0.7402862985685071 0.7241379310344828 0.7423076923076923 0.7290076335877862 0.7474332648870636 0.7480000000000001 0.7401574803149606 0.7485148514851485 0.7403100775193798 0.7294589178356714 0.7475149105367793
X11002301 0.5980392156862744 0.7312252964426877 0.09243697478991596 0.7360000000000001 0.0099009900990099 0.018264840182648404 0.0 0.7397849462365592 0.01951219512195122 0.7192307692307691 0.4905660377358491 0.75 0.0 0.7645788336933044 0.7296296296296296 0.04784688995215311 0.03902439024390244 0.0099009900990099 0.7290167865707434 0.7286821705426357
X13002310 0.7654320987654321 0.7424892703862661 0.7459016393442622 0.7484143763213531 0.7545638945233264 0.7531380753138076 0.7364016736401674 0.7254098360655736 0.7561983471074382 0.7333333333333334 0.7505154639175258 0.7459016393442622 0.759825327510917 0.7370600414078675 0.7385892116182573 0.75 0.7414829659318638 0.7436974789915967 0.7434343434343434 0.7370600414078675
