X13012310 0.5552486187845304 0.5552486187845304 0.5552486187845304 0.5552486187845304 0.5552486187845304 0.5552486187845304 0.5552486187845304 0.5552486187845304 0.5552486187845304 0.5552486187845304 0.5552486187845304 0.5552486187845304 0.5552486187845304 0.5552486187845304 0.5552486187845304 0.5552486187845304 0.6025236593059937 0.5552486187845304 0.5552486187845304 0.5552486187845304
X12013310 0.5811209439528023 0.5552486187845304 0.5552486187845304 0.5552486187845304 0.5552486187845304 0.5552486187845304 0.5552486187845304 0.5552486187845304 0.5552486187845304 0.5552486187845304 0.5552486187845304 0.5552486187845304 0.5552486187845304 0.5552486187845304 0.5552486187845304 0.5747800586510264 0.5552486187845304 0.5552486187845304 0.6853932584269663 0.5552486187845304
X13012410 0.556786703601108 0.5552486187845304 0.5552486187845304 0.5552486187845304 0.5552486187845304 0.5552486187845304 0.6196721311475409 0.5552486187845304 0.5552486187845304 0.5552486187845304 0.5552486187845304 0.5552486187845304 0.5552486187845304 0.5552486187845304 0.6455223880597015 0.5552486187845304 0.5552486187845304 0.5552486187845304 0.5552486187845304 0.5552486187845304
X13013610 0.5552486187845304 0.5552486187845304 0.5552486187845304 0.5552486187845304 0.5552486187845304 0.5552486187845304 0.5552486187845304 0.5552486187845304 0.595166163141994 0.5552486187845304 0.5552486187845304 0.5552486187845304 0.5552486187845304 0.6217948717948718 0.5552486187845304 0.5552486187845304 0.5552486187845304 0.5552486187845304 0.5552486187845304 0.5552486187845304
X12012310 0.5552486187845304 0.5552486187845304 0.5552486187845304 0.5552486187845304 0.6245847176079734 0.5552486187845304 0.6460481099656358 0.5552486187845304 0.6460481099656358 0.5552486187845304 0.6338983050847458 0.5552486187845304 0.5552486187845304 0.5515320334261838 0.6379310344827587 0.5552486187845304 0.6326530612244898 0.6308724832214765 0.5552486187845304 0.5552486187845304
X13013510 0.5552486187845304 0.5552486187845304 0.5848484848484848 0.569364161849711 0.5552486187845304 0.5552486187845304 0.5552486187845304 0.5552486187845304 0.5552486187845304 0.5552486187845304 0.610223642172524 0.5552486187845304 0.5552486187845304 0.5552486187845304 0.5552486187845304 0.5552486187845304 0.6129032258064516 0.5552486187845304 0.6111111111111112 0.5843373493975904
X11012610 0.5552486187845304 0.7714285714285715 0.5552486187845304 0.5552486187845304 0.6413793103448275 0.6792452830188679 0.6308724832214765 0.6510791366906474 0.6225165562913907 0.648936170212766 0.5552486187845304 0.6196721311475409 0.6480836236933798 0.6398601398601399 0.5552486187845304 0.5552486187845304 0.5552486187845304 0.5552486187845304 0.6401384083044983 0.5552486187845304
X13012710 0.5552486187845304 0.5552486187845304 0.5552486187845304 0.5552486187845304 0.5552486187845304 0.5552486187845304 0.5552486187845304 0.5552486187845304 0.5552486187845304 0.5552486187845304 0.5552486187845304 0.5637393767705382 0.5552486187845304 0.5552486187845304 0.590625 0.5803571428571429 0.5833333333333334 0.5552486187845304 0.5552486187845304 0.5552486187845304
X12013410 0.5552486187845304 0.5552486187845304 0.5552486187845304 0.5552486187845304 0.5552486187845304 0.5552486187845304 0.6666666666666666 0.5614525139664804 0.6109324758842444 0.6012461059190031 0.7104072398190046 0.6012658227848101 0.6321070234113713 0.6460481099656358 0.5552486187845304 0.5609065155807366 0.5545722713864307 0.6460481099656358 0.5552486187845304 0.5552486187845304
X12012610 0.5552486187845304 0.5552486187845304 0.5552486187845304 0.5552486187845304 0.5552486187845304 0.5552486187845304 0.5552486187845304 0.5552486187845304 0.5552486187845304 0.5552486187845304 0.5552486187845304 0.5798816568047337 0.5552486187845304 0.5552486187845304 0.5552486187845304 0.5552486187845304 0.5552486187845304 0.5552486187845304 0.5552486187845304 0.5552486187845304
X12013610 0.593167701863354 0.5552486187845304 0.5552486187845304 0.5552486187845304 0.5748502994011976 0.5552486187845304 0.556786703601108 0.5552486187845304 0.5546218487394958 0.5722543352601156 0.5828220858895705 0.5552486187845304 0.5571030640668524 0.5552486187845304 0.5552486187845304 0.6513409961685823 0.5552486187845304 0.5552486187845304 0.5552486187845304 0.5552486187845304
X13013310 0.5552486187845304 0.5552486187845304 0.5552486187845304 0.582089552238806 0.6139240506329114 0.5552486187845304 0.5552486187845304 0.5552486187845304 0.5552486187845304 0.5552486187845304 0.5552486187845304 0.5552486187845304 0.5552486187845304 0.5552486187845304 0.5552486187845304 0.5552486187845304 0.5552486187845304 0.5552486187845304 0.5552486187845304 0.5552486187845304
X12013710 0.5552486187845304 0.5552486187845304 0.6287625418060201 0.5552486187845304 0.5552486187845304 0.5830815709969789 0.5552486187845304 0.5552486187845304 0.5552486187845304 0.5533707865168539 0.5552486187845304 0.5552486187845304 0.5552486187845304 0.5552486187845304 0.5552486187845304 0.5794117647058824 0.5552486187845304 0.5552486187845304 0.5552486187845304 0.5800604229607251
X12013510 0.5589887640449438 0.5552486187845304 0.5552486187845304 0.5552486187845304 0.5552486187845304 0.5552486187845304 0.5552486187845304 0.5552486187845304 0.5657142857142857 0.5552486187845304 0.5552486187845304 0.5552486187845304 0.5552486187845304 0.5552486187845304 0.5552486187845304 0.5552486187845304 0.5552486187845304 0.5552486187845304 0.5552486187845304 0.5552486187845304
X11013511 0.515358361774744 0.5527777777777778 0.5515320334261838 0.5502793296089385 0.554016620498615 0.5661971830985916 0.5552486187845304 0.5552486187845304 0.5552486187845304 0.5205047318611987 0.5552486187845304 0.53125 0.554016620498615 0.5552486187845304 0.5552486187845304 0.5552486187845304 0.5552486187845304 0.5552486187845304 0.5227272727272727 0.5596590909090909
X11013610 0.5552486187845304 0.5552486187845304 0.5675675675675675 0.5552486187845304 0.5754385964912281 0.5552486187845304 0.5552486187845304 0.5552486187845304 0.5552486187845304 0.5552486187845304 0.5552486187845304 0.5552486187845304 0.5552486187845304 0.5552486187845304 0.5552486187845304 0.5992647058823529 0.5552486187845304 0.5552486187845304 0.5858895705521472 0.556786703601108
X12012410 0.5552486187845304 0.5552486187845304 0.5552486187845304 0.5552486187845304 0.5552486187845304 0.5552486187845304 0.5552486187845304 0.5552486187845304 0.5552486187845304 0.5552486187845304 0.5552486187845304 0.5552486187845304 0.5552486187845304 0.5552486187845304 0.5980707395498392 0.5828220858895705 0.5552486187845304 0.5552486187845304 0.5594202898550724 0.5552486187845304
X12012710 0.5552486187845304 0.5552486187845304 0.5552486187845304 0.554016620498615 0.5552486187845304 0.5552486187845304 0.5552486187845304 0.5552486187845304 0.5552486187845304 0.554016620498615 0.5552486187845304 0.5552486187845304 0.5552486187845304 0.5552486187845304 0.5555555555555556 0.5552486187845304 0.5552486187845304 0.5552486187845304 0.5552486187845304 0.5552486187845304
X12012510 0.6718146718146718 0.5552486187845304 0.5552486187845304 0.5552486187845304 0.554016620498615 0.5552486187845304 0.556786703601108 0.5552486187845304 0.5552486187845304 0.5552486187845304 0.5552486187845304 0.5552486187845304 0.5552486187845304 0.5552486187845304 0.5552486187845304 0.5552486187845304 0.5552486187845304 0.5552486187845304 0.5552486187845304 0.5552486187845304
X11012410 0.5920245398773006 0.6593406593406593 0.5552486187845304 0.5552486187845304 0.5552486187845304 0.5811965811965812 0.6354166666666666 0.6766917293233082 0.5552486187845304 0.5552486187845304 0.582089552238806 0.5552486187845304 0.5552486187845304 0.5743440233236151 0.562962962962963 0.5552486187845304 0.5552486187845304 0.5552486187845304 0.5552486187845304 0.6233333333333333
X11002311 0.60625 0.5808383233532934 0.6577946768060836 0.5969696969696969 1.0 0.6058631921824105 0.5945121951219512 0.6 0.0 0.6301369863013698 0.5968253968253968 1.0 0.0 0.5963302752293578 0.579250720461095 0.6233333333333333 0.6573426573426573 0.5852941176470589 0.5969230769230769 0.6057692307692307
X11012310 0.5552486187845304 0.5727002967359051 0.6310344827586207 0.6184971098265896 0.6338983050847458 0.6338983050847458 0.5552486187845304 0.5851393188854489 0.6376306620209059 0.5555555555555556 0.5552486187845304 0.5552486187845304 0.6421052631578947 0.6233333333333333 0.5552486187845304 0.6212624584717608 0.5552486187845304 0.6583629893238434 0.5757575757575758 0.5552486187845304
X11013310 0.5552486187845304 0.7227272727272728 0.6163934426229508 0.554016620498615 0.5555555555555556 0.5552486187845304 0.5868263473053892 0.6360544217687075 0.556786703601108 0.5777126099706745 0.5552486187845304 0.5552486187845304 0.6875 0.5552486187845304 0.5552486187845304 0.5552486187845304 0.5552486187845304 0.5552486187845304 0.5552486187845304 0.775609756097561
X11012510 0.5552486187845304 0.59375 0.6979166666666666 0.6262626262626263 0.6064516129032258 0.5552486187845304 0.6225165562913907 0.5552486187845304 0.6219931271477663 0.5552486187845304 0.5552486187845304 0.6359447004608295 0.5552486187845304 0.5552486187845304 0.5552486187845304 0.5903614457831325 0.6111111111111112 0.5552486187845304 0.5552486187845304 0.5552486187845304
X11013510 0.5981308411214953 0.5621468926553672 0.5975232198142415 0.6107594936708861 0.5552486187845304 0.6006191950464397 0.5552486187845304 0.5789473684210527 0.5751445086705202 0.5987460815047022 0.5962732919254659 0.5552486187845304 0.6018808777429467 0.6581818181818182 0.5962732919254659 0.5962732919254659 0.5993485342019544 0.7318181818181818 0.5747800586510264 0.6037735849056604
X11013410 0.617363344051447 0.6158940397350994 0.5552486187845304 0.6212624584717608 0.5583333333333333 0.550561797752809 0.5552486187845304 0.5480225988700564 0.5552486187845304 0.6040268456375839 0.5552486187845304 0.5552486187845304 0.5993485342019544 0.5649717514124294 0.5533707865168539 0.5546218487394958 0.6141479099678456 0.5552486187845304 0.5552486187845304 0.553072625698324
X11002310 0.6136363636363636 0.6292517006802721 0.596875 0.6065573770491803 0.6180555555555556 0.5943396226415094 0.6212624584717608 0.6109215017064846 0.5975232198142415 0.6284722222222222 0.5887850467289719 0.6050156739811913 0.5913312693498453 0.6363636363636364 0.6254180602006689 0.6123778501628665 0.6217105263157895 0.6063492063492063 0.610738255033557 0.6225165562913907
X11002301 0.5893719806763285 0.6065573770491803 0.2972972972972973 0.6153846153846154 1.0 0.1111111111111111 0.0 0.6515151515151515 0.5 0.5862068965517241 0.5352941176470588 0.6305084745762712 0.0 0.6755725190839694 0.5811209439528023 0.625 1.0 1.0 0.7037037037037037 0.5968253968253968
X13002310 0.6526315789473685 0.6528301886792452 0.6341463414634146 0.6507352941176471 0.636986301369863 0.6498194945848376 0.6353790613718412 0.6167247386759582 0.6466431095406361 0.6051779935275081 0.6408450704225352 0.6341463414634146 0.6770428015564203 0.6312056737588653 0.6334519572953736 0.6451612903225806 0.6208053691275168 0.6436363636363637 0.6258503401360545 0.6312056737588653
