X13012310 1.0 1.0 1.0 1.0 1.0 1.0 1.0 1.0 1.0 1.0 1.0 1.0 1.0 1.0 1.0 1.0 0.9502487562189055 1.0 1.0 1.0
X12013310 0.9800995024875622 1.0 1.0 1.0 1.0 1.0 1.0 1.0 1.0 1.0 1.0 1.0 1.0 1.0 1.0 0.9751243781094527 1.0 1.0 0.9104477611940298 1.0
X13012410 1.0 1.0 1.0 1.0 1.0 1.0 0.9402985074626866 1.0 1.0 1.0 1.0 1.0 1.0 1.0 0.8606965174129353 1.0 1.0 1.0 1.0 1.0
X13013610 1.0 1.0 1.0 1.0 1.0 1.0 1.0 1.0 0.9800995024875622 1.0 1.0 1.0 1.0 0.9651741293532339 1.0 1.0 1.0 1.0 1.0 1.0
X12012310 1.0 1.0 1.0 1.0 0.9353233830845771 1.0 0.9353233830845771 1.0 0.9353233830845771 1.0 0.9303482587064676 1.0 1.0 0.9850746268656716 0.9203980099502488 1.0 0.9253731343283582 0.9353233830845771 1.0 1.0
X13013510 1.0 1.0 0.9601990049751243 0.9800995024875622 1.0 1.0 1.0 1.0 1.0 1.0 0.9502487562189055 1.0 1.0 1.0 1.0 1.0 0.945273631840796 1.0 0.9303482587064676 0.9651741293532339
X11012610 1.0 0.8059701492537313 1.0 1.0 0.9253731343283582 0.8955223880597015 0.9353233830845771 0.900497512437811 0.9353233830845771 0.9104477611940298 1.0 0.9402985074626866 0.9253731343283582 0.9104477611940298 1.0 1.0 1.0 1.0 0.9203980099502488 1.0
X13012710 1.0 1.0 1.0 1.0 1.0 1.0 1.0 1.0 1.0 1.0 1.0 0.9900497512437811 1.0 1.0 0.9402985074626866 0.9701492537313433 0.9402985074626866 1.0 1.0 1.0
X12013410 1.0 1.0 1.0 1.0 1.0 1.0 0.9253731343283582 1.0 0.945273631840796 0.9601990049751243 0.7810945273631841 0.945273631840796 0.9402985074626866 0.9353233830845771 1.0 0.9850746268656716 0.9353233830845771 0.9353233830845771 1.0 1.0
X12012610 1.0 1.0 1.0 1.0 1.0 1.0 1.0 1.0 1.0 1.0 1.0 0.9751243781094527 1.0 1.0 1.0 1.0 1.0 1.0 1.0 1.0
X12013610 0.9502487562189055 1.0 1.0 1.0 0.9552238805970149 1.0 1.0 1.0 0.9850746268656716 0.9850746268656716 0.945273631840796 1.0 0.9950248756218906 1.0 1.0 0.845771144278607 1.0 1.0 1.0 1.0
X13013310 1.0 1.0 1.0 0.9701492537313433 0.9651741293532339 1.0 1.0 1.0 1.0 1.0 1.0 1.0 1.0 1.0 1.0 1.0 1.0 1.0 1.0 1.0
X12013710 1.0 1.0 0.9353233830845771 1.0 1.0 0.9601990049751243 1.0 1.0 1.0 0.9800995024875622 1.0 1.0 1.0 1.0 1.0 0.9800995024875622 1.0 1.0 1.0 0.9552238805970149
X12013510 0.9900497512437811 1.0 1.0 1.0 1.0 1.0 1.0 1.0 0.9850746268656716 1.0 1.0 1.0 1.0 1.0 1.0 1.0 1.0 1.0 1.0 1.0
X11013511 0.7512437810945274 0.9900497512437811 0.9850746268656716 0.9800995024875622 0.9950248756218906 1.0 1.0 1.0 1.0 0.8208955223880597 1.0 0.845771144278607 0.9950248756218906 1.0 1.0 1.0 1.0 1.0 0.6865671641791045 0.9800995024875622
X11013610 1.0 1.0 0.6268656716417911 1.0 0.8159203980099502 1.0 1.0 1.0 1.0 1.0 1.0 1.0 1.0 1.0 1.0 0.8109452736318408 1.0 1.0 0.9502487562189055 1.0
X12012410 1.0 1.0 1.0 1.0 1.0 1.0 1.0 1.0 1.0 1.0 1.0 1.0 1.0 1.0 0.9253731343283582 0.945273631840796 1.0 1.0 0.9601990049751243 1.0
X12012710 1.0 1.0 1.0 0.9950248756218906 1.0 1.0 1.0 1.0 1.0 0.9950248756218906 1.0 1.0 1.0 1.0 0.9950248756218906 1.0 1.0 1.0 1.0 1.0
X12012510 0.8656716417910447 1.0 1.0 1.0 0.9950248756218906 1.0 1.0 1.0 1.0 1.0 1.0 1.0 1.0 1.0 1.0 1.0 1.0 1.0 1.0 1.0
X11012410 0.9601990049751243 0.8955223880597015 1.0 1.0 1.0 0.6766169154228856 0.9104477611940298 0.8955223880597015 1.0 1.0 0.9701492537313433 1.0 1.0 0.9800995024875622 0.7562189054726368 1.0 1.0 1.0 1.0 0.9303482587064676
X11002311 0.9651741293532339 0.9651741293532339 0.8606965174129353 0.9800995024875622 0.004975124378109453 0.9253731343283582 0.9701492537313433 0.14925373134328357 0.0 0.9154228855721394 0.9353233830845771 0.004975124378109453 0.0 0.9701492537313433 1.0 0.9303482587064676 0.9353233830845771 0.9900497512437811 0.9651741293532339 0.9402985074626866
X11012310 1.0 0.9601990049751243 0.9104477611940298 0.5323383084577115 0.9303482587064676 0.9303482587064676 1.0 0.9402985074626866 0.9104477611940298 0.9950248756218906 1.0 1.0 0.9104477611940298 0.9303482587064676 1.0 0.9303482587064676 1.0 0.9203980099502488 0.945273631840796 1.0
X11013310 1.0 0.7910447761194029 0.9353233830845771 0.9950248756218906 0.9950248756218906 1.0 0.9751243781094527 0.9303482587064676 1.0 0.9800995024875622 1.0 1.0 0.8208955223880597 1.0 1.0 1.0 1.0 1.0 1.0 0.7910447761194029
X11012510 1.0 0.945273631840796 0.6666666666666666 0.9253731343283582 0.9353233830845771 1.0 0.9353233830845771 1.0 0.900497512437811 1.0 1.0 0.6865671641791045 1.0 1.0 1.0 0.9751243781094527 0.9303482587064676 1.0 1.0 1.0
X11013510 0.9552238805970149 0.9900497512437811 0.9601990049751243 0.9601990049751243 1.0 0.9651741293532339 1.0 0.9850746268656716 0.9900497512437811 0.9502487562189055 0.9552238805970149 1.0 0.9552238805970149 0.900497512437811 0.9552238805970149 0.9552238805970149 0.9154228855721394 0.8009950248756219 0.9751243781094527 0.9552238805970149
X11013410 0.9552238805970149 0.9253731343283582 1.0 0.9303482587064676 1.0 0.9751243781094527 1.0 0.9651741293532339 1.0 0.8955223880597015 1.0 1.0 0.9154228855721394 0.9950248756218906 0.9800995024875622 0.9850746268656716 0.9502487562189055 1.0 1.0 0.9850746268656716
X11002310 0.9402985074626866 0.9203980099502488 0.9502487562189055 0.9203980099502488 0.8855721393034826 0.9402985074626866 0.9303482587064676 0.8905472636815921 0.9601990049751243 0.900497512437811 0.9402985074626866 0.9601990049751243 0.9502487562189055 0.9054726368159204 0.9303482587064676 0.9353233830845771 0.9402985074626866 0.9502487562189055 0.9054726368159204 0.9353233830845771
X11002301 0.6069651741293532 0.9203980099502488 0.05472636815920398 0.9154228855721394 0.004975124378109453 0.009950248756218905 0.0 0.8557213930348259 0.009950248756218905 0.9303482587064676 0.4527363184079602 0.9253731343283582 0.0 0.8805970149253731 0.9800995024875622 0.024875621890547265 0.01990049751243781 0.004975124378109453 0.7562189054726368 0.9353233830845771
X13002310 0.9253731343283582 0.8606965174129353 0.9054726368159204 0.8805970149253731 0.9253731343283582 0.8955223880597015 0.8756218905472637 0.8805970149253731 0.9104477611940298 0.9303482587064676 0.9054726368159204 0.9054726368159204 0.8656716417910447 0.8855721393034826 0.8855721393034826 0.8955223880597015 0.9203980099502488 0.8805970149253731 0.9154228855721394 0.8855721393034826
