X13012310 63.64444446563721 63.07260704040527 62.95554494857788 64.09308052062988 63.61986494064331 63.83320069313049 63.92130637168884 64.03396940231323 64.23705410957336 64.55123162269592 65.34702181816101 64.7841944694519 65.6648097038269 65.3769736289978 65.60235071182251 65.16806936264038 65.07643055915833 65.17947506904602 65.54331684112549 66.00817966461182
X12013310 64.97481775283813 65.42722272872925 65.32463312149048 65.29847145080566 67.60478568077087 65.21731996536255 64.91249203681946 65.91475176811218 66.02819848060608 67.18805360794067 66.12067222595215 65.88034844398499 65.80429935455322 66.25143909454346 67.38450360298157 67.7331759929657 66.59735250473022 67.18635845184326 66.62144160270691 68.38848543167114
X13012410 68.93678426742554 68.61327052116394 68.28890609741211 68.09046292304993 67.82266211509705 68.42711925506592 68.57829403877258 69.04199433326721 70.71518778800964 69.8644769191742 69.83030128479004 69.98939728736877 70.85827827453613 69.7829909324646 70.24654483795166 71.63764834403992 69.7114429473877 71.16983532905579 70.48660612106323 71.02094721794128
X13013610 70.86134123802185 71.16051745414734 71.53651928901672 70.40742444992065 70.90520000457764 71.025869846344 71.76411533355713 72.26006388664246 73.05035400390625 73.74677848815918 72.62174439430237 73.51355004310608 72.50019717216492 72.84950542449951 72.51559901237488 73.78819823265076 73.68095898628235 73.955251455307 73.94445705413818 73.87739872932434
X12012310 74.54927945137024 74.7192735671997 74.17878460884094 76.62767314910889 75.1003909111023 75.15981769561768 74.6073009967804 74.56821393966675 74.22100710868835 74.90009307861328 74.06844782829285 76.1685357093811 75.18256306648254 75.37378001213074 80.40858507156372 75.93430852890015 74.81497764587402 75.56291627883911 76.18006253242493 78.40964579582214
X13013510 2.295595169067383 2.4621126651763916 2.5978593826293945 2.6102261543273926 2.8132734298706055 2.8779094219207764 2.896874189376831 3.1579036712646484 3.4402778148651123 3.4003260135650635 3.554940938949585 3.576387643814087 3.713482141494751 3.762098789215088 3.9512414932250977 3.8386147022247314 4.060022830963135 4.043273687362671 4.251905918121338 4.385870695114136
X11012610 4.398969411849976 4.417950868606567 4.521002531051636 4.673514127731323 4.785282850265503 4.820245742797852 4.91836142539978 5.032836675643921 5.012244462966919 5.195046663284302 5.247750759124756 5.302468299865723 5.3600172996521 5.512952089309692 5.5990259647369385 5.573137044906616 5.845238208770752 5.8808982372283936 5.9479591846466064 5.937255859375
X13012710 6.894838094711304 6.859555721282959 6.825497388839722 7.086671829223633 7.090541362762451 7.4821693897247314 7.225469350814819 7.886149883270264 7.578729867935181 7.678888320922852 7.887132406234741 8.040500402450562 8.057791233062744 8.175172567367554 8.187575578689575 8.396202087402344 8.474564790725708 8.515575170516968 8.64954400062561 8.865966320037842
X12013410 8.853598356246948 9.025141954421997 9.10049819946289 9.205219030380249 9.637040376663208 9.530603885650635 9.610454797744751 9.734772443771362 10.251806259155273 10.100508689880371 10.093759775161743 10.560600996017456 10.224018096923828 10.350265264511108 10.437331914901733 10.568612337112427 10.682315587997437 10.801848411560059 10.903233051300049 10.972088813781738
X12012610 11.094514608383179 11.067866802215576 11.245301485061646 11.453583002090454 11.392788887023926 11.642968893051147 12.093048810958862 12.06383228302002 12.084386587142944 12.208059310913086 12.011693000793457 12.269988059997559 12.328376770019531 12.084871053695679 12.379453897476196 12.516719818115234 12.701547861099243 12.850129842758179 12.8196542263031 13.071214199066162
X12013610 13.179337978363037 13.485988855361938 13.473880529403687 13.477781295776367 13.717822313308716 13.837316751480103 14.280667066574097 13.955764532089233 14.147259950637817 14.283440589904785 14.253751993179321 14.458365440368652 14.146827459335327 14.279153823852539 14.561480045318604 14.672916173934937 15.145508527755737 15.073029518127441 15.071392297744751 14.980196475982666
X13013310 15.257282733917236 15.545383214950562 15.72209095954895 16.11781120300293 16.23354959487915 16.253737211227417 16.270812034606934 16.400031805038452 16.346586227416992 16.637335538864136 16.64105749130249 17.104449033737183 17.078715324401855 17.121865034103394 17.343486547470093 17.35502529144287 18.102375745773315 17.87112784385681 17.967830896377563 18.054869413375854
X12013710 17.680778980255127 17.49252676963806 17.68344783782959 17.982030391693115 18.175623416900635 19.105982303619385 18.82003402709961 18.932437419891357 18.791394233703613 19.242591619491577 18.949852228164673 18.998798370361328 19.143874168395996 19.377065896987915 19.598354816436768 20.126115798950195 19.78067135810852 19.649817943572998 19.749448537826538 19.739094734191895
X12013510 20.3880295753479 19.928752660751343 20.38893747329712 20.377988576889038 20.389568328857422 20.98323130607605 20.70430326461792 20.946820497512817 21.20357036590576 21.146212577819824 21.55661940574646 21.279138565063477 21.911314487457275 21.799837589263916 22.259117126464844 21.376203060150146 21.835379123687744 22.006185054779053 21.872255563735962 21.99969720840454
X11013511 22.56268620491028 22.98090410232544 21.866135597229004 22.082696437835693 22.607868432998657 23.94526982307434 23.38701581954956 23.048487186431885 23.007058143615723 22.805399894714355 23.061508893966675 23.300515174865723 23.462286472320557 23.416500329971313 24.561649322509766 24.554914712905884 23.818093299865723 23.67061138153076 24.199944019317627 23.83019495010376
X11013610 24.279778480529785 24.115562438964844 24.217234134674072 24.492468118667603 24.486473321914673 24.678030490875244 24.701719284057617 24.616106748580933 25.24269199371338 25.144651889801025 25.076892375946045 24.8765389919281 25.32170081138611 26.88915514945984 25.253259658813477 25.06175661087036 25.406372547149658 25.272075414657593 24.998340845108032 25.37464737892151
X12012410 26.038854598999023 26.587565422058105 25.90300226211548 25.98366141319275 26.413771867752075 26.271913528442383 26.35805630683899 26.739107608795166 27.591703414916992 27.453771829605103 26.18143105506897 26.813388109207153 27.27421736717224 28.546554565429688 27.993436813354492 27.83023500442505 27.594934701919556 28.56472396850586 28.614235162734985 28.072729349136353
X12012710 28.378024339675903 28.74505352973938 28.588955402374268 29.65180802345276 30.36475133895874 28.737340211868286 29.10680913925171 29.973440885543823 28.845850467681885 30.36505699157715 29.740278482437134 30.44505000114441 30.4637713432312 32.555908203125 31.131950616836548 31.178460121154785 30.301448345184326 30.342732429504395 30.233607053756714 32.06083273887634
X12012510 31.08820390701294 31.264546871185303 31.29070472717285 30.614808797836304 32.07274675369263 32.00178623199463 32.33650040626526 31.99083185195923 31.562815189361572 30.509473085403442 32.64799523353577 34.33704113960266 31.655890703201294 31.88653016090393 31.85502529144287 31.96413230895996 31.408708333969116 31.35908818244934 31.525259733200073 33.922364711761475
X11012410 33.959043741226196 34.650965213775635 34.070207834243774 34.24607706069946 33.942291021347046 34.59103560447693 34.70959162712097 35.185423851013184 35.68294405937195 35.91844725608826 34.24948978424072 34.19701337814331 33.88995003700256 33.52453422546387 33.46339273452759 33.68833875656128 32.589097023010254 33.686344146728516 34.85826802253723 35.242920875549316
X11002311 35.208179235458374 33.717998027801514 34.14789938926697 33.89966154098511 36.100980281829834 35.30821371078491 33.687522411346436 34.5341579914093 36.726040840148926 38.45987153053284 34.37421011924744 35.17965388298035 36.20762848854065 34.80125594139099 35.113436222076416 38.02009558677673 35.571696758270264 35.22071957588196 37.25210785865784 35.06376671791077
X11012310 35.726022481918335 35.750861406326294 35.92382764816284 35.970712423324585 36.74724292755127 35.662105560302734 36.12030529975891 36.797489643096924 35.81064176559448 35.64216208457947 36.61636209487915 36.31431221961975 35.96972107887268 35.78984975814819 38.0827853679657 38.031198263168335 37.34491991996765 37.245683431625366 40.4864137172699 40.9271764755249
X11013310 37.91441798210144 40.17508149147034 37.9585964679718 37.30972099304199 39.83256459236145 37.9339394569397 38.95389485359192 40.105716943740845 39.81047558784485 38.57742261886597 39.073162317276 39.634899616241455 40.917025566101074 39.400819301605225 38.88750100135803 39.3269407749176 39.746365547180176 40.18888807296753 40.46942329406738 41.71404409408569
X11012510 41.51649832725525 41.185648679733276 43.30589842796326 41.11956477165222 41.08182907104492 40.24289894104004 43.19868350028992 41.32966923713684 41.20271873474121 42.03286147117615 40.882344007492065 40.81380534172058 40.3466591835022 42.54882192611694 42.2798285484314 40.971208810806274 41.52758526802063 43.72247934341431 43.4447124004364 42.73546504974365
X11013510 42.97097206115723 42.822388887405396 44.51260280609131 41.98935079574585 44.63294744491577 43.633875370025635 45.1230525970459 47.64842510223389 43.80946207046509 43.419716119766235 43.699071407318115 42.70452952384949 46.824270248413086 47.03998351097107 50.467702865600586 44.918811321258545 43.74906778335571 43.198899269104004 45.53914999961853 47.17910575866699
X11013410 46.781338930130005 48.9189875125885 45.05262732505798 45.24436593055725 49.94093418121338 50.784045457839966 51.96640467643738 49.39939832687378 48.99231934547424 52.21880912780762 48.57396388053894 47.57692360877991 49.92777943611145 48.928518772125244 48.87342882156372 48.688307762145996 50.96829581260681 50.988423347473145 48.46760702133179 50.46015787124634
X11002310 48.14371347427368 49.14801287651062 48.262367725372314 46.899890184402466 50.164018630981445 48.26137590408325 51.42642521858215 50.97340273857117 47.02116131782532 47.387366771698 47.77742552757263 49.164209842681885 48.925437450408936 50.65595746040344 47.76022291183472 51.579049587249756 51.33692789077759 50.34203219413757 50.081329345703125 51.208680629730225
X11002301 42.67706108093262 43.2345175743103 42.30999517440796 42.90232706069946 43.609113693237305 41.82554531097412 41.96649360656738 45.443045139312744 43.30596876144409 42.44024419784546 41.959171533584595 45.12156867980957 44.09212613105774 42.5908625125885 43.15484380722046 44.33039307594299 45.342291593551636 44.40653443336487 42.65202260017395 52.351202726364136
X13002310 70.31369638442993 67.40944790840149 65.89745712280273 56.43819785118103 52.59896779060364 49.691768407821655 50.21537232398987 50.264936447143555 50.49335718154907 51.672988176345825 50.82079482078552 50.84246754646301 51.016390323638916 52.535730600357056 51.74030804634094 50.521470069885254 51.423423051834106 53.06384229660034 52.649165868759155 52.44911599159241
