   1  X11002301 ( ------------------------|---*-------             ), 0.010,  0.039,  0.598,  0.730,  0.750
   1  X13012310 (                         |         *              ), 0.714,  0.714,  0.714,  0.714,  0.714
   1  X12013310 (                         |         *              ), 0.714,  0.714,  0.714,  0.714,  0.730
   1  X13012410 (                         |         *              ), 0.714,  0.714,  0.714,  0.714,  0.738
   1  X13013610 (                         |         *-             ), 0.714,  0.714,  0.714,  0.714,  0.741
   1  X12012310 (                         |         *--            ), 0.714,  0.714,  0.714,  0.752,  0.764
   1  X13013510 (                         |         *-             ), 0.714,  0.714,  0.714,  0.720,  0.743
   1  X13012710 (                         |         *              ), 0.714,  0.714,  0.714,  0.714,  0.726
   1  X12012610 (                         |         *              ), 0.714,  0.714,  0.714,  0.714,  0.714
   1  X12013610 (                         |         *              ), 0.714,  0.714,  0.714,  0.715,  0.730
   1  X13013310 (                         |         *              ), 0.714,  0.714,  0.714,  0.714,  0.728
   1  X12013710 (                         |         *              ), 0.714,  0.714,  0.714,  0.714,  0.728
   1  X12013510 (                         |         *              ), 0.714,  0.714,  0.714,  0.714,  0.715
   1  X11013511 (                         |         *              ), 0.637,  0.709,  0.714,  0.714,  0.714
   1  X11013610 (                         |         *              ), 0.689,  0.714,  0.714,  0.714,  0.715
   1  X12012410 (                         |         *              ), 0.714,  0.714,  0.714,  0.714,  0.721
   1  X12012710 (                         |         *              ), 0.713,  0.714,  0.714,  0.714,  0.714
   1  X12012510 (                         |         *              ), 0.714,  0.714,  0.714,  0.714,  0.715
   1  X11012410 (                         |         *-             ), 0.714,  0.714,  0.714,  0.728,  0.759
   1  X11013310 (                         |         *-             ), 0.714,  0.714,  0.714,  0.733,  0.756
   2  X11012510 (                         |         *-             ), 0.714,  0.714,  0.714,  0.735,  0.747
   2  X11013410 (                         |         *-             ), 0.707,  0.714,  0.714,  0.721,  0.746
   3  X12013410 (                         |         *--            ), 0.714,  0.714,  0.715,  0.742,  0.764
   4  X11012310 (                         |         *-             ), 0.714,  0.714,  0.717,  0.747,  0.754
   5  X11013510 (                         |          *-            ), 0.714,  0.728,  0.734,  0.738,  0.761
   5  X11002311 (                         |          *             ), 0.010,  0.729,  0.737,  0.742,  0.747
   6  X11002310 (                         |          -*            ), 0.728,  0.731,  0.740,  0.745,  0.748
   7  X13002310 (                         |           *            ), 0.736,  0.741,  0.746,  0.751,  0.760
   7  X11012610 (                         |         --*            ), 0.714,  0.714,  0.748,  0.756,  0.773
