X11002301 0.0 0.024390243902439022 0.0 0.0 0.5035971223021583 0.0 0.0 0.0 0.0 0.0 0.0 0.0 0.0 0.0 0.0 0.0 0.0 0.0 0.3243243243243243 0.0
X11013410 0.3698630136986301 0.47619047619047616 0.5979381443298968 0.630952380952381 0.4414414414414414 0.4761904761904762 0.42813455657492355 0.5578947368421052 0.5152838427947598 0.45679012345679015 0.4698412698412699 0.24999999999999994 0.4901185770750988 0.49006622516556286 0.6195652173913043 0.4787234042553191 0.5777777777777777 0.4051948051948052 0.5780346820809249 0.4632768361581921
X11002310 0.5061224489795918 0.5648148148148149 0.4999999999999999 0.5521472392638036 0.5384615384615384 0.547486033519553 0.6146788990825688 0.6009389671361502 0.5888888888888889 0.5508982035928144 0.5825242718446602 0.595505617977528 0.5641025641025642 0.56353591160221 0.541871921182266 0.44999999999999996 0.5252525252525252 0.5068493150684932 0.5561497326203209 0.5728643216080401
X12013610 0.3063063063063063 0.35738831615120276 0.42748091603053434 0.28037383177570097 0.4117647058823529 0.3673469387755102 0.38247011952191234 0.28846153846153844 0.6333333333333333 0.5086705202312138 0.5138888888888888 0.3448275862068966 0.3799472295514512 0.25742574257425743 0.574585635359116 0.2962962962962963 0.5590062111801243 0.35555555555555557 0.40909090909090906 0.5548387096774193
X11002310 0.5555555555555556 0.5142857142857142 0.5666666666666667 0.41134751773049644 0.5077720207253886 0.5513513513513514 0.484472049689441 0.5158730158730158 0.5657894736842106 0.52 0.528 0.5677966101694916 0.560344827586207 0.5747126436781609 0.5476190476190478 0.6012269938650308 0.5121951219512195 0.5524861878453039 0.64 0.5193370165745855
X11012310 0.09302325581395347 0.5986394557823129 0.47389558232931717 0.5427135678391959 0.2804428044280443 0.5945945945945945 0.6289308176100629 0.358974358974359 0.5507246376811594 0.19494584837545126 0.588957055214724 0.6181818181818183 0.5882352941176472 0.5517241379310346 0.4051724137931035 0.3779527559055118 0.4476534296028881 0.4133333333333333 0.3114754098360656 0.4051282051282052
X11012610 0.4605263157894736 0.4912280701754385 0.6172839506172839 0.5714285714285715 0.18644067796610167 0.19923371647509577 0.358974358974359 0.14084507042253522 0.5398773006134969 0.41666666666666663 0.375886524822695 0.6285714285714286 0.4659090909090909 0.42580645161290326 0.4622641509433962 0.5548387096774193 0.4225352112676056 0.348314606741573 0.6390532544378698 0.14893617021276595
X12013410 0.5510204081632654 0.024999999999999998 0.4888888888888889 0.39790575916230364 0.5977011494252874 0.42290748898678415 0.05042016806722689 0.26618705035971224 0.5140186915887851 0.5156250000000001 0.4585365853658537 0.6236559139784946 0.33582089552238803 0.5714285714285715 0.40409207161125316 0.4939271255060729 0.49612403100775193 0.5126050420168067 0.5472636815920399 0.4196185286103542
X11013310 0.4299065420560747 0.4859154929577465 0.5154639175257733 0.4171428571428571 0.07407407407407407 0.5089285714285714 0.6101694915254237 0.5000000000000001 0.2241379310344828 0.48221343873517786 0.409090909090909 0.5784313725490197 0.5612244897959183 0.5296803652968037 0.49218750000000006 0.5287356321839081 0.5730994152046783 0.08275862068965519 0.5892857142857143 0.2660098522167488
X12012310 0.29702970297029707 0.40409207161125316 0.33980582524271846 0.15730337078651685 0.5780346820809249 0.5147058823529411 0.4144736842105264 0.0875 0.2380952380952381 0.4430379746835442 0.5462962962962963 0.40409207161125316 0.591715976331361 0.4010554089709763 0.4589041095890411 0.17777777777777776 0.4333333333333333 0.4273504273504274 0.3646112600536193 0.0
