X11002301 0.0 0.3333333333333333 0.0 0.0 0.5833333333333334 0.0 0.0 0.0 0.0 0.0 0.0 0.0 0.0 0.0 0.0 0.0 0.0 0.0 0.5625 0.0
X11013410 0.40298507462686567 0.33505154639175255 0.5043478260869565 0.5955056179775281 0.34265734265734266 0.4090909090909091 0.28225806451612906 0.4774774774774775 0.3933333333333333 0.3020408163265306 0.3135593220338983 0.23595505617977527 0.3563218390804598 0.5138888888888888 0.5428571428571428 0.41284403669724773 0.5148514851485149 0.2549019607843137 0.5319148936170213 0.41836734693877553
X11002310 0.37349397590361444 0.44525547445255476 0.47191011235955055 0.5357142857142857 0.47572815533980584 0.49 0.48201438848920863 0.47761194029850745 0.5247524752475248 0.5227272727272727 0.47244094488188976 0.5353535353535354 0.47413793103448276 0.5 0.4435483870967742 0.4444444444444444 0.4369747899159664 0.5522388059701493 0.48148148148148145 0.475
X12013610 0.53125 0.24528301886792453 0.5384615384615384 0.5357142857142857 0.49122807017543857 0.39705882352941174 0.27906976744186046 0.6 0.5643564356435643 0.46808510638297873 0.5692307692307692 0.3787878787878788 0.24 0.5909090909090909 0.5098039215686274 0.5517241379310345 0.5487804878048781 0.42857142857142855 0.5094339622641509 0.5657894736842105
X11002310 0.46218487394957986 0.4122137404580153 0.504950495049505 0.46774193548387094 0.4298245614035088 0.4811320754716981 0.47560975609756095 0.37572254335260113 0.589041095890411 0.5492957746478874 0.38596491228070173 0.4267515923566879 0.42483660130718953 0.5263157894736842 0.5168539325842697 0.5833333333333334 0.49411764705882355 0.49019607843137253 0.5833333333333334 0.46078431372549017
X11012310 0.08602150537634409 0.6470588235294118 0.34705882352941175 0.45 0.19791666666666666 0.6376811594202898 0.625 0.24034334763948498 0.4453125 0.13636363636363635 0.5714285714285714 0.5930232558139535 0.5092592592592593 0.6060606060606061 0.30718954248366015 0.2742857142857143 0.31313131313131315 0.28054298642533937 0.4418604651162791 0.2540192926045016
X11012610 0.3111111111111111 0.37583892617449666 0.6024096385542169 0.6557377049180327 0.14012738853503184 0.14285714285714285 0.23161764705882354 0.15873015873015872 0.5238095238095238 0.2723735408560311 0.26108374384236455 0.5729166666666666 0.422680412371134 0.4342105263157895 0.3684210526315789 0.5657894736842105 0.2717391304347826 0.22382671480144403 0.6 0.4666666666666667
X12013410 0.46153846153846156 1.0 0.326271186440678 0.2508250825082508 0.5473684210526316 0.32432432432432434 0.075 0.18592964824120603 0.4074074074074074 0.3728813559322034 0.373015873015873 0.5420560747663551 0.23809523809523808 0.5208333333333334 0.2532051282051282 0.3630952380952381 0.64 0.3836477987421384 0.45081967213114754 0.2673611111111111
X11013310 0.34074074074074073 0.33658536585365856 0.43478260869565216 0.2693726937269373 0.06363636363636363 0.3931034482758621 0.5510204081632653 0.3900709219858156 0.35135135135135137 0.3505747126436782 0.27510917030567683 0.472 0.4700854700854701 0.4142857142857143 0.3559322033898305 0.3791208791208791 0.532608695652174 0.09090909090909091 0.45517241379310347 0.21774193548387097
X12012310 0.6818181818181818 0.2532051282051282 0.2755905511811024 0.7 0.5319148936170213 0.6140350877192983 0.28 0.08641975308641975 0.16279069767441862 0.29535864978902954 0.4306569343065693 0.2532051282051282 0.5555555555555556 0.25333333333333335 0.3145539906103286 0.15841584158415842 0.38613861386138615 0.6578947368421053 0.23129251700680273 0.0
