X11002301 0.0 0.012658227848101266 0.0 0.0 0.4430379746835443 0.0 0.0 0.0 0.0 0.0 0.0 0.0 0.0 0.0 0.0 0.0 0.0 0.0 0.22784810126582278 0.0
X11013410 0.34177215189873417 0.8227848101265823 0.7341772151898734 0.6708860759493671 0.620253164556962 0.569620253164557 0.8860759493670886 0.6708860759493671 0.7468354430379747 0.9367088607594937 0.9367088607594937 0.26582278481012656 0.7848101265822784 0.46835443037974683 0.7215189873417721 0.569620253164557 0.6582278481012658 0.9873417721518988 0.6329113924050633 0.5189873417721519
X11002310 0.7848101265822784 0.7721518987341772 0.5316455696202531 0.569620253164557 0.620253164556962 0.620253164556962 0.8481012658227848 0.810126582278481 0.6708860759493671 0.5822784810126582 0.759493670886076 0.6708860759493671 0.6962025316455697 0.6455696202531646 0.6962025316455697 0.45569620253164556 0.6582278481012658 0.46835443037974683 0.6582278481012658 0.7215189873417721
X12013610 0.21518987341772153 0.6582278481012658 0.35443037974683544 0.189873417721519 0.35443037974683544 0.34177215189873417 0.6075949367088608 0.189873417721519 0.7215189873417721 0.5569620253164557 0.46835443037974683 0.31645569620253167 0.9113924050632911 0.16455696202531644 0.6582278481012658 0.20253164556962025 0.569620253164557 0.3037974683544304 0.34177215189873417 0.5443037974683544
X11002310 0.6962025316455697 0.6835443037974683 0.6455696202531646 0.3670886075949367 0.620253164556962 0.6455696202531646 0.4936708860759494 0.8227848101265823 0.5443037974683544 0.4936708860759494 0.8354430379746836 0.8481012658227848 0.8227848101265823 0.6329113924050633 0.5822784810126582 0.620253164556962 0.5316455696202531 0.6329113924050633 0.7088607594936709 0.5949367088607594
X11012310 0.10126582278481013 0.5569620253164557 0.7468354430379747 0.6835443037974683 0.4810126582278481 0.5569620253164557 0.6329113924050633 0.7088607594936709 0.7215189873417721 0.34177215189873417 0.6075949367088608 0.6455696202531646 0.6962025316455697 0.5063291139240507 0.5949367088607594 0.6075949367088608 0.7848101265822784 0.7848101265822784 0.24050632911392406 1.0
X11012610 0.8860759493670886 0.7088607594936709 0.6329113924050633 0.5063291139240507 0.27848101265822783 0.3291139240506329 0.7974683544303798 0.12658227848101267 0.5569620253164557 0.8860759493670886 0.6708860759493671 0.6962025316455697 0.5189873417721519 0.4177215189873418 0.620253164556962 0.5443037974683544 0.9493670886075949 0.7848101265822784 0.6835443037974683 0.08860759493670886
X12013410 0.6835443037974683 0.012658227848101266 0.9746835443037974 0.9620253164556962 0.6582278481012658 0.6075949367088608 0.0379746835443038 0.46835443037974683 0.6962025316455697 0.8354430379746836 0.5949367088607594 0.7341772151898734 0.569620253164557 0.6329113924050633 1.0 0.7721518987341772 0.4050632911392405 0.7721518987341772 0.6962025316455697 0.9746835443037974
X11013310 0.5822784810126582 0.8734177215189873 0.6329113924050633 0.9240506329113924 0.08860759493670886 0.7215189873417721 0.6835443037974683 0.6962025316455697 0.16455696202531644 0.7721518987341772 0.7974683544303798 0.7468354430379747 0.6962025316455697 0.7341772151898734 0.7974683544303798 0.8734177215189873 0.620253164556962 0.0759493670886076 0.8354430379746836 0.34177215189873417
X12012310 0.189873417721519 1.0 0.4430379746835443 0.08860759493670886 0.6329113924050633 0.4430379746835443 0.7974683544303798 0.08860759493670886 0.4430379746835443 0.8860759493670886 0.7468354430379747 1.0 0.6329113924050633 0.9620253164556962 0.8481012658227848 0.20253164556962025 0.4936708860759494 0.31645569620253167 0.8607594936708861 0.0
