X11002301 7.570758104324341 7.492185354232788 7.598280668258667 7.615561008453369 7.843713998794556 7.904000759124756 8.02880334854126 8.049433946609497 8.095188856124878 8.161879062652588 8.28601336479187 8.721358060836792 8.431118965148926 8.5890474319458 8.626140832901001 8.70607042312622 8.793222188949585 8.894390106201172 9.004159450531006 9.052380800247192
X11013410 9.568446397781372 9.750182867050171 9.923410177230835 9.92782998085022 10.01353931427002 10.110690116882324 10.194663286209106 10.236063480377197 10.273567914962769 10.46085262298584 10.495255947113037 10.612716436386108 10.687775611877441 10.743637084960938 10.877859354019165 10.851318836212158 11.218278646469116 11.083874940872192 11.182762861251831 11.406322717666626
X11002310 11.2197847366333 11.234438419342041 11.468745708465576 12.107978105545044 11.730870723724365 11.76529049873352 11.675204515457153 11.830749034881592 11.751875638961792 11.938975095748901 11.894987344741821 12.054872989654541 12.047939538955688 12.14240550994873 12.206269264221191 12.370573997497559 12.3065185546875 12.380168437957764 12.422642230987549 12.662807703018188
X12013610 13.008620500564575 13.129365682601929 13.398298025131226 13.42926549911499 13.52176833152771 13.575882196426392 13.67881965637207 13.718875646591187 13.853695392608643 13.849745035171509 14.027562856674194 14.11243724822998 14.268160581588745 14.303483009338379 14.460506439208984 14.654467344284058 14.635908603668213 14.673062086105347 14.847808599472046 15.610975503921509
X11002310 14.829730987548828 14.803497552871704 14.821399688720703 15.01454782485962 15.037497997283936 15.095139265060425 15.179990768432617 15.208476781845093 15.320132970809937 15.42648196220398 15.540346145629883 15.661402702331543 15.678749561309814 15.708198070526123 15.805090427398682 15.86975884437561 15.901742935180664 15.899492263793945 16.068008422851562 16.076504468917847
X11012310 16.337499856948853 16.4428927898407 16.40945839881897 16.6979923248291 16.594104051589966 16.746954917907715 16.783098936080933 16.82724642753601 17.094881057739258 17.141143083572388 16.931685209274292 17.004846811294556 17.149296522140503 17.15618658065796 17.186574459075928 17.40573215484619 17.14288568496704 17.712167024612427 17.530229091644287 17.543308973312378
X11012610 18.078383684158325 18.105016946792603 18.105881929397583 18.412410736083984 18.45794653892517 19.263648986816406 18.503703355789185 18.710308074951172 18.774279594421387 18.949400663375854 19.013575553894043 19.071091413497925 18.987386465072632 19.34196949005127 19.1236469745636 19.32639718055725 19.308200359344482 19.531725645065308 19.294496536254883 19.480234146118164
X12013410 19.95337724685669 20.08487629890442 19.98695945739746 20.277715921401978 20.548954725265503 20.40483570098877 20.798808336257935 20.77067494392395 20.708538055419922 20.742036819458008 20.94140863418579 21.156537771224976 21.02782130241394 20.92649745941162 21.086621284484863 21.06548810005188 21.257801294326782 21.30908751487732 21.45463275909424 21.749227285385132
X11013310 21.621705055236816 21.995030403137207 21.828744173049927 22.02627968788147 21.859074592590332 22.138856410980225 22.25643539428711 22.4503014087677 22.41956615447998 22.498658180236816 22.730690479278564 22.59009313583374 22.714726209640503 22.847910404205322 22.77132534980774 22.80601978302002 23.10050654411316 23.051567792892456 23.14770221710205 23.303342580795288
X12012310 23.491584300994873 23.782588958740234 23.97741413116455 23.75589418411255 23.864818811416626 24.08052706718445 24.089311599731445 24.365695476531982 24.271410703659058 24.53619146347046 24.368338584899902 24.588853120803833 24.665392637252808 24.761810064315796 24.78841733932495 24.83026885986328 24.71151113510132 24.72541880607605 24.86264967918396 24.699823141098022
