X13012310 0.3439153439153439 0.264367816091954 0.0 0.017391304347826087 0.21728395061728395 0.2222222222222222 0.015873015873015872 0.19339622641509432 0.33499999999999996 0.264367816091954 0.2088167053364269 0.0 0.2515723270440251 0.27968337730870707 0.0 0.2407862407862408 0.0 0.20155038759689922 0.26262626262626265 0.0
X12013310 0.42424242424242425 0.2827868852459017 0.40740740740740744 0.36578171091445427 0.2975929978118162 0.13953488372093023 0.22764227642276424 0.01379310344827586 0.2794117647058823 0.38028169014084506 0.08661417322834646 0.3571428571428571 0.3453237410071942 0.25217391304347825 0.3128205128205128 0.4627450980392157 0.15942028985507245 0.3247232472324723 0.30115830115830117 0.24262295081967214
X13012410 0.300925925925926 0.0 0.2355460385438972 0.33423180592991913 0.3144654088050315 0.27118644067796605 0.39999999999999997 0.3322033898305085 0.2903225806451613 0.34285714285714286 0.39622641509433965 0.2612085769980507 0.18840579710144928 0.0 0.264367816091954 0.32098765432098764 0.21212121212121215 0.25654450261780104 0.0 0.3333333333333333
X13013610 0.39080459770114945 0.28313253012048195 0.3875 0.31678486997635935 0.23651452282157678 0.38650306748466257 0.2416666666666666 0.26407766990291265 0.3018867924528302 0.2477341389728097 0.3351063829787234 0.10619469026548672 0.2543352601156069 0.2898550724637681 0.0 0.2572347266881029 0.15434083601286172 0.264367816091954 0.3131672597864769 0.2926829268292683
X12012310 0.35013262599469497 0.264367816091954 0.29910714285714285 0.29931972789115646 0.0 0.3703703703703704 0.24489795918367346 0.09009009009009009 0.42687747035573126 0.39759036144578314 0.35555555555555557 0.047244094488188976 0.018518518518518517 0.39215686274509803 0.32926829268292684 0.2938388625592417 0.2937062937062937 0.30967741935483867 0.0 0.01694915254237288
X13013510 0.29737609329446063 0.25384615384615383 0.3333333333333333 0.4245810055865922 0.2634146341463415 0.23076923076923075 0.2822085889570552 0.34560906515580736 0.294392523364486 0.3190883190883191 0.40186915887850466 0.29032258064516125 0.19806763285024154 0.1976470588235294 0.44670050761421315 0.2324561403508772 0.3837209302325582 0.22527472527472525 0.03418803418803419 0.28116710875331563
X11012610 0.36649214659685864 0.3034825870646766 0.32142857142857145 0.16289592760180996 0.11926605504587157 0.06489675516224189 0.23129251700680273 0.144 0.29256594724220625 0.0679611650485437 0.40229885057471265 0.19134396355353078 0.1900452488687783 0.3076923076923077 0.43410852713178294 0.20051413881748073 0.360248447204969 0.40425531914893614 0.1769230769230769 0.410958904109589
X13012710 0.2576271186440678 0.31026252983293556 0.0 0.264367816091954 0.264367816091954 0.11158798283261802 0.3123425692695214 0.264367816091954 0.36571428571428566 0.45136186770428016 0.327455919395466 0.0 0.02040816326530612 0.21818181818181817 0.32929782082324455 0.2937062937062937 0.264367816091954 0.26692456479690524 0.264367816091954 0.0
X12013410 0.2876106194690265 0.3111111111111111 0.21935483870967742 0.24347826086956523 0.2631578947368421 0.3004694835680752 0.31941031941031944 0.34210526315789475 0.2214983713355049 0.20588235294117643 0.2914572864321608 0.23408624229979463 0.2814814814814815 0.2982885085574572 0.31818181818181823 0.2608695652173913 0.29535864978902954 0.2992125984251969 0.13651877133105803 0.3501483679525223
X12012610 0.03614457831325301 0.3109756097560975 0.2959641255605381 0.23437500000000003 0.15286624203821655 0.14893617021276598 0.2440944881889764 0.24229979466119092 0.0 0.1749049429657795 0.2458628841607565 0.0 0.15668202764976957 0.044444444444444446 0.23917525773195877 0.2905982905982906 0.39436619718309857 0.3305785123966942 0.1983471074380165 0.15966386554621848
X12013610 0.2629757785467128 0.330749354005168 0.25205479452054796 0.26932668329177056 0.3586206896551724 0.2818181818181818 0.33333333333333337 0.2595744680851063 0.2948717948717949 0.3031674208144796 0.29147982062780275 0.17128463476070527 0.16666666666666669 0.32098765432098764 0.2376237623762376 0.23611111111111108 0.26495726495726496 0.39726027397260266 0.3661971830985915 0.19158878504672897
X13013310 0.34682080924855485 0.374468085106383 0.24663677130044845 0.22878228782287824 0.2902208201892745 0.2702702702702703 0.4 0.3202099737532808 0.27715355805243447 0.2773722627737226 0.26439232409381663 0.31734317343173435 0.35761589403973515 0.3022670025188917 0.3409090909090909 0.2304147465437788 0.2763157894736842 0.13821138211382117 0.28633405639913234 0.14847161572052403
X12013710 0.31578947368421056 0.2396694214876033 0.3399209486166008 0.2894736842105263 0.23008849557522124 0.3484848484848485 0.30379746835443033 0.3875 0.2787286063569682 0.23481781376518224 0.20300751879699247 0.3438914027149321 0.23602484472049687 0.338235294117647 0.35820895522388063 0.20754716981132074 0.3529411764705882 0.3349282296650718 0.33854166666666663 0.0
X12013510 0.2021857923497268 0.3097345132743363 0.29353233830845776 0.2740286298568507 0.34408602150537637 0.24305555555555552 0.22895622895622894 0.0 0.24060150375939848 0.19999999999999998 0.22935779816513763 0.026315789473684206 0.2987012987012987 0.29797979797979796 0.22493887530562345 0.1968503937007874 0.18974358974358974 0.2431865828092243 0.24434389140271492 0.2468619246861925
X11013511 0.20512820512820512 0.29535864978902954 0.25872689938398363 0.276 0.3213296398891967 0.07317073170731707 0.20212765957446804 0.3096774193548387 0.3885350318471338 0.2634730538922156 0.07741935483870967 0.0 0.1791044776119403 0.1714285714285714 0.22983870967741937 0.22006472491909385 0.23376623376623373 0.14285714285714285 0.2692307692307692 0.3038674033149171
X11013610 0.2808988764044944 0.26334519572953735 0.09665427509293681 0.23834196891191714 0.21164021164021163 0.25806451612903225 0.3103448275862069 0.23481781376518224 0.37154150197628466 0.33333333333333337 0.34545454545454546 0.22608695652173913 0.28571428571428575 0.18834080717488788 0.16617210682492584 0.2767857142857143 0.3287671232876712 0.22222222222222224 0.32631578947368417 0.26730310262529833
X12012410 0.36293436293436293 0.26407766990291265 0.30392156862745096 0.3710144927536232 0.24852071005917156 0.19263456090651557 0.13194444444444445 0.27165354330708663 0.24705882352941175 0.2837528604118993 0.3342175066312998 0.03680981595092025 0.3487544483985765 0.28240740740740744 0.29824561403508776 0.27199999999999996 0.2882882882882883 0.3700787401574804 0.2380952380952381 0.1409691629955947
X12012710 0.2843601895734597 0.264367816091954 0.3017031630170316 0.06060606060606061 0.26156941649899396 0.30434782608695654 0.31223628691983124 0.27272727272727265 0.264367816091954 0.4112149532710281 0.1581920903954802 0.3005464480874317 0.2315112540192926 0.3804347826086957 0.26538461538461533 0.14093959731543626 0.44696969696969696 0.2515463917525773 0.06779661016949153 0.34146341463414626
X12012510 0.31578947368421056 0.2175732217573222 0.264367816091954 0.08695652173913043 0.4258064516129032 0.358974358974359 0.26744186046511625 0.20224719101123598 0.0 0.2797202797202797 0.22754491017964074 0.34096692111959287 0.37714285714285717 0.39378238341968913 0.39252336448598124 0.09090909090909091 0.25092250922509224 0.3583815028901734 0.3954802259887006 0.3424657534246575
X11012410 0.36414565826330536 0.24817518248175185 0.2598870056497175 0.08754208754208753 0.0728476821192053 0.14758269720101783 0.12903225806451615 0.32499999999999996 0.16949152542372883 0.17094017094017094 0.2666666666666667 0.28070175438596495 0.3080459770114943 0.16783216783216784 0.3135391923990499 0.33234421364985167 0.3473053892215569 0.02888086642599278 0.2711864406779661 0.1407035175879397
X11002311 0.296028880866426 0.021857923497267756 0.3042071197411003 0.015748031496062992 0.043010752688172046 0.01360544217687075 0.029197080291970805 0.024096385542168672 0.02684563758389262 0.01379310344827586 0.08108108108108109 0.013986013986013986 0.0392156862745098 0.024242424242424242 0.33009708737864074 0.03973509933774834 0.013698630136986304 0.2621082621082621 0.11555555555555556 0.025806451612903226
X11012310 0.34098360655737703 0.29777777777777775 0.3132530120481927 0.4622641509433962 0.3113207547169812 0.11307420494699648 0.23574144486692014 0.29515418502202645 0.33695652173913043 0.19428571428571428 0.3123425692695214 0.2072829131652661 0.34332425068119893 0.44808743169398907 0.336 0.3710144927536232 0.264367816091954 0.4177215189873418 0.18699186991869918 0.3731343283582089
X11013310 0.2708933717579251 0.3475609756097562 0.13418530351437702 0.18881118881118883 0.1310043668122271 0.1910828025477707 0.2021857923497268 0.22137404580152673 0.2357142857142857 0.289532293986637 0.2476190476190476 0.25675675675675674 0.28025477707006374 0.21383647798742142 0.38095238095238093 0.3805668016194332 0.41818181818181815 0.26912928759894456 0.25735294117647056 0.15204678362573099
X11012510 0.40727272727272734 0.09589041095890412 0.09009009009009009 0.2641509433962264 0.20547945205479454 0.19999999999999998 0.14239482200647247 0.2576271186440678 0.3938461538461538 0.19951338199513383 0.3025210084033614 0.4089456869009585 0.1348314606741573 0.13688212927756654 0.18972332015810275 0.29154518950437314 0.15384615384615385 0.2071713147410358 0.2113821138211382 0.34096692111959287
X11013510 0.2608695652173913 0.12781954887218044 0.2845849802371542 0.21686746987951808 0.07777777777777778 0.15483870967741936 0.11059907834101383 0.2588235294117647 0.1623931623931624 0.15647921760391198 0.2801724137931034 0.23841059602649006 0.19531249999999997 0.217687074829932 0.20370370370370372 0.18565400843881857 0.1887905604719764 0.24519230769230765 0.21495327102803738 0.20725388601036268
X11013410 0.28752642706131076 0.27895981087470445 0.19435736677115986 0.28368794326241137 0.32142857142857145 0.1878453038674033 0.20875420875420878 0.2976190476190476 0.2776349614395887 0.2018348623853211 0.2242990654205607 0.31343283582089554 0.33121019108280253 0.31693989071038253 0.23293172690763053 0.2360655737704918 0.17164179104477612 0.26373626373626374 0.3069053708439897 0.21652421652421652
X11002310 0.22429906542056074 0.1981981981981982 0.23754789272030652 0.1630901287553648 0.1991341991341991 0.19895287958115182 0.24267782426778245 0.2597402597402597 0.23762376237623764 0.2096069868995633 0.20444444444444446 0.14492753623188406 0.2060085836909871 0.2510121457489879 0.23754789272030652 0.21395348837209302 0.26373626373626374 0.21800947867298578 0.1176470588235294 0.2709163346613546
X11002301 0.0 0.0 0.019047619047619046 0.0 0.0 0.0 0.0 0.0 0.05128205128205128 0.019801980198019802 0.0 0.0 0.0 0.018018018018018018 0.04761904761904762 0.0449438202247191 0.02127659574468085 0.0 0.017857142857142856 0.0
X13002310 0.15165876777251186 0.2152466367713004 0.17224880382775118 0.23214285714285715 0.08376963350785341 0.20168067226890757 0.25 0.1941747572815534 0.1791044776119403 0.1596244131455399 0.15384615384615388 0.17796610169491525 0.13541666666666666 0.22137404580152673 0.19213973799126638 0.15165876777251186 0.1243523316062176 0.11282051282051281 0.2142857142857143 0.21818181818181817
