X13012310 0.21035598705501618 0.152317880794702 0.0 0.021739130434782608 0.13095238095238096 0.3076923076923077 0.017543859649122806 0.11549295774647887 0.20241691842900303 0.152317880794702 0.12430939226519337 0.0 0.2222222222222222 0.17096774193548386 0.0 0.14497041420118342 0.0 0.13756613756613756 0.43333333333333335 0.0
X12013310 0.30246913580246915 0.16467780429594273 0.3548387096774194 0.22962962962962963 0.17525773195876287 0.15 0.15819209039548024 0.013157894736842105 0.18719211822660098 0.3698630136986301 0.05945945945945946 0.2459016393442623 0.22966507177033493 0.18012422360248448 0.19003115264797507 0.3172043010752688 0.15942028985507245 0.21782178217821782 0.20526315789473684 0.15677966101694915
X13012410 0.1790633608815427 0.0 0.13819095477386933 0.2052980132450331 0.2777777777777778 0.1588089330024814 0.3516483516483517 0.2168141592920354 0.1726027397260274 0.3380281690140845 0.25301204819277107 0.15090090090090091 0.12560386473429952 0.0 0.152317880794702 0.27956989247311825 0.12468193384223919 0.15654952076677317 0.0 0.24489795918367346
X13013610 0.3238095238095238 0.17870722433460076 0.34065934065934067 0.18926553672316385 0.13801452784503632 0.245136186770428 0.1695906432748538 0.15246636771300448 0.43243243243243246 0.15648854961832062 0.20521172638436483 0.13636363636363635 0.21153846153846154 0.2898550724637681 0.0 0.1652892561983471 0.09917355371900827 0.152317880794702 0.20754716981132076 0.17595307917888564
X12012310 0.21428571428571427 0.152317880794702 0.17678100263852242 0.1774193548387097 0.0 0.23529411764705882 0.23076923076923078 0.06535947712418301 0.29347826086956524 0.3402061855670103 0.21993127147766323 0.032432432432432434 0.02564102564102564 0.35714285714285715 0.28421052631578947 0.21830985915492956 0.1935483870967742 0.27906976744186046 0.0 0.02040816326530612
X13013510 0.18613138686131386 0.17277486910994763 0.3333333333333333 0.34545454545454546 0.15835777126099707 0.34285714285714286 0.16428571428571428 0.2147887323943662 0.17548746518105848 0.19858156028368795 0.296551724137931 0.1782178217821782 0.11884057971014493 0.11797752808988764 0.34375 0.13695090439276486 0.32038834951456313 0.13898305084745763 0.024242424242424242 0.17207792207792208
X11012610 0.28688524590163933 0.1831831831831832 0.19504643962848298 0.11842105263157894 0.087248322147651 0.040740740740740744 0.13709677419354838 0.09944751381215469 0.1752873563218391 0.051094890510948905 0.3333333333333333 0.11351351351351352 0.1126005361930295 0.24778761061946902 0.2962962962962963 0.121875 0.31521739130434784 0.31932773109243695 0.12041884816753927 0.3
X13012710 0.168141592920354 0.18571428571428572 0.0 0.152317880794702 0.152317880794702 0.07926829268292683 0.18902439024390244 0.152317880794702 0.2277580071174377 0.30851063829787234 0.19817073170731708 0.0 0.034482758620689655 0.2926829268292683 0.19767441860465115 0.28378378378378377 0.152317880794702 0.15401785714285715 0.152317880794702 0.0
X12013410 0.16971279373368145 0.22435897435897437 0.14107883817427386 0.30434782608695654 0.1702127659574468 0.1792717086834734 0.19230769230769232 0.3132530120481928 0.14285714285714285 0.13793103448275862 0.1762917933130699 0.13636363636363635 0.2878787878787879 0.17941176470588235 0.3333333333333333 0.32608695652173914 0.20833333333333334 0.3275862068965517 0.08928571428571429 0.22014925373134328
X12012610 0.030927835051546393 0.1969111969111969 0.17506631299734748 0.2542372881355932 0.13636363636363635 0.28 0.14123006833712984 0.14114832535885166 0.0 0.11855670103092783 0.14689265536723164 0.0 0.11486486486486487 0.09523809523809523 0.13942307692307693 0.3541666666666667 0.3835616438356164 0.38461538461538464 0.13872832369942195 0.11242603550295859
X12013610 0.17272727272727273 0.20125786163522014 0.1554054054054054 0.16265060240963855 0.34210526315789475 0.16711590296495957 0.2988505747126437 0.15211970074812967 0.17293233082706766 0.17962466487935658 0.1724137931034483 0.10365853658536585 0.09971509971509972 0.27956989247311825 0.375 0.1552511415525114 0.18787878787878787 0.2600896860986547 0.3561643835616438 0.11420612813370473
X13013310 0.28846153846153844 0.26506024096385544 0.14588859416445624 0.15346534653465346 0.18548387096774194 0.16611295681063123 0.25287356321839083 0.1955128205128205 0.18686868686868688 0.18536585365853658 0.155 0.21287128712871287 0.32926829268292684 0.18292682926829268 0.23076923076923078 0.136986301369863 0.17872340425531916 0.096045197740113 0.1683673469387755 0.10625
X12013710 0.328125 0.1676300578034682 0.23369565217391305 0.17054263565891473 0.29545454545454547 0.36507936507936506 0.19433198380566802 0.34065934065934067 0.1676470588235294 0.16292134831460675 0.13705583756345177 0.25 0.20652173913043478 0.34328358208955223 0.36923076923076925 0.2972972972972973 0.2318181818181818 0.25 0.20634920634920634 0.0
X12013510 0.12457912457912458 0.2229299363057325 0.17717717717717718 0.1595238095238095 0.27350427350427353 0.1598173515981735 0.14912280701754385 0.0 0.25 0.13812154696132597 0.1362397820163488 0.14285714285714285 0.27058823529411763 0.18042813455657492 0.13529411764705881 0.13513513513513514 0.11526479750778816 0.14215686274509803 0.17763157894736842 0.14425427872860636
X11013511 0.1839080459770115 0.20833333333333334 0.1507177033492823 0.16009280742459397 0.19863013698630136 0.23076923076923078 0.1237785016286645 0.1991701244813278 0.24897959183673468 0.1660377358490566 0.06976744186046512 0.0 0.12060301507537688 0.25 0.13348946135831383 0.14166666666666666 0.16666666666666666 0.1032258064516129 0.1728395061728395 0.18771331058020477
X11013610 0.22935779816513763 0.17452830188679244 0.065 0.14511041009463724 0.12944983818770225 0.1891891891891892 0.20361990950226244 0.16292134831460675 0.2554347826086957 0.2601626016260163 0.21839080459770116 0.1329923273657289 0.17272727272727273 0.11140583554376658 0.1044776119402985 0.2 0.24 0.1391941391941392 0.256198347107438 0.16
X12012410 0.24736842105263157 0.15246636771300448 0.22962962962962963 0.2318840579710145 0.14383561643835616 0.11971830985915492 0.0867579908675799 0.1571753986332574 0.14285714285714285 0.16847826086956522 0.20454545454545456 0.031914893617021274 0.23113207547169812 0.16804407713498623 0.37777777777777777 0.30357142857142855 0.38095238095238093 0.25405405405405407 0.6666666666666666 0.10126582278481013
X12012710 0.2112676056338028 0.152317880794702 0.18128654970760233 0.046511627906976744 0.15186915887850466 0.30434782608695654 0.22023809523809523 0.16172506738544473 0.152317880794702 0.2619047619047619 0.12962962962962962 0.18518518518518517 0.1487603305785124 0.30434782608695654 0.15299334811529933 0.09170305676855896 0.30256410256410254 0.1466346153846154 0.04790419161676647 0.21
X12012510 0.328125 0.1271393643031785 0.152317880794702 0.17391304347826086 0.27385892116182575 0.2545454545454545 0.15436241610738255 0.45 0.0 0.16666666666666666 0.14339622641509434 0.20679012345679013 0.3113207547169811 0.3064516129032258 0.25 0.21052631578947367 0.16831683168316833 0.2980769230769231 0.32407407407407407 0.3246753246753247
X11012410 0.22569444444444445 0.25 0.21296296296296297 0.05701754385964912 0.04721030042918455 0.08950617283950617 0.0893854748603352 0.2857142857142857 0.20408163265306123 0.20833333333333334 0.3888888888888889 0.35555555555555557 0.1830601092896175 0.11059907834101383 0.1875 0.208955223880597 0.29591836734693877 0.019230769230769232 0.17699115044247787 0.0851063829787234
X11002311 0.1971153846153846 0.017543859649122806 0.19583333333333333 0.017241379310344827 0.03418803418803419 0.01282051282051282 0.029411764705882353 0.020618556701030927 0.025 0.013157894736842105 0.058823529411764705 0.013513513513513514 0.03571428571428571 0.020833333333333332 0.2125 0.036585365853658534 0.012987012987012988 0.16312056737588654 0.08333333333333333 0.023255813953488372
X11012310 0.22033898305084745 0.17585301837270342 0.18786127167630057 0.34265734265734266 0.23076923076923078 0.07476635514018691 0.15979381443298968 0.17402597402597403 0.20735785953177258 0.16037735849056603 0.18902439024390244 0.1284722222222222 0.21140939597315436 0.35964912280701755 0.375 0.2318840579710145 0.152317880794702 0.26720647773279355 0.12994350282485875 0.25125628140703515
X11013310 0.16906474820143885 0.22007722007722008 0.0860655737704918 0.12442396313364056 0.09375 0.12244897959183673 0.12457912457912458 0.15025906735751296 0.15639810426540285 0.17105263157894737 0.14814814814814814 0.16740088105726872 0.16417910447761194 0.13654618473895583 0.3 0.2640449438202247 0.304635761589404 0.16451612903225807 0.1724137931034483 0.12745098039215685
X11012510 0.27184466019417475 0.09090909090909091 0.06535947712418301 0.3783783783783784 0.13452914798206278 0.13612565445026178 0.09166666666666666 0.168141592920354 0.25 0.11988304093567251 0.36 0.26229508196721313 0.3 0.09278350515463918 0.13043478260869565 0.18248175182481752 0.10471204188481675 0.14285714285714285 0.24074074074074073 0.20679012345679013
X11013510 0.1793478260869565 0.08629441624365482 0.1956521739130435 0.18556701030927836 0.06306306306306306 0.0995850622406639 0.08108108108108109 0.16236162361623616 0.11515151515151516 0.09411764705882353 0.16455696202531644 0.15450643776824036 0.13368983957219252 0.14222222222222222 0.12121212121212122 0.13095238095238096 0.11851851851851852 0.14697406340057637 0.15862068965517243 0.12618296529968454
X11013410 0.16831683168316833 0.16666666666666666 0.124 0.18779342723004694 0.2727272727272727 0.15178571428571427 0.13596491228070176 0.25252525252525254 0.16875 0.12790697674418605 0.14285714285714285 0.21105527638190955 0.29545454545454547 0.19528619528619529 0.16111111111111112 0.15254237288135594 0.11557788944723618 0.17647058823529413 0.18633540372670807 0.1347517730496454
X11002310 0.16551724137931034 0.1437908496732026 0.16145833333333334 0.11585365853658537 0.1419753086419753 0.1557377049180328 0.17058823529411765 0.18518518518518517 0.18045112781954886 0.15 0.14743589743589744 0.10869565217391304 0.14634146341463414 0.17415730337078653 0.16145833333333334 0.15753424657534246 0.17647058823529413 0.1619718309859155 0.09322033898305085 0.18681318681318682
X11002301 0.0 0.0 0.027777777777777776 0.0 0.0 0.0 0.0 0.0 0.2222222222222222 0.03125 0.0 0.0 0.0 0.023809523809523808 0.13333333333333333 0.1 0.04 0.0 0.023255813953488372 0.0
X13002310 0.11267605633802817 0.15584415584415584 0.12857142857142856 0.16774193548387098 0.06557377049180328 0.14201183431952663 0.16748768472906403 0.145985401459854 0.13636363636363635 0.11805555555555555 0.11510791366906475 0.12574850299401197 0.10569105691056911 0.15025906735751296 0.1375 0.11267605633802817 0.0967741935483871 0.0873015873015873 0.16535433070866143 0.15894039735099338
