X13012310 0.9420289855072463 1.0 0.0 0.014492753623188406 0.6376811594202898 0.17391304347826086 0.014492753623188406 0.5942028985507246 0.9710144927536232 1.0 0.6521739130434783 0.0 0.2898550724637681 0.7681159420289855 0.0 0.7101449275362319 0.0 0.37681159420289856 0.18840579710144928 0.0
X12013310 0.7101449275362319 1.0 0.4782608695652174 0.8985507246376812 0.9855072463768116 0.13043478260869565 0.4057971014492754 0.014492753623188406 0.5507246376811594 0.391304347826087 0.15942028985507245 0.6521739130434783 0.6956521739130435 0.42028985507246375 0.8840579710144928 0.855072463768116 0.15942028985507245 0.6376811594202898 0.5652173913043478 0.5362318840579711
X13012410 0.9420289855072463 0.0 0.7971014492753623 0.8985507246376812 0.36231884057971014 0.927536231884058 0.463768115942029 0.7101449275362319 0.9130434782608695 0.34782608695652173 0.9130434782608695 0.9710144927536232 0.37681159420289856 0.0 1.0 0.37681159420289856 0.7101449275362319 0.7101449275362319 0.0 0.5217391304347826
X13013610 0.4927536231884058 0.6811594202898551 0.4492753623188406 0.9710144927536232 0.8260869565217391 0.9130434782608695 0.42028985507246375 0.9855072463768116 0.2318840579710145 0.5942028985507246 0.9130434782608695 0.08695652173913043 0.3188405797101449 0.2898550724637681 0.0 0.5797101449275363 0.34782608695652173 1.0 0.6376811594202898 0.8695652173913043
X12012310 0.9565217391304348 1.0 0.9710144927536232 0.9565217391304348 0.0 0.8695652173913043 0.2608695652173913 0.14492753623188406 0.782608695652174 0.4782608695652174 0.927536231884058 0.08695652173913043 0.014492753623188406 0.43478260869565216 0.391304347826087 0.4492753623188406 0.6086956521739131 0.34782608695652173 0.0 0.014492753623188406
X13013510 0.7391304347826086 0.4782608695652174 0.3333333333333333 0.5507246376811594 0.782608695652174 0.17391304347826086 1.0 0.8840579710144928 0.9130434782608695 0.8115942028985508 0.6231884057971014 0.782608695652174 0.5942028985507246 0.6086956521739131 0.6376811594202898 0.7681159420289855 0.4782608695652174 0.5942028985507246 0.057971014492753624 0.7681159420289855
X11012610 0.5072463768115942 0.8840579710144928 0.9130434782608695 0.2608695652173913 0.18840579710144928 0.15942028985507245 0.7391304347826086 0.2608695652173913 0.8840579710144928 0.10144927536231885 0.5072463768115942 0.6086956521739131 0.6086956521739131 0.4057971014492754 0.8115942028985508 0.5652173913043478 0.42028985507246375 0.5507246376811594 0.3333333333333333 0.6521739130434783
X13012710 0.5507246376811594 0.9420289855072463 0.0 1.0 1.0 0.18840579710144928 0.8985507246376812 1.0 0.927536231884058 0.8405797101449275 0.9420289855072463 0.0 0.014492753623188406 0.17391304347826086 0.9855072463768116 0.30434782608695654 1.0 1.0 1.0 0.0
X12013410 0.9420289855072463 0.5072463768115942 0.4927536231884058 0.2028985507246377 0.5797101449275363 0.927536231884058 0.9420289855072463 0.37681159420289856 0.4927536231884058 0.4057971014492754 0.8405797101449275 0.8260869565217391 0.2753623188405797 0.8840579710144928 0.30434782608695654 0.21739130434782608 0.5072463768115942 0.2753623188405797 0.2898550724637681 0.855072463768116
X12012610 0.043478260869565216 0.7391304347826086 0.9565217391304348 0.21739130434782608 0.17391304347826086 0.10144927536231885 0.8985507246376812 0.855072463768116 0.0 0.3333333333333333 0.7536231884057971 0.0 0.2463768115942029 0.028985507246376812 0.8405797101449275 0.2463768115942029 0.4057971014492754 0.2898550724637681 0.34782608695652173 0.2753623188405797
X12013610 0.5507246376811594 0.927536231884058 0.6666666666666666 0.782608695652174 0.37681159420289856 0.8985507246376812 0.37681159420289856 0.8840579710144928 1.0 0.9710144927536232 0.9420289855072463 0.4927536231884058 0.5072463768115942 0.37681159420289856 0.17391304347826086 0.4927536231884058 0.4492753623188406 0.8405797101449275 0.37681159420289856 0.5942028985507246
X13013310 0.43478260869565216 0.6376811594202898 0.7971014492753623 0.4492753623188406 0.6666666666666666 0.7246376811594203 0.9565217391304348 0.8840579710144928 0.5362318840579711 0.5507246376811594 0.8985507246376812 0.6231884057971014 0.391304347826087 0.8695652173913043 0.6521739130434783 0.7246376811594203 0.6086956521739131 0.2463768115942029 0.9565217391304348 0.2463768115942029
X12013710 0.30434782608695654 0.42028985507246375 0.6231884057971014 0.9565217391304348 0.18840579710144928 0.3333333333333333 0.6956521739130435 0.4492753623188406 0.8260869565217391 0.42028985507246375 0.391304347826087 0.5507246376811594 0.2753623188405797 0.3333333333333333 0.34782608695652173 0.15942028985507245 0.7391304347826086 0.5072463768115942 0.9420289855072463 0.0
X12013510 0.5362318840579711 0.5072463768115942 0.855072463768116 0.9710144927536232 0.463768115942029 0.5072463768115942 0.4927536231884058 0.0 0.2318840579710145 0.36231884057971014 0.7246376811594203 0.014492753623188406 0.3333333333333333 0.855072463768116 0.6666666666666666 0.36231884057971014 0.5362318840579711 0.8405797101449275 0.391304347826087 0.855072463768116
X11013511 0.2318840579710145 0.5072463768115942 0.9130434782608695 1.0 0.8405797101449275 0.043478260869565216 0.5507246376811594 0.6956521739130435 0.8840579710144928 0.6376811594202898 0.08695652173913043 0.0 0.34782608695652173 0.13043478260869565 0.8260869565217391 0.4927536231884058 0.391304347826087 0.2318840579710145 0.6086956521739131 0.7971014492753623
X11013610 0.36231884057971014 0.5362318840579711 0.18840579710144928 0.6666666666666666 0.5797101449275363 0.4057971014492754 0.6521739130434783 0.42028985507246375 0.6811594202898551 0.463768115942029 0.8260869565217391 0.7536231884057971 0.8260869565217391 0.6086956521739131 0.4057971014492754 0.4492753623188406 0.5217391304347826 0.5507246376811594 0.4492753623188406 0.8115942028985508
X12012410 0.6811594202898551 0.9855072463768116 0.4492753623188406 0.927536231884058 0.9130434782608695 0.4927536231884058 0.2753623188405797 1.0 0.9130434782608695 0.8985507246376812 0.9130434782608695 0.043478260869565216 0.7101449275362319 0.8840579710144928 0.2463768115942029 0.2463768115942029 0.2318840579710145 0.6811594202898551 0.14492753623188406 0.2318840579710145
X12012710 0.43478260869565216 1.0 0.8985507246376812 0.08695652173913043 0.9420289855072463 0.30434782608695654 0.5362318840579711 0.8695652173913043 1.0 0.9565217391304348 0.2028985507246377 0.7971014492753623 0.5217391304347826 0.5072463768115942 1.0 0.30434782608695654 0.855072463768116 0.8840579710144928 0.11594202898550725 0.9130434782608695
X12012510 0.30434782608695654 0.7536231884057971 1.0 0.057971014492753624 0.9565217391304348 0.6086956521739131 1.0 0.13043478260869565 0.0 0.8695652173913043 0.5507246376811594 0.9710144927536232 0.4782608695652174 0.5507246376811594 0.9130434782608695 0.057971014492753624 0.4927536231884058 0.4492753623188406 0.5072463768115942 0.36231884057971014
X11012410 0.9420289855072463 0.2463768115942029 0.3333333333333333 0.18840579710144928 0.15942028985507245 0.42028985507246375 0.2318840579710145 0.37681159420289856 0.14492753623188406 0.14492753623188406 0.2028985507246377 0.2318840579710145 0.9710144927536232 0.34782608695652173 0.9565217391304348 0.8115942028985508 0.42028985507246375 0.057971014492753624 0.5797101449275363 0.4057971014492754
X11002311 0.5942028985507246 0.028985507246376812 0.6811594202898551 0.014492753623188406 0.057971014492753624 0.014492753623188406 0.028985507246376812 0.028985507246376812 0.028985507246376812 0.014492753623188406 0.13043478260869565 0.014492753623188406 0.043478260869565216 0.028985507246376812 0.7391304347826086 0.043478260869565216 0.014492753623188406 0.6666666666666666 0.18840579710144928 0.028985507246376812
X11012310 0.7536231884057971 0.9710144927536232 0.9420289855072463 0.7101449275362319 0.4782608695652174 0.2318840579710145 0.4492753623188406 0.9710144927536232 0.8985507246376812 0.2463768115942029 0.8985507246376812 0.5362318840579711 0.9130434782608695 0.5942028985507246 0.30434782608695654 0.927536231884058 1.0 0.9565217391304348 0.3333333333333333 0.7246376811594203
X11013310 0.6811594202898551 0.8260869565217391 0.30434782608695654 0.391304347826087 0.21739130434782608 0.43478260869565216 0.5362318840579711 0.42028985507246375 0.4782608695652174 0.9420289855072463 0.7536231884057971 0.5507246376811594 0.9565217391304348 0.4927536231884058 0.5217391304347826 0.6811594202898551 0.6666666666666666 0.7391304347826086 0.5072463768115942 0.18840579710144928
X11012510 0.8115942028985508 0.10144927536231885 0.14492753623188406 0.2028985507246377 0.43478260869565216 0.37681159420289856 0.3188405797101449 0.5507246376811594 0.927536231884058 0.5942028985507246 0.2608695652173913 0.927536231884058 0.08695652173913043 0.2608695652173913 0.34782608695652173 0.7246376811594203 0.2898550724637681 0.37681159420289856 0.18840579710144928 0.9710144927536232
X11013510 0.4782608695652174 0.2463768115942029 0.5217391304347826 0.2608695652173913 0.10144927536231885 0.34782608695652173 0.17391304347826086 0.6376811594202898 0.2753623188405797 0.463768115942029 0.9420289855072463 0.5217391304347826 0.36231884057971014 0.463768115942029 0.6376811594202898 0.3188405797101449 0.463768115942029 0.7391304347826086 0.3333333333333333 0.5797101449275363
X11013410 0.9855072463768116 0.855072463768116 0.4492753623188406 0.5797101449275363 0.391304347826087 0.2463768115942029 0.4492753623188406 0.36231884057971014 0.782608695652174 0.4782608695652174 0.5217391304347826 0.6086956521739131 0.37681159420289856 0.8405797101449275 0.42028985507246375 0.5217391304347826 0.3333333333333333 0.5217391304347826 0.8695652173913043 0.5507246376811594
X11002310 0.34782608695652173 0.3188405797101449 0.4492753623188406 0.2753623188405797 0.3333333333333333 0.2753623188405797 0.42028985507246375 0.43478260869565216 0.34782608695652173 0.34782608695652173 0.3333333333333333 0.21739130434782608 0.34782608695652173 0.4492753623188406 0.4492753623188406 0.3333333333333333 0.5217391304347826 0.3333333333333333 0.15942028985507245 0.4927536231884058
X11002301 0.0 0.0 0.014492753623188406 0.0 0.0 0.0 0.0 0.0 0.028985507246376812 0.014492753623188406 0.0 0.0 0.0 0.014492753623188406 0.028985507246376812 0.028985507246376812 0.014492753623188406 0.0 0.014492753623188406 0.0
X13002310 0.2318840579710145 0.34782608695652173 0.2608695652173913 0.37681159420289856 0.11594202898550725 0.34782608695652173 0.4927536231884058 0.2898550724637681 0.2608695652173913 0.2463768115942029 0.2318840579710145 0.30434782608695654 0.18840579710144928 0.42028985507246375 0.3188405797101449 0.2318840579710145 0.17391304347826086 0.15942028985507245 0.30434782608695654 0.34782608695652173
