X13012310 1.6896884441375732 1.7584009170532227 1.81831693649292 1.9087049961090088 1.9882001876831055 2.178528308868408 2.122819423675537 2.2526299953460693 2.2910804748535156 2.3822338581085205 2.4699246883392334 2.58771014213562 2.8335189819335938 2.9864535331726074 3.0508973598480225 3.1681325435638428 3.0804574489593506 3.213798761367798 3.3193984031677246 3.4102325439453125
X12013310 3.4690186977386475 3.5639185905456543 3.90262770652771 3.7785942554473877 3.9590418338775635 4.01401424407959 4.086031675338745 4.256483793258667 4.308094024658203 4.3296051025390625 4.40081000328064 4.532181024551392 4.639886856079102 4.746733903884888 4.826278924942017 4.904342174530029 5.120400428771973 5.265406131744385 5.328044652938843 5.626427173614502
X13012410 5.957920789718628 5.974129676818848 6.0278120040893555 6.235191106796265 6.281846046447754 6.355703353881836 6.491249322891235 6.635603427886963 6.708806037902832 6.85181188583374 6.93665623664856 7.454668283462524 7.194929361343384 7.362181663513184 7.545923948287964 7.562430381774902 7.790400266647339 7.885969638824463 7.8152174949646 7.938440322875977
X13013610 8.17944884300232 8.353114128112793 8.41561484336853 8.622320413589478 8.652599334716797 8.802581787109375 8.946271181106567 9.163161277770996 9.08008337020874 9.322240829467773 9.512073755264282 9.51486611366272 9.675265550613403 9.783384799957275 9.86355471611023 9.904568910598755 10.079633951187134 10.202616453170776 10.356921195983887 10.512322187423706
X12012310 10.54596734046936 10.677743434906006 10.701205968856812 10.94854187965393 10.982447624206543 11.12570071220398 11.103191614151001 11.770160675048828 11.28475284576416 11.46613621711731 11.535265922546387 11.75229549407959 11.740479469299316 11.77317214012146 11.874329090118408 11.971657276153564 12.02592420578003 12.120137453079224 12.125847816467285 12.461416244506836
X13013510 12.591597318649292 12.822659254074097 12.89980959892273 13.11820387840271 13.119076013565063 13.323233366012573 13.370475769042969 13.45305323600769 13.702967643737793 13.754992008209229 13.869194984436035 13.931944131851196 14.498173713684082 14.325197696685791 14.294687032699585 14.426446676254272 14.720925569534302 14.587148189544678 14.764114379882812 14.859674215316772
X11012610 14.721023082733154 14.823535442352295 14.85543704032898 15.008094310760498 14.963090181350708 15.071635007858276 15.190427541732788 15.378901958465576 15.387407064437866 15.54514193534851 15.503697633743286 15.5926034450531 15.684764862060547 15.864037275314331 15.833643913269043 15.89495301246643 15.965927362442017 16.017659664154053 16.201327323913574 16.319955825805664
X13012710 16.628401517868042 16.831343173980713 16.870079278945923 17.090543508529663 17.297486305236816 17.977219343185425 17.48301887512207 17.73587656021118 17.788263082504272 17.97510004043579 18.068970918655396 18.176490783691406 18.274069786071777 18.44237470626831 18.59766983985901 18.67445182800293 18.721571445465088 18.921963691711426 18.9142849445343 19.062833786010742
X12013410 19.114636182785034 19.415771007537842 19.365375757217407 19.643231630325317 19.585166454315186 19.761990308761597 19.663195848464966 19.89394211769104 20.235795497894287 20.220782041549683 20.218287229537964 20.27107310295105 20.29123854637146 20.469778299331665 20.41530203819275 20.558778285980225 20.656142473220825 20.85299825668335 20.838597774505615 20.975493669509888
X12012610 21.115906238555908 21.237132787704468 21.347158432006836 21.424713373184204 21.621002674102783 21.57024359703064 21.695010662078857 21.811694622039795 21.90821599960327 22.10058903694153 22.037296056747437 22.126352787017822 22.268066883087158 22.399019718170166 22.458650827407837 22.595381498336792 22.585753440856934 22.70394492149353 22.855908632278442 22.89275884628296
X12013610 23.23024821281433 23.32998275756836 23.317529916763306 23.479246139526367 23.5430965423584 23.558176279067993 23.63602328300476 23.814690351486206 23.93515658378601 23.973569631576538 23.996498346328735 24.261715173721313 24.29772448539734 24.45636558532715 24.368305206298828 24.622309923171997 24.505800485610962 24.547916173934937 24.63893723487854 24.908073663711548
X13013310 25.155596017837524 25.27161955833435 25.258994102478027 25.54772663116455 25.60593032836914 25.74202299118042 25.727294921875 26.040244817733765 25.98453950881958 26.16894030570984 26.273205041885376 26.347365617752075 26.565841674804688 26.534366369247437 26.720303058624268 26.810864448547363 27.236903190612793 26.98382544517517 27.15510630607605 27.3742938041687
X12013710 27.110849618911743 27.189760446548462 27.399125814437866 27.483424425125122 27.48826241493225 27.59859275817871 27.849178791046143 27.829087018966675 27.792755842208862 27.968245267868042 28.188453197479248 28.31615114212036 28.498074054718018 28.41837787628174 28.634747743606567 28.651513814926147 28.762593030929565 28.757311582565308 28.853139877319336 28.988341093063354
X12013510 29.31657886505127 29.23964786529541 29.420234203338623 29.442262411117554 29.569490432739258 29.7034695148468 29.775346040725708 29.74678611755371 29.979240894317627 30.155497312545776 30.109314441680908 30.219297409057617 30.369888305664062 30.54765295982361 30.62781524658203 30.932756185531616 30.82605290412903 30.812827110290527 31.065770864486694 31.023505926132202
X11013511 31.345813035964966 31.45605444908142 32.65449666976929 31.43537211418152 31.583099365234375 31.539828300476074 31.856119394302368 31.984219074249268 32.08799982070923 32.358659982681274 32.12192988395691 32.178401708602905 32.293742418289185 32.38567399978638 32.458457231521606 32.65809893608093 32.46921229362488 32.76515460014343 32.7950553894043 32.733179569244385
X11013610 32.81781220436096 32.72690677642822 32.8528470993042 33.067469120025635 32.42572331428528 32.43268013000488 32.5942485332489 32.74208116531372 32.74446988105774 32.77168869972229 33.19980835914612 32.982013463974 33.06633448600769 32.97645330429077 33.10193133354187 33.4243688583374 33.488240242004395 34.0470404624939 34.05617380142212 33.85020995140076
X12012410 34.17668914794922 34.38160705566406 34.360448598861694 34.744561433792114 34.419694662094116 34.71492624282837 34.727412939071655 34.840664863586426 34.77819275856018 34.883143186569214 35.08531308174133 35.14676642417908 35.22368931770325 35.25945711135864 35.441741704940796 35.45529103279114 35.54974031448364 35.9587082862854 35.78367376327515 36.1812629699707
X12012710 36.370622396469116 36.57642388343811 36.516794204711914 36.558271169662476 36.44797348976135 36.68284559249878 36.72209191322327 36.86261987686157 36.86953806877136 37.27491211891174 37.323527336120605 37.25278830528259 37.43121576309204 37.56241965293884 37.43960785865784 38.05249309539795 37.686596632003784 37.847127199172974 37.82817625999451 37.976879596710205
X12012510 38.028892278671265 38.24285411834717 38.17730712890625 38.49078845977783 38.394853591918945 38.452539682388306 38.64048218727112 38.901060342788696 38.82441759109497 38.93679475784302 39.11915826797485 39.22231340408325 39.3306097984314 39.560476779937744 39.41533041000366 39.690993547439575 39.64907217025757 39.65748882293701 39.60697293281555 39.95070266723633
X11012410 40.1041145324707 40.12908697128296 40.15321135520935 40.48904776573181 40.532936573028564 40.6606228351593 40.50382947921753 40.65518116950989 40.66477680206299 40.93595623970032 41.07720494270325 41.03287100791931 41.05865526199341 41.17640018463135 41.177555322647095 40.951038122177124 41.18918180465698 41.29946279525757 41.168909311294556 41.34106206893921
X11002311 41.46861910820007 41.90034866333008 41.67992115020752 41.759541273117065 41.9413743019104 42.07437014579773 41.982277154922485 42.300511837005615 42.54934763908386 42.42910122871399 42.689013957977295 42.914687156677246 42.898991107940674 43.04141449928284 42.94132161140442 42.91170954704285 42.76225924491882 42.87692451477051 43.17633938789368 43.145572900772095
X11012310 42.93277597427368 42.964531898498535 43.09327816963196 43.132580280303955 43.272435426712036 43.44372630119324 43.41491937637329 43.54009127616882 43.63468050956726 43.75896668434143 43.90858197212219 43.919196367263794 44.23698711395264 44.43288254737854 44.444100856781006 44.04248571395874 44.24444890022278 44.41812300682068 44.64747452735901 44.8512704372406
X11013310 44.988609790802 45.313321113586426 45.22718954086304 45.20518112182617 45.16617679595947 45.48241567611694 45.21683692932129 45.2481734752655 45.16875457763672 45.15488028526306 45.198413133621216 45.47213530540466 45.51724362373352 45.45532751083374 45.44869303703308 45.69475030899048 45.62634563446045 45.93103313446045 46.18779110908508 46.378413915634155
X11012510 46.446245193481445 46.393245220184326 46.391769886016846 46.42783498764038 46.40085196495056 46.49373984336853 46.69011068344116 46.71377348899841 46.86285185813904 46.78921413421631 46.79470181465149 47.171348333358765 47.075177907943726 47.307000398635864 47.61787819862366 48.0339515209198 48.162675619125366 47.70278835296631 47.460432052612305 47.50686478614807
X11013510 48.40923190116882 48.097156047821045 48.25450873374939 48.35889482498169 48.519225120544434 48.585490226745605 48.60615587234497 48.5910906791687 48.71825313568115 48.8494131565094 48.86617112159729 49.25427770614624 49.08500814437866 49.35545301437378 49.742244720458984 49.69184756278992 49.5733106136322 49.73339772224426 49.76889896392822 49.7527232170105
X11013410 50.03036141395569 49.88085627555847 49.97175431251526 49.971781492233276 49.936052083969116 50.1012806892395 50.21281051635742 50.49995422363281 50.19932532310486 50.61432671546936 50.39938807487488 50.36814546585083 50.405139207839966 50.4669725894928 50.66480207443237 50.82696175575256 50.99434947967529 51.471951961517334 51.4671585559845 51.539456844329834
X11002310 51.53663110733032 51.47713613510132 51.19494843482971 51.57378578186035 51.30195593833923 51.678040742874146 51.5049352645874 51.55535650253296 51.51263737678528 51.87561345100403 52.02552342414856 52.09049415588379 52.31025147438049 52.67975211143494 52.66215252876282 52.51431131362915 52.56718897819519 53.500545263290405 53.451618909835815 53.34353160858154
X11002301 1.7049272060394287 0.9734573364257812 0.9795932769775391 1.0473806858062744 1.1289727687835693 1.1462984085083008 1.194138765335083 1.2192986011505127 1.296691656112671 1.2919578552246094 1.4521379470825195 1.4412827491760254 1.5003941059112549 1.5301744937896729 1.5787074565887451 1.6230807304382324 1.6991775035858154 1.9027037620544434 1.8548362255096436 1.8643357753753662
X13002310 2.413283109664917 2.469135284423828 2.5019516944885254 2.6284854412078857 2.790647029876709 2.8230926990509033 2.833590030670166 2.855086326599121 3.2782769203186035 3.1296815872192383 3.2105767726898193 3.2914865016937256 3.519136667251587 3.5664446353912354 3.729494571685791 3.7490975856781006 3.7653164863586426 3.915844202041626 4.057384252548218 4.111713886260986
