X11002301 0.030769230769230767 0.018018018018018018 0.07881773399014778 0.06730769230769229 0.0 0.11483253588516747 0.19047619047619047 0.059829059829059825 0.07142857142857141 0.05286343612334802 0.019801980198019802 0.010526315789473684 0.08040201005025126 0.05970149253731343 0.036036036036036036 0.05181347150259067 0.0310880829015544 0.009852216748768473 0.04975124378109453 0.010152284263959392
X11013410 0.3439099283520982 0.30550621669627 0.31647634584013046 0.3096774193548387 0.32727272727272727 0.31799163179916323 0.26666666666666666 0.33 0.307426597582038 0.3038397328881469 0.29931972789115646 0.2910798122065728 0.20618556701030927 0.3398058252427184 0.34324942791762014 0.3470483005366726 0.34601226993865036 0.25555555555555554 0.3150074294205052 0.32087227414330216
X11002310 0.40078585461689586 0.3629893238434163 0.3967479674796748 0.3842364532019704 0.35344827586206895 0.3745454545454545 0.33476394849785407 0.31250000000000006 0.3813229571984436 0.4060721062618596 0.3708838821490467 0.35000000000000003 0.39285714285714285 0.3786008230452675 0.344954128440367 0.38500851788756385 0.3663157894736842 0.3042394014962594 0.38961038961038963 0.3402489626556016
X12013610 0.21052631578947364 0.3091190108191654 0.3349917081260365 0.3218390804597701 0.34190620272314676 0.308411214953271 0.35000000000000003 0.2961783439490446 0.27179487179487183 0.32678132678132676 0.281195079086116 0.3385579937304075 0.33149171270718236 0.3235747303543913 0.31335149863760214 0.3016759776536313 0.261744966442953 0.3315508021390375 0.3023872679045093 0.3141592920353982
X11002310 0.36852207293666017 0.30466830466830463 0.2816091954022989 0.37201365187713314 0.36475409836065575 0.35234899328859054 0.3592814371257485 0.35135135135135137 0.3116883116883117 0.31896551724137934 0.3627906976744186 0.34765624999999994 0.35355285961871746 0.3783783783783784 0.3435114503816794 0.3341288782816229 0.32377049180327866 0.31956912028725315 0.3451957295373666 0.37681159420289856
X11012310 0.33466135458167334 0.28717948717948716 0.3364737550471063 0.20553359683794464 0.33233830845771145 0.2108843537414966 0.1322314049586777 0.32646048109965636 0.34951456310679613 0.34295415959252973 0.3145009416195857 0.2191780821917808 0.2819383259911894 0.3402646502835538 0.281437125748503 0.16867469879518068 0.3411978221415608 0.20769230769230773 0.23225806451612901 0.26108374384236455
X11012610 0.3263888888888889 0.3316326530612245 0.15789473684210525 0.3447154471544715 0.3630672926447574 0.22895622895622897 0.3284671532846715 0.3284132841328413 0.1557377049180328 0.3327615780445969 0.33031674208144796 0.34514637904468415 0.35343035343035345 0.3345323741007194 0.3422459893048128 0.32142857142857145 0.33576642335766427 0.3122212310437109 0.3015873015873016 0.341296928327645
X12013410 0.06926406926406925 0.32642487046632124 0.33638025594149906 0.3584521384928717 0.3449612403100776 0.32663316582914576 0.32801822323462415 0.3317972350230414 0.3387387387387387 0.33495145631067963 0.3356643356643356 0.3469945355191257 0.3307332293291732 0.23333333333333334 0.3501326259946949 0.3261058109280139 0.3392857142857143 0.3282442748091603 0.3473541383989145 0.32974910394265233
X11013310 0.33088235294117646 0.34548944337811904 0.3033932135728543 0.34500000000000003 0.3297644539614561 0.3531786074672048 0.32954545454545453 0.34901960784313724 0.36761487964989065 0.3079710144927536 0.3538998835855646 0.25609756097560976 0.3548387096774194 0.34854771784232363 0.30798479087452474 0.33740831295843526 0.3447432762836186 0.35030549898167007 0.3409490333919156 0.34684684684684686
X12012310 0.32305433186490456 0.32193732193732194 0.3165905631659056 0.33333333333333337 0.1347517730496454 0.2979591836734694 0.24630541871921185 0.32929782082324455 0.33561643835616434 0.13793103448275862 0.1917808219178082 0.3104693140794224 0.32083958020989506 0.30620155038759694 0.3149847094801223 0.31259968102073366 0.3275261324041812 0.3159509202453988 0.3177004538577912 0.3190730837789661
