X11002301 0.42857142857142855 0.058823529411764705 0.5333333333333333 0.35 0.0 0.5714285714285714 0.3058823529411765 0.15217391304347827 0.875 0.15384615384615385 0.14285714285714285 0.5 0.7272727272727273 0.46153846153846156 0.11764705882352941 1.0 0.6 0.06666666666666667 0.38461538461538464 0.1111111111111111
X11013410 0.21292775665399238 0.22933333333333333 0.22823529411764706 0.20442930153321975 0.21649484536082475 0.2620689655172414 0.2929936305732484 0.21568627450980393 0.22762148337595908 0.22141119221411193 0.22 0.2605042016806723 0.2912621359223301 0.22012578616352202 0.30120481927710846 0.261455525606469 0.22488038277511962 0.26744186046511625 0.21855670103092784 0.22687224669603523
X11002310 0.3177570093457944 0.2727272727272727 0.2857142857142857 0.27790973871733965 0.2971014492753623 0.2845303867403315 0.2805755395683453 0.2568493150684932 0.3006134969325153 0.31563421828908556 0.2750642673521851 0.2876712328767123 0.2956989247311828 0.3087248322147651 0.26330532212885155 0.2832080200501253 0.30313588850174217 0.2863849765258216 0.29914529914529914 0.2789115646258503
X12013610 0.23376623376623376 0.2178649237472767 0.2433734939759036 0.2327790973871734 0.23890063424947147 0.21806167400881057 0.25485436893203883 0.21136363636363636 0.2623762376237624 0.2124600638977636 0.2099737532808399 0.24 0.3448275862068966 0.227765726681128 0.21062271062271062 0.23209169054441262 0.35454545454545455 0.3333333333333333 0.30158730158730157 0.2689393939393939
X11002310 0.2882882882882883 0.2831050228310502 0.30625 0.27386934673366836 0.2966666666666667 0.25735294117647056 0.28753993610223644 0.27575757575757576 0.30456852791878175 0.26811594202898553 0.32231404958677684 0.27469135802469136 0.2622107969151671 0.28610354223433243 0.26785714285714285 0.30303030303030304 0.2633333333333333 0.24119241192411925 0.25935828877005346 0.2857142857142857
X11012310 0.20588235294117646 0.21158690176322417 0.22522522522522523 0.4 0.204406364749082 0.29245283018867924 0.2962962962962963 0.24111675126903553 0.27522935779816515 0.2518703241895262 0.19107551487414187 0.3076923076923077 0.24060150375939848 0.26392961876832843 0.19583333333333333 0.3442622950819672 0.25895316804407714 0.375 0.29508196721311475 0.24311926605504589
X11012610 0.2422680412371134 0.31862745098039214 0.45 0.24824355971896955 0.2572062084257206 0.3119266055045872 0.25 0.2514124293785311 0.3392857142857143 0.24556962025316456 0.2874015748031496 0.24295010845986983 0.21963824289405684 0.25271739130434784 0.257372654155496 0.24193548387096775 0.3094170403587444 0.18756698821007503 0.3 0.25125628140703515
X12013410 0.18604651162790697 0.3181818181818182 0.2562674094707521 0.29042904290429045 0.2109004739336493 0.30952380952380953 0.2868525896414343 0.23326133909287258 0.2561307901907357 0.2169811320754717 0.22770398481973433 0.23345588235294118 0.23399558498896247 0.17897727272727273 0.2332155477031802 0.19481865284974093 0.2923076923076923 0.2 0.2331511839708561 0.21263482280431434
X11013310 0.25280898876404495 0.2702702702702703 0.24281150159744408 0.22549019607843138 0.27598566308243727 0.21793275217932753 0.2248062015503876 0.27639751552795033 0.23140495867768596 0.23351648351648352 0.22652757078986588 0.3 0.2313915857605178 0.2857142857142857 0.23964497041420119 0.21904761904761905 0.22380952380952382 0.2838283828382838 0.2545931758530184 0.30078125
X12012310 0.2231237322515213 0.2198443579766537 0.22174840085287847 0.23140495867768596 0.20212765957446807 0.24172185430463577 0.22935779816513763 0.3022222222222222 0.2474747474747475 0.1214574898785425 0.2692307692307692 0.23497267759562843 0.22338204592901878 0.24085365853658536 0.22103004291845493 0.22323462414578588 0.19583333333333333 0.22198275862068967 0.2219873150105708 0.19164882226980728
