X11002301 0.015957446808510637 0.010638297872340425 0.0425531914893617 0.03723404255319149 0.0 0.06382978723404255 0.13829787234042554 0.03723404255319149 0.03723404255319149 0.031914893617021274 0.010638297872340425 0.005319148936170213 0.0425531914893617 0.031914893617021274 0.02127659574468085 0.026595744680851064 0.015957446808510637 0.005319148936170213 0.026595744680851064 0.005319148936170213
X11013410 0.8936170212765957 0.4574468085106383 0.5159574468085106 0.6382978723404256 0.6702127659574468 0.40425531914893614 0.24468085106382978 0.7021276595744681 0.4734042553191489 0.48404255319148937 0.46808510638297873 0.32978723404255317 0.1595744680851064 0.7446808510638298 0.39893617021276595 0.5159574468085106 0.75 0.24468085106382978 0.5638297872340425 0.5478723404255319
X11002310 0.5425531914893617 0.5425531914893617 0.648936170212766 0.6223404255319149 0.43617021276595747 0.5478723404255319 0.4148936170212766 0.39893617021276595 0.5212765957446809 0.5691489361702128 0.5691489361702128 0.44680851063829785 0.5851063829787234 0.48936170212765956 0.5 0.601063829787234 0.4627659574468085 0.324468085106383 0.5585106382978723 0.43617021276595747
X12013610 0.19148936170212766 0.5319148936170213 0.5372340425531915 0.5212765957446809 0.601063829787234 0.526595744680851 0.5585106382978723 0.4946808510638298 0.28191489361702127 0.7074468085106383 0.425531914893617 0.574468085106383 0.3191489361702128 0.5585106382978723 0.6117021276595744 0.4308510638297872 0.2074468085106383 0.32978723404255317 0.30319148936170215 0.3776595744680851
X11002310 0.5106382978723404 0.32978723404255317 0.26063829787234044 0.5797872340425532 0.4734042553191489 0.5585106382978723 0.4787234042553192 0.48404255319148937 0.3191489361702128 0.39361702127659576 0.4148936170212766 0.4734042553191489 0.5425531914893617 0.5585106382978723 0.4787234042553192 0.3723404255319149 0.42021276595744683 0.4734042553191489 0.5159574468085106 0.5531914893617021
X11012310 0.8936170212765957 0.44680851063829785 0.6648936170212766 0.13829787234042554 0.8882978723404256 0.16489361702127658 0.0851063829787234 0.5053191489361702 0.4787234042553192 0.5372340425531915 0.8882978723404256 0.1702127659574468 0.3404255319148936 0.4787234042553192 0.5 0.11170212765957446 0.5 0.14361702127659576 0.19148936170212766 0.28191489361702127
X11012610 0.5 0.34574468085106386 0.09574468085106383 0.5638297872340425 0.6170212765957447 0.18085106382978725 0.4787234042553192 0.4734042553191489 0.10106382978723404 0.5159574468085106 0.3882978723404255 0.5957446808510638 0.9042553191489362 0.4946808510638298 0.5106382978723404 0.4787234042553192 0.3670212765957447 0.9308510638297872 0.30319148936170215 0.5319148936170213
X12013410 0.0425531914893617 0.3351063829787234 0.48936170212765956 0.46808510638297873 0.9468085106382979 0.34574468085106386 0.3829787234042553 0.574468085106383 0.5 0.7340425531914894 0.6382978723404256 0.675531914893617 0.5638297872340425 0.3351063829787234 0.7021276595744681 1.0 0.40425531914893614 0.9148936170212766 0.6808510638297872 0.7340425531914894
X11013310 0.4787234042553192 0.4787234042553192 0.40425531914893614 0.7340425531914894 0.4095744680851064 0.9308510638297872 0.6170212765957447 0.4734042553191489 0.8936170212765957 0.4521276595744681 0.8085106382978723 0.22340425531914893 0.7606382978723404 0.44680851063829785 0.4308510638297872 0.7340425531914894 0.75 0.4574468085106383 0.5159574468085106 0.4095744680851064
X12012310 0.5851063829787234 0.601063829787234 0.5531914893617021 0.5957446808510638 0.10106382978723404 0.3882978723404255 0.26595744680851063 0.3617021276595745 0.5212765957446809 0.1595744680851064 0.14893617021276595 0.4574468085106383 0.5691489361702128 0.42021276595744683 0.5478723404255319 0.5212765957446809 1.0 0.5478723404255319 0.5585106382978723 0.9521276595744681
