X11002301 19.712817430496216 19.842220783233643 20.00529384613037 20.000653505325317 20.096710443496704 20.173985719680786 20.188003063201904 20.273250818252563 20.599995613098145 20.66516876220703 20.758331537246704 20.856781005859375 21.02196955680847 20.687124967575073 20.90346384048462 20.894280672073364 20.96039628982544 21.156372785568237 21.558101654052734 21.778807878494263
X11013410 23.472744703292847 23.617565393447876 23.72036385536194 23.808876514434814 23.979164361953735 24.017255306243896 24.564574480056763 24.75380802154541 24.656692266464233 24.6254301071167 24.78136897087097 24.669489860534668 25.002876043319702 24.91435742378235 24.88143277168274 25.201807022094727 25.112107276916504 25.261027097702026 25.171242713928223 25.292461156845093
X11002310 25.97185778617859 26.180005073547363 25.765202045440674 25.7444486618042 25.79534363746643 25.99605941772461 26.04016923904419 26.216366291046143 26.327083349227905 26.665311098098755 26.50149655342102 26.443023204803467 26.67559289932251 26.78206205368042 26.777467250823975 26.958803415298462 27.85649847984314 27.357865810394287 27.688992738723755 27.503464460372925
X12013610 28.025895595550537 28.12042212486267 28.106153964996338 28.342888116836548 27.438342571258545 28.0395028591156 28.2093563079834 27.96825098991394 29.666685104370117 29.02622127532959 29.078348398208618 29.304980754852295 29.532573461532593 29.702826499938965 29.650126218795776 29.98488974571228 29.829685926437378 29.516545057296753 30.192875862121582 30.23572063446045
X11002310 29.879133701324463 29.917736530303955 30.033419370651245 29.96287989616394 29.58739185333252 29.670382976531982 29.67193078994751 29.75307321548462 29.764161109924316 29.872140169143677 29.78634762763977 30.279646635055542 29.988277673721313 30.32976794242859 30.63406205177307 30.712300777435303 30.500943183898926 30.905767917633057 31.129936695098877 31.312859058380127
X11012310 30.602329969406128 30.740844249725342 31.34540104866028 31.34002995491028 31.44613003730774 31.557029485702515 31.45212745666504 31.262047290802002 31.20600986480713 31.39275598526001 31.176815032958984 31.31855320930481 31.454833030700684 31.679835557937622 31.866297960281372 31.683962106704712 31.63199543952942 31.74744749069214 31.95824122428894 32.42185163497925
X11012610 33.12429618835449 33.12515044212341 33.222573041915894 33.739752769470215 33.16399145126343 33.02033853530884 33.44905209541321 33.86420559883118 34.082160234451294 33.96309304237366 33.557060956954956 33.93999934196472 34.11548185348511 34.43950843811035 34.29827070236206 34.478777170181274 33.92291831970215 34.0753378868103 33.840824842453 34.080195903778076
X12013410 34.50649809837341 34.68496370315552 34.878735065460205 34.87582731246948 34.83222222328186 34.933440923690796 35.02690124511719 35.076324462890625 34.95025706291199 35.32702851295471 35.378913164138794 35.409305572509766 36.131829261779785 35.80016541481018 35.66358137130737 35.87144923210144 36.47839641571045 36.45269060134888 36.691248655319214 36.80357837677002
X11013310 36.56804418563843 36.3266339302063 36.253265619277954 36.34376096725464 36.604225873947144 36.601595401763916 36.7667760848999 37.017242431640625 36.92736792564392 37.841309547424316 38.17238736152649 37.41228270530701 37.33993601799011 37.30004668235779 37.337730884552 37.88552904129028 37.804131507873535 37.953303813934326 37.88082528114319 38.01274538040161
X12012310 38.64760971069336 38.77735757827759 40.461997270584106 40.16616106033325 39.08866477012634 38.99644351005554 39.23337364196777 39.340740442276 39.27993988990784 39.52903151512146 39.96779775619507 40.07721185684204 40.95578169822693 40.52249193191528 40.23925518989563 40.12666058540344 40.306336641311646 40.28955149650574 40.393311500549316 40.982139587402344
