

Experiment 1: {"deep_learner": true, "n_layers": 3, "lipschitz_lr": false, "reduce_data": true, "embedding_dims": 2, "k": 3, "oversample": true, "activation": "relu"}
Precision: [0.13533834586466165, 0.1348314606741573, 0.1348314606741573, 0.1348314606741573, 0.1348314606741573, 0.1348314606741573, 0.1348314606741573, 0.1348314606741573, 0.1348314606741573, 0.13533834586466165, 0.1348314606741573, 0.1348314606741573, 0.1348314606741573, 0.1348314606741573, 0.1348314606741573, 0.1348314606741573, 0.1348314606741573, 0.1348314606741573, 0.1348314606741573, 0.1348314606741573] 
Recall: [1.0, 1.0, 1.0, 1.0, 1.0, 1.0, 1.0, 1.0, 1.0, 1.0, 1.0, 1.0, 1.0, 1.0, 1.0, 1.0, 1.0, 1.0, 1.0, 1.0] 
F1: [0.23841059602649003, 0.23762376237623764, 0.23762376237623764, 0.23762376237623764, 0.23762376237623764, 0.23762376237623764, 0.23762376237623764, 0.23762376237623764, 0.23762376237623764, 0.23841059602649003, 0.23762376237623764, 0.23762376237623764, 0.23762376237623764, 0.23762376237623764, 0.23762376237623764, 0.23762376237623764, 0.23762376237623764, 0.23762376237623764, 0.23762376237623764, 0.23762376237623764] 
Runtime: [94.49253797531128, 94.54927134513855, 97.38754272460938, 93.64326643943787, 95.026376247406, 95.69288063049316, 96.63493514060974, 99.19364714622498, 99.9432156085968, 98.05355453491211, 101.95383930206299, 99.73807859420776, 100.73717546463013, 100.2960753440857, 101.40888524055481, 101.50196480751038, 100.68100118637085, 102.35040593147278, 101.58384275436401, 103.03056859970093]

Experiment 2: {"deep_learner": true, "n_layers": 2, "lipschitz_lr": false, "reduce_data": true, "embedding_dims": 3, "k": 3, "oversample": true, "activation": "relu"}
Precision: [0.15151515151515152, 0.14634146341463414, 0.1348314606741573, 0.1348314606741573, 0.14761904761904762, 0.1348314606741573, 0.14795918367346939, 0.1348314606741573, 0.1348314606741573, 0.1348314606741573, 0.1348314606741573, 0.1348314606741573, 0.1348314606741573, 0.1507537688442211, 0.1348314606741573, 0.15469613259668508, 0.1348314606741573, 0.1348314606741573, 0.1348314606741573, 0.15151515151515152] 
Recall: [0.8333333333333334, 0.8333333333333334, 1.0, 1.0, 0.8611111111111112, 1.0, 0.8055555555555556, 1.0, 1.0, 1.0, 1.0, 1.0, 1.0, 0.8333333333333334, 1.0, 0.7777777777777778, 1.0, 1.0, 1.0, 0.8333333333333334] 
F1: [0.25641025641025644, 0.24896265560165973, 0.23762376237623764, 0.23762376237623764, 0.2520325203252033, 0.23762376237623764, 0.25, 0.23762376237623764, 0.23762376237623764, 0.23762376237623764, 0.23762376237623764, 0.23762376237623764, 0.23762376237623764, 0.2553191489361702, 0.23762376237623764, 0.25806451612903225, 0.23762376237623764, 0.23762376237623764, 0.23762376237623764, 0.25641025641025644] 
Runtime: [100.79009747505188, 103.31535410881042, 103.57176399230957, 99.14450860023499, 100.572274684906, 98.54215860366821, 100.90915584564209, 101.23711800575256, 99.74929141998291, 103.49722504615784, 100.96615242958069, 102.70759439468384, 100.45392847061157, 101.02497267723083, 103.88137578964233, 101.64520955085754, 102.36238741874695, 105.7328953742981, 105.75311923027039, 104.04519271850586]

Experiment 3: {"deep_learner": true, "n_layers": 3, "lipschitz_lr": false, "reduce_data": true, "embedding_dims": 2, "k": 4, "oversample": true, "activation": "relu"}
Precision: [0.1348314606741573, 0.1348314606741573, 0.1348314606741573, 0.1348314606741573, 0.1348314606741573, 0.1348314606741573, 0.15934065934065933, 0.1348314606741573, 0.1348314606741573, 0.13973799126637554, 0.1348314606741573, 0.1348314606741573, 0.1348314606741573, 0.1348314606741573, 0.1348314606741573, 0.1348314606741573, 0.1348314606741573, 0.13618677042801555, 0.1348314606741573, 0.13636363636363635] 
Recall: [1.0, 1.0, 1.0, 1.0, 1.0, 1.0, 0.8055555555555556, 1.0, 1.0, 0.8888888888888888, 1.0, 1.0, 1.0, 1.0, 1.0, 1.0, 1.0, 0.9722222222222222, 1.0, 1.0] 
F1: [0.23762376237623764, 0.23762376237623764, 0.23762376237623764, 0.23762376237623764, 0.23762376237623764, 0.23762376237623764, 0.2660550458715596, 0.23762376237623764, 0.23762376237623764, 0.24150943396226415, 0.23762376237623764, 0.23762376237623764, 0.23762376237623764, 0.23762376237623764, 0.23762376237623764, 0.23762376237623764, 0.23762376237623764, 0.23890784982935148, 0.23762376237623764, 0.24000000000000002] 
Runtime: [106.71757650375366, 108.19673562049866, 105.6941065788269, 108.73021531105042, 105.31072664260864, 106.62065601348877, 108.23959040641785, 104.65882611274719, 106.8224630355835, 107.62801575660706, 108.4548568725586, 108.18271613121033, 108.4071798324585, 107.57466840744019, 107.96458005905151, 108.35783910751343, 108.97642230987549, 111.76747488975525, 108.71944499015808, 109.98105931282043]

Experiment 4: {"deep_learner": true, "n_layers": 3, "lipschitz_lr": false, "reduce_data": true, "embedding_dims": 3, "k": 6, "oversample": true, "activation": "relu"}
Precision: [0.1348314606741573, 0.1348314606741573, 0.1348314606741573, 0.16326530612244897, 0.1348314606741573, 0.14344262295081966, 0.1348314606741573, 0.1348314606741573, 0.1348314606741573, 0.1348314606741573, 0.1348314606741573, 0.1348314606741573, 0.15873015873015872, 0.1348314606741573, 0.1348314606741573, 0.15897435897435896, 0.1348314606741573, 0.1348314606741573, 0.1348314606741573, 0.1348314606741573] 
Recall: [1.0, 1.0, 1.0, 0.8888888888888888, 1.0, 0.9722222222222222, 1.0, 1.0, 1.0, 1.0, 1.0, 1.0, 0.8333333333333334, 1.0, 1.0, 0.8611111111111112, 1.0, 1.0, 1.0, 1.0] 
F1: [0.23762376237623764, 0.23762376237623764, 0.23762376237623764, 0.27586206896551724, 0.23762376237623764, 0.24999999999999994, 0.23762376237623764, 0.23762376237623764, 0.23762376237623764, 0.23762376237623764, 0.23762376237623764, 0.23762376237623764, 0.26666666666666666, 0.23762376237623764, 0.23762376237623764, 0.2683982683982684, 0.23762376237623764, 0.23762376237623764, 0.23762376237623764, 0.23762376237623764] 
Runtime: [112.03686881065369, 110.00025367736816, 111.08176565170288, 111.65243697166443, 111.47804760932922, 111.44776320457458, 111.19267225265503, 111.7581512928009, 111.1103446483612, 113.3545777797699, 112.52160787582397, 112.9640862941742, 112.23933935165405, 111.7282726764679, 112.8457441329956, 110.42665696144104, 113.45579648017883, 112.63027834892273, 113.26360821723938, 112.986492395401]



Experiment 5: {"deep_learner": true, "n_layers": 2, "lipschitz_lr": false, "reduce_data": true, "embedding_dims": 2, "k": 3, "oversample": true, "activation": "relu"}
WARNING:tensorflow:From /usr/local/lib/python3.6/dist-packages/tensorflow_core/python/ops/resource_variable_ops.py:1630: calling BaseResourceVariable.__init__ (from tensorflow.python.ops.resource_variable_ops) with constraint is deprecated and will be removed in a future version.
Instructions for updating:
If using Keras pass *_constraint arguments to layers.
WARNING:tensorflow:From /usr/local/lib/python3.6/dist-packages/tensorflow_core/python/keras/backend.py:4277: where (from tensorflow.python.ops.array_ops) is deprecated and will be removed in a future version.
Instructions for updating:
Use tf.where in 2.0, which has the same broadcast rule as np.where
WARNING:tensorflow:From /usr/local/lib/python3.6/dist-packages/keras/backend/tensorflow_backend.py:66: The name tf.get_default_graph is deprecated. Please use tf.compat.v1.get_default_graph instead.

WARNING:tensorflow:From /usr/local/lib/python3.6/dist-packages/keras/backend/tensorflow_backend.py:541: The name tf.placeholder is deprecated. Please use tf.compat.v1.placeholder instead.

WARNING:tensorflow:From /usr/local/lib/python3.6/dist-packages/keras/backend/tensorflow_backend.py:4432: The name tf.random_uniform is deprecated. Please use tf.random.uniform instead.

WARNING:tensorflow:From /usr/local/lib/python3.6/dist-packages/keras/optimizers.py:793: The name tf.train.Optimizer is deprecated. Please use tf.compat.v1.train.Optimizer instead.

WARNING:tensorflow:From /usr/local/lib/python3.6/dist-packages/keras/backend/tensorflow_backend.py:3657: The name tf.log is deprecated. Please use tf.math.log instead.

WARNING:tensorflow:From /usr/local/lib/python3.6/dist-packages/keras/backend/tensorflow_backend.py:1033: The name tf.assign_add is deprecated. Please use tf.compat.v1.assign_add instead.

WARNING:tensorflow:From /usr/local/lib/python3.6/dist-packages/keras/backend/tensorflow_backend.py:1020: The name tf.assign is deprecated. Please use tf.compat.v1.assign instead.

WARNING:tensorflow:From /usr/local/lib/python3.6/dist-packages/keras/backend/tensorflow_backend.py:3005: The name tf.Session is deprecated. Please use tf.compat.v1.Session instead.

WARNING:tensorflow:From /usr/local/lib/python3.6/dist-packages/keras/backend/tensorflow_backend.py:190: The name tf.get_default_session is deprecated. Please use tf.compat.v1.get_default_session instead.

WARNING:tensorflow:From /usr/local/lib/python3.6/dist-packages/keras/backend/tensorflow_backend.py:197: The name tf.ConfigProto is deprecated. Please use tf.compat.v1.ConfigProto instead.

WARNING:tensorflow:From /usr/local/lib/python3.6/dist-packages/keras/backend/tensorflow_backend.py:207: The name tf.global_variables is deprecated. Please use tf.compat.v1.global_variables instead.

WARNING:tensorflow:From /usr/local/lib/python3.6/dist-packages/keras/backend/tensorflow_backend.py:216: The name tf.is_variable_initialized is deprecated. Please use tf.compat.v1.is_variable_initialized instead.

WARNING:tensorflow:From /usr/local/lib/python3.6/dist-packages/keras/backend/tensorflow_backend.py:223: The name tf.variables_initializer is deprecated. Please use tf.compat.v1.variables_initializer instead.

Precision: [0.1348314606741573, 0.1348314606741573, 0.1348314606741573, 0.1348314606741573, 0.1348314606741573, 0.1348314606741573, 0.1348314606741573, 0.1348314606741573, 0.1348314606741573, 0.1348314606741573, 0.1348314606741573, 0.13533834586466165, 0.1348314606741573, 0.1348314606741573, 0.1348314606741573, 0.1348314606741573, 0.1348314606741573, 0.1348314606741573, 0.1348314606741573, 0.1348314606741573] 
Recall: [1.0, 1.0, 1.0, 1.0, 1.0, 1.0, 1.0, 1.0, 1.0, 1.0, 1.0, 1.0, 1.0, 1.0, 1.0, 1.0, 1.0, 1.0, 1.0, 1.0] 
F1: [0.23762376237623764, 0.23762376237623764, 0.23762376237623764, 0.23762376237623764, 0.23762376237623764, 0.23762376237623764, 0.23762376237623764, 0.23762376237623764, 0.23762376237623764, 0.23762376237623764, 0.23762376237623764, 0.23841059602649003, 0.23762376237623764, 0.23762376237623764, 0.23762376237623764, 0.23762376237623764, 0.23762376237623764, 0.23762376237623764, 0.23762376237623764, 0.23762376237623764] 
Runtime: [6.942926645278931, 7.251771926879883, 7.1147496700286865, 7.243486642837524, 7.215065956115723, 7.821166515350342, 7.709927082061768, 7.511251926422119, 7.641167640686035, 7.8588948249816895, 8.162854433059692, 7.946219444274902, 8.120156526565552, 8.560136556625366, 8.170058488845825, 8.315982818603516, 8.407776594161987, 8.564860582351685, 8.619264125823975, 8.688602447509766]

Experiment 6: {"deep_learner": true, "n_layers": 3, "lipschitz_lr": false, "reduce_data": true, "embedding_dims": 3, "k": 5, "oversample": true, "activation": "relu"}
Precision: [0.1348314606741573, 0.1348314606741573, 0.14634146341463414, 0.1348314606741573, 0.1348314606741573, 0.1348314606741573, 0.1348314606741573, 0.1348314606741573, 0.1348314606741573, 0.1348314606741573, 0.13533834586466165, 0.1348314606741573, 0.1348314606741573, 0.1348314606741573, 0.14096916299559473, 0.1348314606741573, 0.1348314606741573, 0.1348314606741573, 0.1348314606741573, 0.13533834586466165] 
Recall: [1.0, 1.0, 0.8333333333333334, 1.0, 1.0, 1.0, 1.0, 1.0, 1.0, 1.0, 1.0, 1.0, 1.0, 1.0, 0.8888888888888888, 1.0, 1.0, 1.0, 1.0, 1.0] 
F1: [0.23762376237623764, 0.23762376237623764, 0.24896265560165973, 0.23762376237623764, 0.23762376237623764, 0.23762376237623764, 0.23762376237623764, 0.23762376237623764, 0.23762376237623764, 0.23762376237623764, 0.23841059602649003, 0.23762376237623764, 0.23762376237623764, 0.23762376237623764, 0.24334600760456276, 0.23762376237623764, 0.23762376237623764, 0.23762376237623764, 0.23762376237623764, 0.23841059602649003] 
Runtime: [9.9019935131073, 10.031882762908936, 10.136875629425049, 10.3378324508667, 10.561513662338257, 10.556539058685303, 10.855972290039062, 11.021944522857666, 11.05403470993042, 11.219400405883789, 11.436330556869507, 11.521738290786743, 12.02488899230957, 12.080085515975952, 12.574292182922363, 12.153700828552246, 12.390667200088501, 12.532808065414429, 12.90648627281189, 12.873226642608643]

Experiment 7: {"deep_learner": true, "n_layers": 1, "lipschitz_lr": false, "reduce_data": true, "embedding_dims": 2, "k": 6, "oversample": true, "activation": "relu"}
Precision: [0.1348314606741573, 0.1348314606741573, 0.1348314606741573, 0.14583333333333334, 0.1348314606741573, 0.1348314606741573, 0.1348314606741573, 0.1348314606741573, 0.1348314606741573, 0.1348314606741573, 0.1348314606741573, 0.13584905660377358, 0.1348314606741573, 0.1440329218106996, 0.1348314606741573, 0.1348314606741573, 0.1348314606741573, 0.1348314606741573, 0.1348314606741573, 0.1348314606741573] 
Recall: [1.0, 1.0, 1.0, 0.9722222222222222, 1.0, 1.0, 1.0, 1.0, 1.0, 1.0, 1.0, 1.0, 1.0, 0.9722222222222222, 1.0, 1.0, 1.0, 1.0, 1.0, 1.0] 
F1: [0.23762376237623764, 0.23762376237623764, 0.23762376237623764, 0.2536231884057971, 0.23762376237623764, 0.23762376237623764, 0.23762376237623764, 0.23762376237623764, 0.23762376237623764, 0.23762376237623764, 0.23762376237623764, 0.23920265780730898, 0.23762376237623764, 0.2508960573476703, 0.23762376237623764, 0.23762376237623764, 0.23762376237623764, 0.23762376237623764, 0.23762376237623764, 0.23762376237623764] 
Runtime: [11.623281478881836, 11.851688861846924, 11.973723888397217, 12.123462915420532, 12.236160516738892, 12.458781719207764, 12.632412910461426, 13.038499355316162, 12.821049451828003, 13.098085403442383, 13.099435091018677, 13.181407690048218, 13.305816888809204, 13.476797819137573, 14.06079363822937, 13.662097930908203, 13.855537414550781, 13.968336582183838, 13.961663007736206, 14.20708441734314]

Experiment 8: {"deep_learner": true, "n_layers": 3, "lipschitz_lr": false, "reduce_data": true, "embedding_dims": 2, "k": 7, "oversample": true, "activation": "relu"}
Precision: [0.13584905660377358, 0.1348314606741573, 0.1348314606741573, 0.1348314606741573, 0.1348314606741573, 0.1348314606741573, 0.1348314606741573, 0.1348314606741573, 0.1348314606741573, 0.1348314606741573, 0.1348314606741573, 0.1348314606741573, 0.1348314606741573, 0.1348314606741573, 0.1348314606741573, 0.1348314606741573, 0.1348314606741573, 0.1348314606741573, 0.1348314606741573, 0.1348314606741573] 
Recall: [1.0, 1.0, 1.0, 1.0, 1.0, 1.0, 1.0, 1.0, 1.0, 1.0, 1.0, 1.0, 1.0, 1.0, 1.0, 1.0, 1.0, 1.0, 1.0, 1.0] 
F1: [0.23920265780730898, 0.23762376237623764, 0.23762376237623764, 0.23762376237623764, 0.23762376237623764, 0.23762376237623764, 0.23762376237623764, 0.23762376237623764, 0.23762376237623764, 0.23762376237623764, 0.23762376237623764, 0.23762376237623764, 0.23762376237623764, 0.23762376237623764, 0.23762376237623764, 0.23762376237623764, 0.23762376237623764, 0.23762376237623764, 0.23762376237623764, 0.23762376237623764] 
Runtime: [15.89082145690918, 16.035645246505737, 16.401819229125977, 16.734530687332153, 16.68398928642273, 17.03210973739624, 17.0598042011261, 17.58350110054016, 18.734472513198853, 18.566916465759277, 19.184922456741333, 18.409099817276, 18.679041385650635, 18.662384510040283, 18.91670799255371, 18.993342399597168, 19.122289180755615, 19.524216651916504, 19.65373969078064, 19.80301833152771]

Experiment 9: {"deep_learner": true, "n_layers": 2, "lipschitz_lr": false, "reduce_data": true, "embedding_dims": 3, "k": 4, "oversample": true, "activation": "relu"}
Precision: [0.1348314606741573, 0.1348314606741573, 0.1595744680851064, 0.15816326530612246, 0.15, 0.1348314606741573, 0.1348314606741573, 0.1348314606741573, 0.16145833333333334, 0.1348314606741573, 0.1348314606741573, 0.14007782101167315, 0.15897435897435896, 0.1348314606741573, 0.15819209039548024, 0.1348314606741573, 0.1348314606741573, 0.1348314606741573, 0.1348314606741573, 0.1348314606741573] 
Recall: [1.0, 1.0, 0.8333333333333334, 0.8611111111111112, 0.75, 1.0, 1.0, 1.0, 0.8611111111111112, 1.0, 1.0, 1.0, 0.8611111111111112, 1.0, 0.7777777777777778, 1.0, 1.0, 1.0, 1.0, 1.0] 
F1: [0.23762376237623764, 0.23762376237623764, 0.2678571428571429, 0.2672413793103448, 0.24999999999999997, 0.23762376237623764, 0.23762376237623764, 0.23762376237623764, 0.2719298245614035, 0.23762376237623764, 0.23762376237623764, 0.24573378839590446, 0.2683982683982684, 0.23762376237623764, 0.26291079812206575, 0.23762376237623764, 0.23762376237623764, 0.23762376237623764, 0.23762376237623764, 0.23762376237623764] 
Runtime: [19.411590337753296, 19.535998582839966, 19.655025005340576, 19.918588399887085, 20.139763593673706, 20.097172260284424, 20.345969915390015, 20.4394793510437, 20.531800746917725, 20.683673858642578, 20.92291808128357, 21.71892738342285, 21.138946056365967, 21.403376579284668, 21.349546194076538, 21.84393548965454, 21.641961574554443, 21.812335729599, 21.829148530960083, 21.848923444747925]

Experiment 10: {"deep_learner": true, "n_layers": 2, "lipschitz_lr": false, "reduce_data": true, "embedding_dims": 2, "k": 6, "oversample": true, "activation": "relu"}
Precision: [0.16216216216216217, 0.1348314606741573, 0.1348314606741573, 0.13636363636363635, 0.1461187214611872, 0.1348314606741573, 0.1348314606741573, 0.14545454545454545, 0.1348314606741573, 0.13533834586466165, 0.1348314606741573, 0.1348314606741573, 0.1348314606741573, 0.1348314606741573, 0.16111111111111112, 0.1348314606741573, 0.1348314606741573, 0.1348314606741573, 0.1348314606741573, 0.1348314606741573] 
Recall: [0.8333333333333334, 1.0, 1.0, 1.0, 0.8888888888888888, 1.0, 1.0, 0.8888888888888888, 1.0, 1.0, 1.0, 1.0, 1.0, 1.0, 0.8055555555555556, 1.0, 1.0, 1.0, 1.0, 1.0] 
F1: [0.27149321266968324, 0.23762376237623764, 0.23762376237623764, 0.24000000000000002, 0.25098039215686274, 0.23762376237623764, 0.23762376237623764, 0.25, 0.23762376237623764, 0.23841059602649003, 0.23762376237623764, 0.23762376237623764, 0.23762376237623764, 0.23762376237623764, 0.26851851851851855, 0.23762376237623764, 0.23762376237623764, 0.23762376237623764, 0.23762376237623764, 0.23762376237623764] 
Runtime: [22.19521975517273, 22.563517570495605, 22.734298706054688, 22.829420566558838, 22.872537851333618, 23.03432011604309, 23.57452654838562, 23.43383288383484, 23.32948112487793, 23.5800678730011, 23.799880027770996, 23.9152352809906, 24.005916833877563, 24.193731546401978, 24.345432996749878, 24.436189889907837, 24.608419179916382, 24.81565761566162, 24.84320092201233, 24.957075357437134]

Experiment 11: {"deep_learner": true, "n_layers": 2, "lipschitz_lr": false, "reduce_data": true, "embedding_dims": 3, "k": 6, "oversample": true, "activation": "relu"}
Precision: [0.1348314606741573, 0.1348314606741573, 0.1388888888888889, 0.1348314606741573, 0.1348314606741573, 0.1348314606741573, 0.1348314606741573, 0.1348314606741573, 0.1348314606741573, 0.1348314606741573, 0.1348314606741573, 0.1348314606741573, 0.1348314606741573, 0.1348314606741573, 0.13533834586466165, 0.1348314606741573, 0.13807531380753138, 0.1348314606741573, 0.1348314606741573, 0.1348314606741573] 
Recall: [1.0, 1.0, 0.9722222222222222, 1.0, 1.0, 1.0, 1.0, 1.0, 1.0, 1.0, 1.0, 1.0, 1.0, 1.0, 1.0, 1.0, 0.9166666666666666, 1.0, 1.0, 1.0] 
F1: [0.23762376237623764, 0.23762376237623764, 0.24305555555555558, 0.23762376237623764, 0.23762376237623764, 0.23762376237623764, 0.23762376237623764, 0.23762376237623764, 0.23762376237623764, 0.23762376237623764, 0.23762376237623764, 0.23762376237623764, 0.23762376237623764, 0.23762376237623764, 0.23841059602649003, 0.23762376237623764, 0.24, 0.23762376237623764, 0.23762376237623764, 0.23762376237623764] 
Runtime: [26.345810890197754, 25.613445520401, 25.950302362442017, 25.807166814804077, 26.10210132598877, 26.493939876556396, 26.38719129562378, 26.380876779556274, 26.65972089767456, 26.549739599227905, 26.99085783958435, 26.924137115478516, 27.138445138931274, 27.153183937072754, 27.58479905128479, 27.83589792251587, 27.739371299743652, 28.026024103164673, 28.098798990249634, 28.20615243911743]

Experiment 12: {"deep_learner": true, "n_layers": 3, "lipschitz_lr": false, "reduce_data": true, "embedding_dims": 3, "k": 3, "oversample": true, "activation": "relu"}
Precision: [0.14347826086956522, 0.1348314606741573, 0.1348314606741573, 0.1348314606741573, 0.1348314606741573, 0.1348314606741573, 0.14832535885167464, 0.13688212927756654, 0.1348314606741573, 0.1348314606741573, 0.16129032258064516, 0.1348314606741573, 0.1348314606741573, 0.1348314606741573, 0.1348314606741573, 0.1348314606741573, 0.1348314606741573, 0.1348314606741573, 0.1348314606741573, 0.1348314606741573] 
Recall: [0.9166666666666666, 1.0, 1.0, 1.0, 1.0, 1.0, 0.8611111111111112, 1.0, 1.0, 1.0, 0.6944444444444444, 1.0, 1.0, 1.0, 1.0, 1.0, 1.0, 1.0, 1.0, 1.0] 
F1: [0.2481203007518797, 0.23762376237623764, 0.23762376237623764, 0.23762376237623764, 0.23762376237623764, 0.23762376237623764, 0.2530612244897959, 0.2408026755852843, 0.23762376237623764, 0.23762376237623764, 0.2617801047120419, 0.23762376237623764, 0.23762376237623764, 0.23762376237623764, 0.23762376237623764, 0.23762376237623764, 0.23762376237623764, 0.23762376237623764, 0.23762376237623764, 0.23762376237623764] 
Runtime: [29.246010065078735, 29.123799562454224, 29.495603322982788, 30.146833181381226, 29.730096101760864, 30.157552003860474, 30.13143038749695, 30.45037293434143, 30.743107318878174, 30.79097318649292, 30.977755308151245, 31.051152229309082, 31.100176572799683, 31.19583225250244, 31.08067226409912, 31.375575065612793, 31.50417685508728, 32.59584164619446, 32.075958490371704, 31.860593557357788]

Experiment 13: {"deep_learner": true, "n_layers": 2, "lipschitz_lr": false, "reduce_data": true, "embedding_dims": 3, "k": 7, "oversample": true, "activation": "relu"}
Precision: [0.14225941422594143, 0.1348314606741573, 0.14948453608247422, 0.1348314606741573, 0.1348314606741573, 0.1348314606741573, 0.14342629482071714, 0.1348314606741573, 0.16080402010050251, 0.140625, 0.15346534653465346, 0.1348314606741573, 0.1348314606741573, 0.1348314606741573, 0.1348314606741573, 0.1348314606741573, 0.1348314606741573, 0.1348314606741573, 0.13533834586466165, 0.1348314606741573] 
Recall: [0.9444444444444444, 1.0, 0.8055555555555556, 1.0, 1.0, 1.0, 1.0, 1.0, 0.8888888888888888, 1.0, 0.8611111111111112, 1.0, 1.0, 1.0, 1.0, 1.0, 1.0, 1.0, 1.0, 1.0] 
F1: [0.24727272727272728, 0.23762376237623764, 0.25217391304347825, 0.23762376237623764, 0.23762376237623764, 0.23762376237623764, 0.2508710801393728, 0.23762376237623764, 0.2723404255319149, 0.2465753424657534, 0.2605042016806723, 0.23762376237623764, 0.23762376237623764, 0.23762376237623764, 0.23762376237623764, 0.23762376237623764, 0.23762376237623764, 0.23762376237623764, 0.23841059602649003, 0.23762376237623764] 
Runtime: [31.238271236419678, 31.788856506347656, 31.77909255027771, 32.29796385765076, 32.11734056472778, 32.65386414527893, 33.21288728713989, 33.19206500053406, 33.24649143218994, 33.73929977416992, 33.72027802467346, 33.843109369277954, 34.06081771850586, 33.938931703567505, 34.036811113357544, 34.42803931236267, 34.36871147155762, 34.48490071296692, 34.58113074302673, 34.78563570976257]

Experiment 14: {"deep_learner": true, "n_layers": 2, "lipschitz_lr": false, "reduce_data": true, "embedding_dims": 3, "k": 5, "oversample": true, "activation": "relu"}
Precision: [0.13157894736842105, 0.1348314606741573, 0.1348314606741573, 0.1348314606741573, 0.1348314606741573, 0.1348314606741573, 0.13533834586466165, 0.1348314606741573, 0.1348314606741573, 0.1348314606741573, 0.1348314606741573, 0.1348314606741573, 0.1348314606741573, 0.1348314606741573, 0.13524590163934427, 0.1348314606741573, 0.1348314606741573, 0.1348314606741573, 0.15736040609137056, 0.1348314606741573] 
Recall: [0.9722222222222222, 1.0, 1.0, 1.0, 1.0, 1.0, 1.0, 1.0, 1.0, 1.0, 1.0, 1.0, 1.0, 1.0, 0.9166666666666666, 1.0, 1.0, 1.0, 0.8611111111111112, 1.0] 
F1: [0.23178807947019867, 0.23762376237623764, 0.23762376237623764, 0.23762376237623764, 0.23762376237623764, 0.23762376237623764, 0.23841059602649003, 0.23762376237623764, 0.23762376237623764, 0.23762376237623764, 0.23762376237623764, 0.23762376237623764, 0.23762376237623764, 0.23762376237623764, 0.23571428571428574, 0.23762376237623764, 0.23762376237623764, 0.23762376237623764, 0.2660944206008584, 0.23762376237623764] 
Runtime: [35.161120653152466, 35.3969886302948, 35.409990310668945, 35.5124614238739, 35.45183229446411, 35.958128929138184, 35.945122718811035, 36.571293115615845, 36.25601410865784, 36.843292236328125, 36.724454402923584, 36.55093193054199, 37.014957666397095, 37.22475242614746, 37.43718934059143, 37.35590648651123, 37.591946840286255, 37.92148494720459, 37.684558629989624, 38.28251385688782]

Experiment 15: {"deep_learner": true, "n_layers": 1, "lipschitz_lr": false, "reduce_data": true, "embedding_dims": 3, "k": 5, "oversample": true, "activation": "parabola"}
Precision: [0.1348314606741573, 0.1348314606741573, 0.13533834586466165, 0.13636363636363635, 0.13358778625954199, 0.14193548387096774, 0.13358778625954199, 0.15151515151515152, 0.13257575757575757, 0.13533834586466165, 0.1394422310756972, 0.1511111111111111, 0.13584905660377358, 0.13157894736842105, 0.15263157894736842, 0.14285714285714285, 0.13358778625954199, 0.155, 0.13533834586466165, 0.13584905660377358] 
Recall: [1.0, 1.0, 1.0, 1.0, 0.9722222222222222, 0.6111111111111112, 0.9722222222222222, 0.8333333333333334, 0.9722222222222222, 1.0, 0.9722222222222222, 0.9444444444444444, 1.0, 0.9722222222222222, 0.8055555555555556, 0.6944444444444444, 0.9722222222222222, 0.8611111111111112, 1.0, 1.0] 
F1: [0.23762376237623764, 0.23762376237623764, 0.23841059602649003, 0.24000000000000002, 0.23489932885906042, 0.23036649214659685, 0.23489932885906042, 0.25641025641025644, 0.23333333333333336, 0.23841059602649003, 0.2439024390243902, 0.26053639846743293, 0.23920265780730898, 0.23178807947019867, 0.25663716814159293, 0.23696682464454977, 0.23489932885906042, 0.2627118644067797, 0.23841059602649003, 0.23920265780730898] 
Runtime: [37.90060091018677, 37.5878963470459, 39.11248278617859, 38.136568546295166, 38.36325001716614, 38.405046463012695, 38.593143701553345, 38.487037897109985, 38.60993981361389, 38.74641299247742, 39.213555574417114, 40.10326790809631, 41.66764569282532, 41.33106756210327, 39.95946502685547, 41.37995386123657, 40.20616292953491, 40.27499723434448, 40.28110599517822, 40.491145849227905]

Experiment 16: {"deep_learner": true, "n_layers": 1, "lipschitz_lr": false, "reduce_data": true, "embedding_dims": 3, "k": 6, "oversample": true, "activation": "relu"}
Precision: [0.15350877192982457, 0.14485981308411214, 0.1348314606741573, 0.1348314606741573, 0.1348314606741573, 0.1348314606741573, 0.1348314606741573, 0.1415929203539823, 0.1348314606741573, 0.14410480349344978, 0.13618677042801555, 0.1348314606741573, 0.13953488372093023, 0.13688212927756654, 0.15, 0.1348314606741573, 0.15862068965517243, 0.1686046511627907, 0.13973799126637554, 0.1534090909090909] 
Recall: [0.9722222222222222, 0.8611111111111112, 1.0, 1.0, 1.0, 1.0, 1.0, 0.8888888888888888, 1.0, 0.9166666666666666, 0.9722222222222222, 1.0, 1.0, 1.0, 0.8333333333333334, 1.0, 0.6388888888888888, 0.8055555555555556, 0.8888888888888888, 0.75] 
F1: [0.26515151515151514, 0.248, 0.23762376237623764, 0.23762376237623764, 0.23762376237623764, 0.23762376237623764, 0.23762376237623764, 0.2442748091603053, 0.23762376237623764, 0.2490566037735849, 0.23890784982935148, 0.23762376237623764, 0.24489795918367346, 0.2408026755852843, 0.2542372881355932, 0.23762376237623764, 0.2541436464088398, 0.27884615384615385, 0.24150943396226415, 0.25471698113207547] 
Runtime: [40.47682738304138, 40.250800132751465, 39.72228240966797, 39.91143727302551, 40.05129957199097, 40.052067041397095, 39.85937023162842, 40.24203586578369, 40.183737993240356, 40.32827615737915, 40.67947554588318, 40.22422742843628, 39.421581983566284, 39.494178771972656, 39.50928235054016, 39.757752656936646, 39.62590408325195, 39.844768047332764, 39.94713115692139, 39.98318600654602]

Experiment 17: {"deep_learner": true, "n_layers": 2, "lipschitz_lr": false, "reduce_data": true, "embedding_dims": 2, "k": 4, "oversample": true, "activation": "relu"}
Precision: [0.14423076923076922, 0.1348314606741573, 0.1348314606741573, 0.14634146341463414, 0.1348314606741573, 0.1348314606741573, 0.1348314606741573, 0.1348314606741573, 0.1348314606741573, 0.1348314606741573, 0.1348314606741573, 0.1348314606741573, 0.13852813852813853, 0.1348314606741573, 0.1348314606741573, 0.14795918367346939, 0.1348314606741573, 0.1348314606741573, 0.1348314606741573, 0.1348314606741573] 
Recall: [0.8333333333333334, 1.0, 1.0, 0.6666666666666666, 1.0, 1.0, 1.0, 1.0, 1.0, 1.0, 1.0, 1.0, 0.8888888888888888, 1.0, 1.0, 0.8055555555555556, 1.0, 1.0, 1.0, 1.0] 
F1: [0.24590163934426226, 0.23762376237623764, 0.23762376237623764, 0.24, 0.23762376237623764, 0.23762376237623764, 0.23762376237623764, 0.23762376237623764, 0.23762376237623764, 0.23762376237623764, 0.23762376237623764, 0.23762376237623764, 0.2397003745318352, 0.23762376237623764, 0.23762376237623764, 0.25, 0.23762376237623764, 0.23762376237623764, 0.23762376237623764, 0.23762376237623764] 
Runtime: [41.27488613128662, 41.255916118621826, 41.64791536331177, 41.55630970001221, 42.02040767669678, 41.681729793548584, 41.66777515411377, 41.95313262939453, 42.1314263343811, 42.00942587852478, 42.141194105148315, 42.40213704109192, 42.50770020484924, 42.7194390296936, 42.95085167884827, 42.89439392089844, 43.079508781433105, 43.16690969467163, 43.35469651222229, 43.572330474853516]

Experiment 18: {"deep_learner": true, "n_layers": 2, "lipschitz_lr": false, "reduce_data": true, "embedding_dims": 2, "k": 7, "oversample": true, "activation": "relu"}
Precision: [0.1348314606741573, 0.1348314606741573, 0.1348314606741573, 0.1348314606741573, 0.1348314606741573, 0.1348314606741573, 0.1348314606741573, 0.1348314606741573, 0.1348314606741573, 0.1348314606741573, 0.1348314606741573, 0.1348314606741573, 0.1348314606741573, 0.1348314606741573, 0.1348314606741573, 0.1348314606741573, 0.1348314606741573, 0.1348314606741573, 0.1348314606741573, 0.13618677042801555] 
Recall: [1.0, 1.0, 1.0, 1.0, 1.0, 1.0, 1.0, 1.0, 1.0, 1.0, 1.0, 1.0, 1.0, 1.0, 1.0, 1.0, 1.0, 1.0, 1.0, 0.9722222222222222] 
F1: [0.23762376237623764, 0.23762376237623764, 0.23762376237623764, 0.23762376237623764, 0.23762376237623764, 0.23762376237623764, 0.23762376237623764, 0.23762376237623764, 0.23762376237623764, 0.23762376237623764, 0.23762376237623764, 0.23762376237623764, 0.23762376237623764, 0.23762376237623764, 0.23762376237623764, 0.23762376237623764, 0.23762376237623764, 0.23762376237623764, 0.23762376237623764, 0.23890784982935148] 
Runtime: [44.70536661148071, 44.78765559196472, 45.27326679229736, 45.30496096611023, 45.51434087753296, 47.03292894363403, 45.07585263252258, 45.49767231941223, 45.79875826835632, 46.48169207572937, 46.296579122543335, 46.587985038757324, 46.870378732681274, 47.34420466423035, 47.47328853607178, 47.63176083564758, 47.6081600189209, 47.91189217567444, 48.016199827194214, 48.22022819519043]

Experiment 19: {"deep_learner": true, "n_layers": 2, "lipschitz_lr": false, "reduce_data": true, "embedding_dims": 2, "k": 5, "oversample": true, "activation": "relu"}
Precision: [0.1348314606741573, 0.1348314606741573, 0.1348314606741573, 0.1348314606741573, 0.1348314606741573, 0.1477832512315271, 0.1348314606741573, 0.1348314606741573, 0.1348314606741573, 0.1348314606741573, 0.1348314606741573, 0.1348314606741573, 0.1348314606741573, 0.1348314606741573, 0.1348314606741573, 0.1348314606741573, 0.13513513513513514, 0.1348314606741573, 0.1320754716981132, 0.1348314606741573] 
Recall: [1.0, 1.0, 1.0, 1.0, 1.0, 0.8333333333333334, 1.0, 1.0, 1.0, 1.0, 1.0, 1.0, 1.0, 1.0, 1.0, 1.0, 0.9722222222222222, 1.0, 0.9722222222222222, 1.0] 
F1: [0.23762376237623764, 0.23762376237623764, 0.23762376237623764, 0.23762376237623764, 0.23762376237623764, 0.2510460251046025, 0.23762376237623764, 0.23762376237623764, 0.23762376237623764, 0.23762376237623764, 0.23762376237623764, 0.23762376237623764, 0.23762376237623764, 0.23762376237623764, 0.23762376237623764, 0.23762376237623764, 0.23728813559322035, 0.23762376237623764, 0.2325581395348837, 0.23762376237623764] 
Runtime: [48.621251583099365, 48.61302042007446, 49.142075300216675, 49.0391902923584, 49.378901720047, 49.56584167480469, 49.743401288986206, 50.04255414009094, 50.092936277389526, 50.43541932106018, 50.15397596359253, 50.22164487838745, 50.582836866378784, 50.62877917289734, 50.62439942359924, 50.85700440406799, 50.84092354774475, 51.35126495361328, 51.28224992752075, 51.48428678512573]

Experiment 20: {"deep_learner": true, "n_layers": 1, "lipschitz_lr": false, "reduce_data": true, "embedding_dims": 2, "k": 4, "oversample": true, "activation": "relu"}
Precision: [0.1348314606741573, 0.13953488372093023, 0.14007782101167315, 0.1348314606741573, 0.13688212927756654, 0.1320754716981132, 0.1348314606741573, 0.1348314606741573, 0.1676300578034682, 0.13533834586466165, 0.1348314606741573, 0.14096916299559473, 0.1348314606741573, 0.175, 0.1348314606741573, 0.13409961685823754, 0.1348314606741573, 0.1348314606741573, 0.1348314606741573, 0.164021164021164] 
Recall: [1.0, 1.0, 1.0, 1.0, 1.0, 0.9722222222222222, 1.0, 1.0, 0.8055555555555556, 1.0, 1.0, 0.8888888888888888, 1.0, 0.7777777777777778, 1.0, 0.9722222222222222, 1.0, 1.0, 1.0, 0.8611111111111112] 
F1: [0.23762376237623764, 0.24489795918367346, 0.24573378839590446, 0.23762376237623764, 0.2408026755852843, 0.2325581395348837, 0.23762376237623764, 0.23762376237623764, 0.27751196172248804, 0.23841059602649003, 0.23762376237623764, 0.24334600760456276, 0.23762376237623764, 0.2857142857142857, 0.23762376237623764, 0.23569023569023567, 0.23762376237623764, 0.23762376237623764, 0.23762376237623764, 0.27555555555555555] 
Runtime: [50.908074617385864, 51.088160037994385, 50.792792081832886, 51.470640897750854, 50.6502468585968, 51.31139373779297, 51.035107135772705, 50.561326026916504, 51.78485465049744, 51.87669587135315, 52.01025605201721, 52.07086443901062, 52.044586420059204, 52.36709213256836, 52.20331907272339, 52.53424596786499, 52.39589858055115, 53.20630717277527, 52.90804195404053, 52.79910063743591]

Experiment 21: {"deep_learner": true, "n_layers": 1, "lipschitz_lr": false, "reduce_data": false, "embedding_dims": 2, "k": 3, "oversample": true, "activation": "parabola"}

/usr/local/lib/python3.6/dist-packages/sklearn/metrics/classification.py:1437: UndefinedMetricWarning: Precision is ill-defined and being set to 0.0 due to no predicted samples.
  "precision", "predicted", average, warn_for)
/usr/local/lib/python3.6/dist-packages/sklearn/metrics/classification.py:1437: UndefinedMetricWarning: F-score is ill-defined and being set to 0.0 due to no predicted samples.
  "precision", "predicted", average, warn_for)

Precision: [0.0, 0.17177914110429449, 0.0, 0.0, 0.0, 0.0, 0.15625, 0.0, 0.1657754010695187, 0.0, 0.0, 0.0, 0.15920398009950248, 0.16243654822335024, 0.0, 0.0, 0.2692307692307692, 0.0, 0.15897435897435896, 0.16129032258064516] 
Recall: [0.0, 0.7777777777777778, 0.0, 0.0, 0.0, 0.0, 0.8333333333333334, 0.0, 0.8611111111111112, 0.0, 0.0, 0.0, 0.8888888888888888, 0.8888888888888888, 0.0, 0.0, 0.19444444444444445, 0.0, 0.8611111111111112, 0.8333333333333334] 
F1: [0.0, 0.2814070351758794, 0.0, 0.0, 0.0, 0.0, 0.2631578947368421, 0.0, 0.2780269058295964, 0.0, 0.0, 0.0, 0.27004219409282704, 0.27467811158798283, 0.0, 0.0, 0.22580645161290322, 0.0, 0.2683982683982684, 0.27027027027027023] 
Runtime: [53.05729913711548, 53.410929918289185, 53.29293179512024, 53.25200366973877, 52.59806489944458, 53.095993518829346, 53.42378520965576, 53.770747900009155, 53.81784152984619, 53.860652923583984, 54.01435923576355, 55.42571830749512, 54.953362464904785, 54.974602699279785, 54.93632411956787, 55.25959372520447, 55.25068163871765, 54.889933347702026, 54.92405080795288, 54.51438355445862]

Experiment 22: {"deep_learner": true, "n_layers": 1, "lipschitz_lr": false, "reduce_data": true, "embedding_dims": 2, "k": 3, "oversample": true, "activation": "relu"}
Precision: [0.1348314606741573, 0.1440677966101695, 0.1348314606741573, 0.1348314606741573, 0.13740458015267176, 0.138996138996139, 0.1348314606741573, 0.1348314606741573, 0.1348314606741573, 0.13533834586466165, 0.1348314606741573, 0.1348314606741573, 0.1348314606741573, 0.1348314606741573, 0.1348314606741573, 0.17058823529411765, 0.1348314606741573, 0.1348314606741573, 0.1348314606741573, 0.1348314606741573] 
Recall: [1.0, 0.9444444444444444, 1.0, 1.0, 1.0, 1.0, 1.0, 1.0, 1.0, 1.0, 1.0, 1.0, 1.0, 1.0, 1.0, 0.8055555555555556, 1.0, 1.0, 1.0, 1.0] 
F1: [0.23762376237623764, 0.25, 0.23762376237623764, 0.23762376237623764, 0.24161073825503357, 0.2440677966101695, 0.23762376237623764, 0.23762376237623764, 0.23762376237623764, 0.23841059602649003, 0.23762376237623764, 0.23762376237623764, 0.23762376237623764, 0.23762376237623764, 0.23762376237623764, 0.2815533980582524, 0.23762376237623764, 0.23762376237623764, 0.23762376237623764, 0.23762376237623764] 
Runtime: [53.281885385513306, 54.07470393180847, 53.706544399261475, 53.81831955909729, 55.42763948440552, 58.08494305610657, 56.22081232070923, 56.90015745162964, 56.95444416999817, 56.86196970939636, 55.23309659957886, 55.39770984649658, 56.4593460559845, 57.17463159561157, 57.23378849029541, 57.1056067943573, 57.089062452316284, 57.47486972808838, 56.86578130722046, 57.26058912277222]

Experiment 23: {"deep_learner": true, "n_layers": 1, "lipschitz_lr": false, "reduce_data": true, "embedding_dims": 3, "k": 3, "oversample": true, "activation": "relu"}
Precision: [0.13533834586466165, 0.1568627450980392, 0.16753926701570682, 0.1693121693121693, 0.1568627450980392, 0.16751269035532995, 0.13533834586466165, 0.13533834586466165, 0.15577889447236182, 0.15920398009950248, 0.1348314606741573, 0.1625615763546798, 0.13533834586466165, 0.13533834586466165, 0.13533834586466165, 0.14864864864864866, 0.1348314606741573, 0.14883720930232558, 0.13533834586466165, 0.16129032258064516] 
Recall: [1.0, 0.8888888888888888, 0.8888888888888888, 0.8888888888888888, 0.8888888888888888, 0.9166666666666666, 1.0, 1.0, 0.8611111111111112, 0.8888888888888888, 1.0, 0.9166666666666666, 1.0, 1.0, 1.0, 0.9166666666666666, 1.0, 0.8888888888888888, 1.0, 0.8333333333333334] 
F1: [0.23841059602649003, 0.26666666666666666, 0.28193832599118945, 0.2844444444444444, 0.26666666666666666, 0.28326180257510725, 0.23841059602649003, 0.23841059602649003, 0.2638297872340426, 0.27004219409282704, 0.23762376237623764, 0.27615062761506276, 0.23841059602649003, 0.23841059602649003, 0.23841059602649003, 0.2558139534883721, 0.23762376237623764, 0.2549800796812749, 0.23841059602649003, 0.27027027027027023] 
Runtime: [57.3206684589386, 58.067704916000366, 58.2533278465271, 57.376582860946655, 56.848193883895874, 57.00091743469238, 58.973270893096924, 59.57686138153076, 59.44952344894409, 62.79165840148926, 61.0259895324707, 60.60565543174744, 60.31379055976868, 60.10368013381958, 59.48021054267883, 58.83490586280823, 59.017550230026245, 59.47351026535034, 59.43029475212097, 59.44364666938782]

Experiment 24: {"deep_learner": true, "n_layers": 1, "lipschitz_lr": false, "reduce_data": true, "embedding_dims": 2, "k": 5, "oversample": true, "activation": "relu"}
Precision: [0.1348314606741573, 0.1348314606741573, 0.14678899082568808, 0.1348314606741573, 0.155, 0.15422885572139303, 0.13513513513513514, 0.140625, 0.14832535885167464, 0.15656565656565657, 0.1348314606741573, 0.14112903225806453, 0.1553398058252427, 0.1348314606741573, 0.16145833333333334, 0.15841584158415842, 0.1348314606741573, 0.1348314606741573, 0.1348314606741573, 0.14349775784753363] 
Recall: [1.0, 1.0, 0.8888888888888888, 1.0, 0.8611111111111112, 0.8611111111111112, 0.9722222222222222, 1.0, 0.8611111111111112, 0.8611111111111112, 1.0, 0.9722222222222222, 0.8888888888888888, 1.0, 0.8611111111111112, 0.8888888888888888, 1.0, 1.0, 1.0, 0.8888888888888888] 
F1: [0.23762376237623764, 0.23762376237623764, 0.2519685039370079, 0.23762376237623764, 0.2627118644067797, 0.26160337552742613, 0.23728813559322035, 0.2465753424657534, 0.2530612244897959, 0.26495726495726496, 0.23762376237623764, 0.24647887323943662, 0.2644628099173554, 0.23762376237623764, 0.2719298245614035, 0.26890756302521013, 0.23762376237623764, 0.23762376237623764, 0.23762376237623764, 0.2471042471042471] 
Runtime: [60.348381996154785, 59.4522545337677, 61.21769046783447, 64.12499928474426, 61.786943674087524, 63.14897847175598, 62.522077322006226, 62.58364224433899, 62.44825029373169, 62.27889585494995, 61.628114223480225, 62.01652908325195, 61.931726694107056, 62.437700510025024, 62.355347871780396, 62.677319288253784, 62.63040733337402, 62.703612089157104, 62.723618507385254, 62.935368061065674]

Experiment 25: {"deep_learner": true, "n_layers": 1, "lipschitz_lr": false, "reduce_data": true, "embedding_dims": 3, "k": 5, "oversample": true, "activation": "relu"}
Precision: [0.1348314606741573, 0.1348314606741573, 0.1348314606741573, 0.1348314606741573, 0.1348314606741573, 0.1348314606741573, 0.1348314606741573, 0.1348314606741573, 0.1348314606741573, 0.1348314606741573, 0.13545816733067728, 0.1348314606741573, 0.1348314606741573, 0.13671875, 0.1348314606741573, 0.13688212927756654, 0.1348314606741573, 0.1348314606741573, 0.1348314606741573, 0.1348314606741573] 
Recall: [1.0, 1.0, 1.0, 1.0, 1.0, 1.0, 1.0, 1.0, 1.0, 1.0, 0.9444444444444444, 1.0, 1.0, 0.9722222222222222, 1.0, 1.0, 1.0, 1.0, 1.0, 1.0] 
F1: [0.23762376237623764, 0.23762376237623764, 0.23762376237623764, 0.23762376237623764, 0.23762376237623764, 0.23762376237623764, 0.23762376237623764, 0.23762376237623764, 0.23762376237623764, 0.23762376237623764, 0.23693379790940763, 0.23762376237623764, 0.23762376237623764, 0.23972602739726026, 0.23762376237623764, 0.2408026755852843, 0.23762376237623764, 0.23762376237623764, 0.23762376237623764, 0.23762376237623764] 
Runtime: [63.23227024078369, 62.86460781097412, 63.15562152862549, 63.822365045547485, 63.46747040748596, 63.51254892349243, 63.74291157722473, 63.9789354801178, 64.33830046653748, 64.2989912033081, 64.41319823265076, 64.76351523399353, 65.11147785186768, 65.0703113079071, 65.38219571113586, 65.64536142349243, 65.32966494560242, 65.18913245201111, 65.47750210762024, 65.42580199241638]

Experiment 26: {"deep_learner": true, "n_layers": 1, "lipschitz_lr": false, "reduce_data": true, "embedding_dims": 3, "k": 4, "oversample": true, "activation": "relu"}
Precision: [0.2, 0.16201117318435754, 0.1348314606741573, 0.18253968253968253, 0.1348314606741573, 0.16666666666666666, 0.1348314606741573, 0.14285714285714285, 0.1348314606741573, 0.15300546448087432, 0.1348314606741573, 0.1348314606741573, 0.1320754716981132, 0.1497326203208556, 0.14795918367346939, 0.15789473684210525, 0.1348314606741573, 0.1348314606741573, 0.16304347826086957, 0.1348314606741573] 
Recall: [0.6666666666666666, 0.8055555555555556, 1.0, 0.6388888888888888, 1.0, 0.8055555555555556, 1.0, 0.8888888888888888, 1.0, 0.7777777777777778, 1.0, 1.0, 0.9722222222222222, 0.7777777777777778, 0.8055555555555556, 0.75, 1.0, 1.0, 0.8333333333333334, 1.0] 
F1: [0.30769230769230765, 0.2697674418604651, 0.23762376237623764, 0.2839506172839506, 0.23762376237623764, 0.27619047619047615, 0.23762376237623764, 0.24615384615384617, 0.23762376237623764, 0.2557077625570776, 0.23762376237623764, 0.23762376237623764, 0.2325581395348837, 0.2511210762331838, 0.25, 0.2608695652173913, 0.23762376237623764, 0.23762376237623764, 0.27272727272727276, 0.23762376237623764] 
Runtime: [65.89447855949402, 65.66772651672363, 66.06938362121582, 66.06181383132935, 66.05781316757202, 66.53928422927856, 66.30896353721619, 66.83640432357788, 66.80434656143188, 67.2113938331604, 66.89024567604065, 67.5166597366333, 67.035879611969, 67.02913880348206, 67.08123445510864, 67.44707441329956, 67.72047138214111, 68.02177476882935, 68.2091600894928, 68.35873866081238]

Experiment 27: {"deep_learner": true, "n_layers": 1, "lipschitz_lr": false, "reduce_data": false, "embedding_dims": 2, "k": 3, "oversample": true, "activation": "relu"}
Precision: [0.18867924528301888, 0.19078947368421054, 0.17964071856287425, 0.2, 0.1751412429378531, 0.17159763313609466, 0.16062176165803108, 0.17365269461077845, 0.1744186046511628, 0.1553398058252427, 0.1935483870967742, 0.1657142857142857, 0.17058823529411765, 0.16477272727272727, 0.16292134831460675, 0.18292682926829268, 0.1596244131455399, 0.15, 0.18125, 0.19078947368421054] 
Recall: [0.8333333333333334, 0.8055555555555556, 0.8333333333333334, 0.8611111111111112, 0.8611111111111112, 0.8055555555555556, 0.8611111111111112, 0.8055555555555556, 0.8333333333333334, 0.8888888888888888, 0.8333333333333334, 0.8055555555555556, 0.8055555555555556, 0.8055555555555556, 0.8055555555555556, 0.8333333333333334, 0.9444444444444444, 0.75, 0.8055555555555556, 0.8055555555555556] 
F1: [0.3076923076923077, 0.30851063829787234, 0.2955665024630542, 0.324607329842932, 0.29107981220657275, 0.28292682926829266, 0.27074235807860264, 0.2857142857142857, 0.2884615384615385, 0.2644628099173554, 0.31413612565445026, 0.27488151658767773, 0.2815533980582524, 0.27358490566037735, 0.2710280373831776, 0.3, 0.2730923694779116, 0.24999999999999997, 0.29591836734693877, 0.30851063829787234] 
Runtime: [68.45526361465454, 68.27756786346436, 68.14192819595337, 68.34561896324158, 67.88874888420105, 68.14236450195312, 67.83654236793518, 68.60392308235168, 68.4201340675354, 68.63204073905945, 69.01255798339844, 69.0600426197052, 69.47204351425171, 69.57960510253906, 70.14132571220398, 72.44868445396423, 70.50521969795227, 70.55059766769409, 70.1359612941742, 70.21211624145508]

Experiment 28: {"deep_learner": true, "n_layers": 1, "lipschitz_lr": false, "reduce_data": false, "embedding_dims": 2, "k": 3, "oversample": false, "activation": "parabola"}

/usr/local/lib/python3.6/dist-packages/sklearn/metrics/classification.py:1437: UndefinedMetricWarning: Precision is ill-defined and being set to 0.0 due to no predicted samples.
  "precision", "predicted", average, warn_for)
/usr/local/lib/python3.6/dist-packages/sklearn/metrics/classification.py:1437: UndefinedMetricWarning: F-score is ill-defined and being set to 0.0 due to no predicted samples.
  "precision", "predicted", average, warn_for)

Precision: [0.1791044776119403, 0.1590909090909091, 0.14583333333333334, 0.0, 0.0, 0.0, 0.0, 0.14720812182741116, 0.13218390804597702, 0.0, 0.0, 0.17159763313609466, 0.0, 0.16666666666666666, 0.0, 0.0, 0.0, 0.14285714285714285, 0.15172413793103448, 0.16666666666666666] 
Recall: [0.6666666666666666, 0.5833333333333334, 0.9722222222222222, 0.0, 0.0, 0.0, 0.0, 0.8055555555555556, 0.6388888888888888, 0.0, 0.0, 0.8055555555555556, 0.0, 0.6666666666666666, 0.0, 0.0, 0.0, 0.05555555555555555, 0.6111111111111112, 0.8333333333333334] 
F1: [0.2823529411764706, 0.25, 0.2536231884057971, 0.0, 0.0, 0.0, 0.0, 0.24892703862660945, 0.21904761904761905, 0.0, 0.0, 0.28292682926829266, 0.0, 0.26666666666666666, 0.0, 0.0, 0.0, 0.08, 0.24309392265193372, 0.2777777777777778] 
Runtime: [54.65948271751404, 54.94054365158081, 54.947550773620605, 55.253504037857056, 55.55407476425171, 55.67673373222351, 55.74191617965698, 55.644649267196655, 55.95590114593506, 55.82739448547363, 55.7170934677124, 55.96401858329773, 55.926334619522095, 56.70746970176697, 57.28523540496826, 54.84898924827576, 54.71485376358032, 58.646235942840576, 56.211129903793335, 58.974170446395874]

Experiment 29: {"deep_learner": true, "n_layers": 3, "lipschitz_lr": false, "reduce_data": false, "embedding_dims": 2, "k": 3, "oversample": true, "activation": "relu"}
Precision: [0.20689655172413793, 0.1986754966887417, 0.20279720279720279, 0.1728395061728395, 0.19736842105263158, 0.17261904761904762, 0.2127659574468085, 0.22794117647058823, 0.16766467065868262, 0.21830985915492956, 0.17647058823529413, 0.2116788321167883, 0.16019417475728157, 0.18543046357615894, 0.18072289156626506, 0.2, 0.19736842105263158, 0.2396694214876033, 0.17177914110429449, 0.18452380952380953] 
Recall: [0.8333333333333334, 0.8333333333333334, 0.8055555555555556, 0.7777777777777778, 0.8333333333333334, 0.8055555555555556, 0.8333333333333334, 0.8611111111111112, 0.7777777777777778, 0.8611111111111112, 0.8333333333333334, 0.8055555555555556, 0.9166666666666666, 0.7777777777777778, 0.8333333333333334, 0.7777777777777778, 0.8333333333333334, 0.8055555555555556, 0.7777777777777778, 0.8611111111111112] 
F1: [0.3314917127071823, 0.320855614973262, 0.3240223463687151, 0.2828282828282828, 0.3191489361702128, 0.28431372549019607, 0.3389830508474576, 0.36046511627906974, 0.27586206896551724, 0.34831460674157305, 0.29126213592233013, 0.33526011560693636, 0.27272727272727276, 0.29946524064171126, 0.29702970297029707, 0.3181818181818182, 0.3191489361702128, 0.36942675159235666, 0.2814070351758794, 0.303921568627451] 
Runtime: [79.81322765350342, 80.0142753124237, 77.51414465904236, 75.22344970703125, 75.75879788398743, 74.46419477462769, 74.02347183227539, 73.61811089515686, 73.39540886878967, 85.10132026672363, 73.62307476997375, 73.95623707771301, 73.27076506614685, 73.47099661827087, 73.95650219917297, 74.38029026985168, 74.14652800559998, 87.13669109344482, 77.60722517967224, 75.04236841201782]


