X13012310 0.23841059602649003 0.23762376237623764 0.23762376237623764 0.23762376237623764 0.23762376237623764 0.23762376237623764 0.23762376237623764 0.23762376237623764 0.23762376237623764 0.23841059602649003 0.23762376237623764 0.23762376237623764 0.23762376237623764 0.23762376237623764 0.23762376237623764 0.23762376237623764 0.23762376237623764 0.23762376237623764 0.23762376237623764 0.23762376237623764
X12013310 0.25641025641025644 0.24896265560165973 0.23762376237623764 0.23762376237623764 0.2520325203252033 0.23762376237623764 0.25 0.23762376237623764 0.23762376237623764 0.23762376237623764 0.23762376237623764 0.23762376237623764 0.23762376237623764 0.2553191489361702 0.23762376237623764 0.25806451612903225 0.23762376237623764 0.23762376237623764 0.23762376237623764 0.25641025641025644
X13012410 0.23762376237623764 0.23762376237623764 0.23762376237623764 0.23762376237623764 0.23762376237623764 0.23762376237623764 0.2660550458715596 0.23762376237623764 0.23762376237623764 0.24150943396226415 0.23762376237623764 0.23762376237623764 0.23762376237623764 0.23762376237623764 0.23762376237623764 0.23762376237623764 0.23762376237623764 0.23890784982935148 0.23762376237623764 0.24000000000000002
X13013610 0.23762376237623764 0.23762376237623764 0.23762376237623764 0.27586206896551724 0.23762376237623764 0.24999999999999994 0.23762376237623764 0.23762376237623764 0.23762376237623764 0.23762376237623764 0.23762376237623764 0.23762376237623764 0.26666666666666666 0.23762376237623764 0.23762376237623764 0.2683982683982684 0.23762376237623764 0.23762376237623764 0.23762376237623764 0.23762376237623764
X12012310 0.23762376237623764 0.23762376237623764 0.23762376237623764 0.23762376237623764 0.23762376237623764 0.23762376237623764 0.23762376237623764 0.23762376237623764 0.23762376237623764 0.23762376237623764 0.23762376237623764 0.23841059602649003 0.23762376237623764 0.23762376237623764 0.23762376237623764 0.23762376237623764 0.23762376237623764 0.23762376237623764 0.23762376237623764 0.23762376237623764
X13013510 0.23762376237623764 0.23762376237623764 0.24896265560165973 0.23762376237623764 0.23762376237623764 0.23762376237623764 0.23762376237623764 0.23762376237623764 0.23762376237623764 0.23762376237623764 0.23841059602649003 0.23762376237623764 0.23762376237623764 0.23762376237623764 0.24334600760456276 0.23762376237623764 0.23762376237623764 0.23762376237623764 0.23762376237623764 0.23841059602649003
X11012610 0.23762376237623764 0.23762376237623764 0.23762376237623764 0.2536231884057971 0.23762376237623764 0.23762376237623764 0.23762376237623764 0.23762376237623764 0.23762376237623764 0.23762376237623764 0.23762376237623764 0.23920265780730898 0.23762376237623764 0.2508960573476703 0.23762376237623764 0.23762376237623764 0.23762376237623764 0.23762376237623764 0.23762376237623764 0.23762376237623764
X13012710 0.23920265780730898 0.23762376237623764 0.23762376237623764 0.23762376237623764 0.23762376237623764 0.23762376237623764 0.23762376237623764 0.23762376237623764 0.23762376237623764 0.23762376237623764 0.23762376237623764 0.23762376237623764 0.23762376237623764 0.23762376237623764 0.23762376237623764 0.23762376237623764 0.23762376237623764 0.23762376237623764 0.23762376237623764 0.23762376237623764
X12013410 0.23762376237623764 0.23762376237623764 0.2678571428571429 0.2672413793103448 0.24999999999999997 0.23762376237623764 0.23762376237623764 0.23762376237623764 0.2719298245614035 0.23762376237623764 0.23762376237623764 0.24573378839590446 0.2683982683982684 0.23762376237623764 0.26291079812206575 0.23762376237623764 0.23762376237623764 0.23762376237623764 0.23762376237623764 0.23762376237623764
X12012610 0.27149321266968324 0.23762376237623764 0.23762376237623764 0.24000000000000002 0.25098039215686274 0.23762376237623764 0.23762376237623764 0.25 0.23762376237623764 0.23841059602649003 0.23762376237623764 0.23762376237623764 0.23762376237623764 0.23762376237623764 0.26851851851851855 0.23762376237623764 0.23762376237623764 0.23762376237623764 0.23762376237623764 0.23762376237623764
X12013610 0.23762376237623764 0.23762376237623764 0.24305555555555558 0.23762376237623764 0.23762376237623764 0.23762376237623764 0.23762376237623764 0.23762376237623764 0.23762376237623764 0.23762376237623764 0.23762376237623764 0.23762376237623764 0.23762376237623764 0.23762376237623764 0.23841059602649003 0.23762376237623764 0.24 0.23762376237623764 0.23762376237623764 0.23762376237623764
X13013310 0.2481203007518797 0.23762376237623764 0.23762376237623764 0.23762376237623764 0.23762376237623764 0.23762376237623764 0.2530612244897959 0.2408026755852843 0.23762376237623764 0.23762376237623764 0.2617801047120419 0.23762376237623764 0.23762376237623764 0.23762376237623764 0.23762376237623764 0.23762376237623764 0.23762376237623764 0.23762376237623764 0.23762376237623764 0.23762376237623764
X12013710 0.24727272727272728 0.23762376237623764 0.25217391304347825 0.23762376237623764 0.23762376237623764 0.23762376237623764 0.2508710801393728 0.23762376237623764 0.2723404255319149 0.2465753424657534 0.2605042016806723 0.23762376237623764 0.23762376237623764 0.23762376237623764 0.23762376237623764 0.23762376237623764 0.23762376237623764 0.23762376237623764 0.23841059602649003 0.23762376237623764
X12013510 0.23178807947019867 0.23762376237623764 0.23762376237623764 0.23762376237623764 0.23762376237623764 0.23762376237623764 0.23841059602649003 0.23762376237623764 0.23762376237623764 0.23762376237623764 0.23762376237623764 0.23762376237623764 0.23762376237623764 0.23762376237623764 0.23571428571428574 0.23762376237623764 0.23762376237623764 0.23762376237623764 0.2660944206008584 0.23762376237623764
X11013511 0.23762376237623764 0.23762376237623764 0.23841059602649003 0.24000000000000002 0.23489932885906042 0.23036649214659685 0.23489932885906042 0.25641025641025644 0.23333333333333336 0.23841059602649003 0.2439024390243902 0.26053639846743293 0.23920265780730898 0.23178807947019867 0.25663716814159293 0.23696682464454977 0.23489932885906042 0.2627118644067797 0.23841059602649003 0.23920265780730898
X11013610 0.26515151515151514 0.248 0.23762376237623764 0.23762376237623764 0.23762376237623764 0.23762376237623764 0.23762376237623764 0.2442748091603053 0.23762376237623764 0.2490566037735849 0.23890784982935148 0.23762376237623764 0.24489795918367346 0.2408026755852843 0.2542372881355932 0.23762376237623764 0.2541436464088398 0.27884615384615385 0.24150943396226415 0.25471698113207547
X12012410 0.24590163934426226 0.23762376237623764 0.23762376237623764 0.24 0.23762376237623764 0.23762376237623764 0.23762376237623764 0.23762376237623764 0.23762376237623764 0.23762376237623764 0.23762376237623764 0.23762376237623764 0.2397003745318352 0.23762376237623764 0.23762376237623764 0.25 0.23762376237623764 0.23762376237623764 0.23762376237623764 0.23762376237623764
X12012710 0.23762376237623764 0.23762376237623764 0.23762376237623764 0.23762376237623764 0.23762376237623764 0.23762376237623764 0.23762376237623764 0.23762376237623764 0.23762376237623764 0.23762376237623764 0.23762376237623764 0.23762376237623764 0.23762376237623764 0.23762376237623764 0.23762376237623764 0.23762376237623764 0.23762376237623764 0.23762376237623764 0.23762376237623764 0.23890784982935148
X12012510 0.23762376237623764 0.23762376237623764 0.23762376237623764 0.23762376237623764 0.23762376237623764 0.2510460251046025 0.23762376237623764 0.23762376237623764 0.23762376237623764 0.23762376237623764 0.23762376237623764 0.23762376237623764 0.23762376237623764 0.23762376237623764 0.23762376237623764 0.23762376237623764 0.23728813559322035 0.23762376237623764 0.2325581395348837 0.23762376237623764
X11012410 0.23762376237623764 0.24489795918367346 0.24573378839590446 0.23762376237623764 0.2408026755852843 0.2325581395348837 0.23762376237623764 0.23762376237623764 0.27751196172248804 0.23841059602649003 0.23762376237623764 0.24334600760456276 0.23762376237623764 0.2857142857142857 0.23762376237623764 0.23569023569023567 0.23762376237623764 0.23762376237623764 0.23762376237623764 0.27555555555555555
X11002311 0.0 0.2814070351758794 0.0 0.0 0.0 0.0 0.2631578947368421 0.0 0.2780269058295964 0.0 0.0 0.0 0.27004219409282704 0.27467811158798283 0.0 0.0 0.22580645161290322 0.0 0.2683982683982684 0.27027027027027023
X11012310 0.23762376237623764 0.25 0.23762376237623764 0.23762376237623764 0.24161073825503357 0.2440677966101695 0.23762376237623764 0.23762376237623764 0.23762376237623764 0.23841059602649003 0.23762376237623764 0.23762376237623764 0.23762376237623764 0.23762376237623764 0.23762376237623764 0.2815533980582524 0.23762376237623764 0.23762376237623764 0.23762376237623764 0.23762376237623764
X11013310 0.23841059602649003 0.26666666666666666 0.28193832599118945 0.2844444444444444 0.26666666666666666 0.28326180257510725 0.23841059602649003 0.23841059602649003 0.2638297872340426 0.27004219409282704 0.23762376237623764 0.27615062761506276 0.23841059602649003 0.23841059602649003 0.23841059602649003 0.2558139534883721 0.23762376237623764 0.2549800796812749 0.23841059602649003 0.27027027027027023
X11012510 0.23762376237623764 0.23762376237623764 0.2519685039370079 0.23762376237623764 0.2627118644067797 0.26160337552742613 0.23728813559322035 0.2465753424657534 0.2530612244897959 0.26495726495726496 0.23762376237623764 0.24647887323943662 0.2644628099173554 0.23762376237623764 0.2719298245614035 0.26890756302521013 0.23762376237623764 0.23762376237623764 0.23762376237623764 0.2471042471042471
X11013510 0.23762376237623764 0.23762376237623764 0.23762376237623764 0.23762376237623764 0.23762376237623764 0.23762376237623764 0.23762376237623764 0.23762376237623764 0.23762376237623764 0.23762376237623764 0.23693379790940763 0.23762376237623764 0.23762376237623764 0.23972602739726026 0.23762376237623764 0.2408026755852843 0.23762376237623764 0.23762376237623764 0.23762376237623764 0.23762376237623764
X11013410 0.30769230769230765 0.2697674418604651 0.23762376237623764 0.2839506172839506 0.23762376237623764 0.27619047619047615 0.23762376237623764 0.24615384615384617 0.23762376237623764 0.2557077625570776 0.23762376237623764 0.23762376237623764 0.2325581395348837 0.2511210762331838 0.25 0.2608695652173913 0.23762376237623764 0.23762376237623764 0.27272727272727276 0.23762376237623764
X11002310 0.3076923076923077 0.30851063829787234 0.2955665024630542 0.324607329842932 0.29107981220657275 0.28292682926829266 0.27074235807860264 0.2857142857142857 0.2884615384615385 0.2644628099173554 0.31413612565445026 0.27488151658767773 0.2815533980582524 0.27358490566037735 0.2710280373831776 0.3 0.2730923694779116 0.24999999999999997 0.29591836734693877 0.30851063829787234
X11002301 0.2823529411764706 0.25 0.2536231884057971 0.0 0.0 0.0 0.0 0.24892703862660945 0.21904761904761905 0.0 0.0 0.28292682926829266 0.0 0.26666666666666666 0.0 0.0 0.0 0.08 0.24309392265193372 0.2777777777777778
X13002310 0.3314917127071823 0.320855614973262 0.3240223463687151 0.2828282828282828 0.3191489361702128 0.28431372549019607 0.3389830508474576 0.36046511627906974 0.27586206896551724 0.34831460674157305 0.29126213592233013 0.33526011560693636 0.27272727272727276 0.29946524064171126 0.29702970297029707 0.3181818181818182 0.3191489361702128 0.36942675159235666 0.2814070351758794 0.303921568627451
