X13012310 0.13533834586466165 0.1348314606741573 0.1348314606741573 0.1348314606741573 0.1348314606741573 0.1348314606741573 0.1348314606741573 0.1348314606741573 0.1348314606741573 0.13533834586466165 0.1348314606741573 0.1348314606741573 0.1348314606741573 0.1348314606741573 0.1348314606741573 0.1348314606741573 0.1348314606741573 0.1348314606741573 0.1348314606741573 0.1348314606741573
X12013310 0.15151515151515152 0.14634146341463414 0.1348314606741573 0.1348314606741573 0.14761904761904762 0.1348314606741573 0.14795918367346939 0.1348314606741573 0.1348314606741573 0.1348314606741573 0.1348314606741573 0.1348314606741573 0.1348314606741573 0.1507537688442211 0.1348314606741573 0.15469613259668508 0.1348314606741573 0.1348314606741573 0.1348314606741573 0.15151515151515152
X13012410 0.1348314606741573 0.1348314606741573 0.1348314606741573 0.1348314606741573 0.1348314606741573 0.1348314606741573 0.15934065934065933 0.1348314606741573 0.1348314606741573 0.13973799126637554 0.1348314606741573 0.1348314606741573 0.1348314606741573 0.1348314606741573 0.1348314606741573 0.1348314606741573 0.1348314606741573 0.13618677042801555 0.1348314606741573 0.13636363636363635
X13013610 0.1348314606741573 0.1348314606741573 0.1348314606741573 0.16326530612244897 0.1348314606741573 0.14344262295081966 0.1348314606741573 0.1348314606741573 0.1348314606741573 0.1348314606741573 0.1348314606741573 0.1348314606741573 0.15873015873015872 0.1348314606741573 0.1348314606741573 0.15897435897435896 0.1348314606741573 0.1348314606741573 0.1348314606741573 0.1348314606741573
X12012310 0.1348314606741573 0.1348314606741573 0.1348314606741573 0.1348314606741573 0.1348314606741573 0.1348314606741573 0.1348314606741573 0.1348314606741573 0.1348314606741573 0.1348314606741573 0.1348314606741573 0.13533834586466165 0.1348314606741573 0.1348314606741573 0.1348314606741573 0.1348314606741573 0.1348314606741573 0.1348314606741573 0.1348314606741573 0.1348314606741573
X13013510 0.1348314606741573 0.1348314606741573 0.14634146341463414 0.1348314606741573 0.1348314606741573 0.1348314606741573 0.1348314606741573 0.1348314606741573 0.1348314606741573 0.1348314606741573 0.13533834586466165 0.1348314606741573 0.1348314606741573 0.1348314606741573 0.14096916299559473 0.1348314606741573 0.1348314606741573 0.1348314606741573 0.1348314606741573 0.13533834586466165
X11012610 0.1348314606741573 0.1348314606741573 0.1348314606741573 0.14583333333333334 0.1348314606741573 0.1348314606741573 0.1348314606741573 0.1348314606741573 0.1348314606741573 0.1348314606741573 0.1348314606741573 0.13584905660377358 0.1348314606741573 0.1440329218106996 0.1348314606741573 0.1348314606741573 0.1348314606741573 0.1348314606741573 0.1348314606741573 0.1348314606741573
X13012710 0.13584905660377358 0.1348314606741573 0.1348314606741573 0.1348314606741573 0.1348314606741573 0.1348314606741573 0.1348314606741573 0.1348314606741573 0.1348314606741573 0.1348314606741573 0.1348314606741573 0.1348314606741573 0.1348314606741573 0.1348314606741573 0.1348314606741573 0.1348314606741573 0.1348314606741573 0.1348314606741573 0.1348314606741573 0.1348314606741573
X12013410 0.1348314606741573 0.1348314606741573 0.1595744680851064 0.15816326530612246 0.15 0.1348314606741573 0.1348314606741573 0.1348314606741573 0.16145833333333334 0.1348314606741573 0.1348314606741573 0.14007782101167315 0.15897435897435896 0.1348314606741573 0.15819209039548024 0.1348314606741573 0.1348314606741573 0.1348314606741573 0.1348314606741573 0.1348314606741573
X12012610 0.16216216216216217 0.1348314606741573 0.1348314606741573 0.13636363636363635 0.1461187214611872 0.1348314606741573 0.1348314606741573 0.14545454545454545 0.1348314606741573 0.13533834586466165 0.1348314606741573 0.1348314606741573 0.1348314606741573 0.1348314606741573 0.16111111111111112 0.1348314606741573 0.1348314606741573 0.1348314606741573 0.1348314606741573 0.1348314606741573
X12013610 0.1348314606741573 0.1348314606741573 0.1388888888888889 0.1348314606741573 0.1348314606741573 0.1348314606741573 0.1348314606741573 0.1348314606741573 0.1348314606741573 0.1348314606741573 0.1348314606741573 0.1348314606741573 0.1348314606741573 0.1348314606741573 0.13533834586466165 0.1348314606741573 0.13807531380753138 0.1348314606741573 0.1348314606741573 0.1348314606741573
X13013310 0.14347826086956522 0.1348314606741573 0.1348314606741573 0.1348314606741573 0.1348314606741573 0.1348314606741573 0.14832535885167464 0.13688212927756654 0.1348314606741573 0.1348314606741573 0.16129032258064516 0.1348314606741573 0.1348314606741573 0.1348314606741573 0.1348314606741573 0.1348314606741573 0.1348314606741573 0.1348314606741573 0.1348314606741573 0.1348314606741573
X12013710 0.14225941422594143 0.1348314606741573 0.14948453608247422 0.1348314606741573 0.1348314606741573 0.1348314606741573 0.14342629482071714 0.1348314606741573 0.16080402010050251 0.140625 0.15346534653465346 0.1348314606741573 0.1348314606741573 0.1348314606741573 0.1348314606741573 0.1348314606741573 0.1348314606741573 0.1348314606741573 0.13533834586466165 0.1348314606741573
X12013510 0.13157894736842105 0.1348314606741573 0.1348314606741573 0.1348314606741573 0.1348314606741573 0.1348314606741573 0.13533834586466165 0.1348314606741573 0.1348314606741573 0.1348314606741573 0.1348314606741573 0.1348314606741573 0.1348314606741573 0.1348314606741573 0.13524590163934427 0.1348314606741573 0.1348314606741573 0.1348314606741573 0.15736040609137056 0.1348314606741573
X11013511 0.1348314606741573 0.1348314606741573 0.13533834586466165 0.13636363636363635 0.13358778625954199 0.14193548387096774 0.13358778625954199 0.15151515151515152 0.13257575757575757 0.13533834586466165 0.1394422310756972 0.1511111111111111 0.13584905660377358 0.13157894736842105 0.15263157894736842 0.14285714285714285 0.13358778625954199 0.155 0.13533834586466165 0.13584905660377358
X11013610 0.15350877192982457 0.14485981308411214 0.1348314606741573 0.1348314606741573 0.1348314606741573 0.1348314606741573 0.1348314606741573 0.1415929203539823 0.1348314606741573 0.14410480349344978 0.13618677042801555 0.1348314606741573 0.13953488372093023 0.13688212927756654 0.15 0.1348314606741573 0.15862068965517243 0.1686046511627907 0.13973799126637554 0.1534090909090909
X12012410 0.14423076923076922 0.1348314606741573 0.1348314606741573 0.14634146341463414 0.1348314606741573 0.1348314606741573 0.1348314606741573 0.1348314606741573 0.1348314606741573 0.1348314606741573 0.1348314606741573 0.1348314606741573 0.13852813852813853 0.1348314606741573 0.1348314606741573 0.14795918367346939 0.1348314606741573 0.1348314606741573 0.1348314606741573 0.1348314606741573
X12012710 0.1348314606741573 0.1348314606741573 0.1348314606741573 0.1348314606741573 0.1348314606741573 0.1348314606741573 0.1348314606741573 0.1348314606741573 0.1348314606741573 0.1348314606741573 0.1348314606741573 0.1348314606741573 0.1348314606741573 0.1348314606741573 0.1348314606741573 0.1348314606741573 0.1348314606741573 0.1348314606741573 0.1348314606741573 0.13618677042801555
X12012510 0.1348314606741573 0.1348314606741573 0.1348314606741573 0.1348314606741573 0.1348314606741573 0.1477832512315271 0.1348314606741573 0.1348314606741573 0.1348314606741573 0.1348314606741573 0.1348314606741573 0.1348314606741573 0.1348314606741573 0.1348314606741573 0.1348314606741573 0.1348314606741573 0.13513513513513514 0.1348314606741573 0.1320754716981132 0.1348314606741573
X11012410 0.1348314606741573 0.13953488372093023 0.14007782101167315 0.1348314606741573 0.13688212927756654 0.1320754716981132 0.1348314606741573 0.1348314606741573 0.1676300578034682 0.13533834586466165 0.1348314606741573 0.14096916299559473 0.1348314606741573 0.175 0.1348314606741573 0.13409961685823754 0.1348314606741573 0.1348314606741573 0.1348314606741573 0.164021164021164
X11002311 0.0 0.17177914110429449 0.0 0.0 0.0 0.0 0.15625 0.0 0.1657754010695187 0.0 0.0 0.0 0.15920398009950248 0.16243654822335024 0.0 0.0 0.2692307692307692 0.0 0.15897435897435896 0.16129032258064516
X11012310 0.1348314606741573 0.1440677966101695 0.1348314606741573 0.1348314606741573 0.13740458015267176 0.138996138996139 0.1348314606741573 0.1348314606741573 0.1348314606741573 0.13533834586466165 0.1348314606741573 0.1348314606741573 0.1348314606741573 0.1348314606741573 0.1348314606741573 0.17058823529411765 0.1348314606741573 0.1348314606741573 0.1348314606741573 0.1348314606741573
X11013310 0.13533834586466165 0.1568627450980392 0.16753926701570682 0.1693121693121693 0.1568627450980392 0.16751269035532995 0.13533834586466165 0.13533834586466165 0.15577889447236182 0.15920398009950248 0.1348314606741573 0.1625615763546798 0.13533834586466165 0.13533834586466165 0.13533834586466165 0.14864864864864866 0.1348314606741573 0.14883720930232558 0.13533834586466165 0.16129032258064516
X11012510 0.1348314606741573 0.1348314606741573 0.14678899082568808 0.1348314606741573 0.155 0.15422885572139303 0.13513513513513514 0.140625 0.14832535885167464 0.15656565656565657 0.1348314606741573 0.14112903225806453 0.1553398058252427 0.1348314606741573 0.16145833333333334 0.15841584158415842 0.1348314606741573 0.1348314606741573 0.1348314606741573 0.14349775784753363
X11013510 0.1348314606741573 0.1348314606741573 0.1348314606741573 0.1348314606741573 0.1348314606741573 0.1348314606741573 0.1348314606741573 0.1348314606741573 0.1348314606741573 0.1348314606741573 0.13545816733067728 0.1348314606741573 0.1348314606741573 0.13671875 0.1348314606741573 0.13688212927756654 0.1348314606741573 0.1348314606741573 0.1348314606741573 0.1348314606741573
X11013410 0.2 0.16201117318435754 0.1348314606741573 0.18253968253968253 0.1348314606741573 0.16666666666666666 0.1348314606741573 0.14285714285714285 0.1348314606741573 0.15300546448087432 0.1348314606741573 0.1348314606741573 0.1320754716981132 0.1497326203208556 0.14795918367346939 0.15789473684210525 0.1348314606741573 0.1348314606741573 0.16304347826086957 0.1348314606741573
X11002310 0.18867924528301888 0.19078947368421054 0.17964071856287425 0.2 0.1751412429378531 0.17159763313609466 0.16062176165803108 0.17365269461077845 0.1744186046511628 0.1553398058252427 0.1935483870967742 0.1657142857142857 0.17058823529411765 0.16477272727272727 0.16292134831460675 0.18292682926829268 0.1596244131455399 0.15 0.18125 0.19078947368421054
X11002301 0.1791044776119403 0.1590909090909091 0.14583333333333334 0.0 0.0 0.0 0.0 0.14720812182741116 0.13218390804597702 0.0 0.0 0.17159763313609466 0.0 0.16666666666666666 0.0 0.0 0.0 0.14285714285714285 0.15172413793103448 0.16666666666666666
X13002310 0.20689655172413793 0.1986754966887417 0.20279720279720279 0.1728395061728395 0.19736842105263158 0.17261904761904762 0.2127659574468085 0.22794117647058823 0.16766467065868262 0.21830985915492956 0.17647058823529413 0.2116788321167883 0.16019417475728157 0.18543046357615894 0.18072289156626506 0.2 0.19736842105263158 0.2396694214876033 0.17177914110429449 0.18452380952380953
