X13012310 1.0 1.0 1.0 1.0 1.0 1.0 1.0 1.0 1.0 1.0 1.0 1.0 1.0 1.0 1.0 1.0 1.0 1.0 1.0 1.0
X12013310 0.8333333333333334 0.8333333333333334 1.0 1.0 0.8611111111111112 1.0 0.8055555555555556 1.0 1.0 1.0 1.0 1.0 1.0 0.8333333333333334 1.0 0.7777777777777778 1.0 1.0 1.0 0.8333333333333334
X13012410 1.0 1.0 1.0 1.0 1.0 1.0 0.8055555555555556 1.0 1.0 0.8888888888888888 1.0 1.0 1.0 1.0 1.0 1.0 1.0 0.9722222222222222 1.0 1.0
X13013610 1.0 1.0 1.0 0.8888888888888888 1.0 0.9722222222222222 1.0 1.0 1.0 1.0 1.0 1.0 0.8333333333333334 1.0 1.0 0.8611111111111112 1.0 1.0 1.0 1.0
X12012310 1.0 1.0 1.0 1.0 1.0 1.0 1.0 1.0 1.0 1.0 1.0 1.0 1.0 1.0 1.0 1.0 1.0 1.0 1.0 1.0
X13013510 1.0 1.0 0.8333333333333334 1.0 1.0 1.0 1.0 1.0 1.0 1.0 1.0 1.0 1.0 1.0 0.8888888888888888 1.0 1.0 1.0 1.0 1.0
X11012610 1.0 1.0 1.0 0.9722222222222222 1.0 1.0 1.0 1.0 1.0 1.0 1.0 1.0 1.0 0.9722222222222222 1.0 1.0 1.0 1.0 1.0 1.0
X13012710 1.0 1.0 1.0 1.0 1.0 1.0 1.0 1.0 1.0 1.0 1.0 1.0 1.0 1.0 1.0 1.0 1.0 1.0 1.0 1.0
X12013410 1.0 1.0 0.8333333333333334 0.8611111111111112 0.75 1.0 1.0 1.0 0.8611111111111112 1.0 1.0 1.0 0.8611111111111112 1.0 0.7777777777777778 1.0 1.0 1.0 1.0 1.0
X12012610 0.8333333333333334 1.0 1.0 1.0 0.8888888888888888 1.0 1.0 0.8888888888888888 1.0 1.0 1.0 1.0 1.0 1.0 0.8055555555555556 1.0 1.0 1.0 1.0 1.0
X12013610 1.0 1.0 0.9722222222222222 1.0 1.0 1.0 1.0 1.0 1.0 1.0 1.0 1.0 1.0 1.0 1.0 1.0 0.9166666666666666 1.0 1.0 1.0
X13013310 0.9166666666666666 1.0 1.0 1.0 1.0 1.0 0.8611111111111112 1.0 1.0 1.0 0.6944444444444444 1.0 1.0 1.0 1.0 1.0 1.0 1.0 1.0 1.0
X12013710 0.9444444444444444 1.0 0.8055555555555556 1.0 1.0 1.0 1.0 1.0 0.8888888888888888 1.0 0.8611111111111112 1.0 1.0 1.0 1.0 1.0 1.0 1.0 1.0 1.0
X12013510 0.9722222222222222 1.0 1.0 1.0 1.0 1.0 1.0 1.0 1.0 1.0 1.0 1.0 1.0 1.0 0.9166666666666666 1.0 1.0 1.0 0.8611111111111112 1.0
X11013511 1.0 1.0 1.0 1.0 0.9722222222222222 0.6111111111111112 0.9722222222222222 0.8333333333333334 0.9722222222222222 1.0 0.9722222222222222 0.9444444444444444 1.0 0.9722222222222222 0.8055555555555556 0.6944444444444444 0.9722222222222222 0.8611111111111112 1.0 1.0
X11013610 0.9722222222222222 0.8611111111111112 1.0 1.0 1.0 1.0 1.0 0.8888888888888888 1.0 0.9166666666666666 0.9722222222222222 1.0 1.0 1.0 0.8333333333333334 1.0 0.6388888888888888 0.8055555555555556 0.8888888888888888 0.75
X12012410 0.8333333333333334 1.0 1.0 0.6666666666666666 1.0 1.0 1.0 1.0 1.0 1.0 1.0 1.0 0.8888888888888888 1.0 1.0 0.8055555555555556 1.0 1.0 1.0 1.0
X12012710 1.0 1.0 1.0 1.0 1.0 1.0 1.0 1.0 1.0 1.0 1.0 1.0 1.0 1.0 1.0 1.0 1.0 1.0 1.0 0.9722222222222222
X12012510 1.0 1.0 1.0 1.0 1.0 0.8333333333333334 1.0 1.0 1.0 1.0 1.0 1.0 1.0 1.0 1.0 1.0 0.9722222222222222 1.0 0.9722222222222222 1.0
X11012410 1.0 1.0 1.0 1.0 1.0 0.9722222222222222 1.0 1.0 0.8055555555555556 1.0 1.0 0.8888888888888888 1.0 0.7777777777777778 1.0 0.9722222222222222 1.0 1.0 1.0 0.8611111111111112
X11002311 0.0 0.7777777777777778 0.0 0.0 0.0 0.0 0.8333333333333334 0.0 0.8611111111111112 0.0 0.0 0.0 0.8888888888888888 0.8888888888888888 0.0 0.0 0.19444444444444445 0.0 0.8611111111111112 0.8333333333333334
X11012310 1.0 0.9444444444444444 1.0 1.0 1.0 1.0 1.0 1.0 1.0 1.0 1.0 1.0 1.0 1.0 1.0 0.8055555555555556 1.0 1.0 1.0 1.0
X11013310 1.0 0.8888888888888888 0.8888888888888888 0.8888888888888888 0.8888888888888888 0.9166666666666666 1.0 1.0 0.8611111111111112 0.8888888888888888 1.0 0.9166666666666666 1.0 1.0 1.0 0.9166666666666666 1.0 0.8888888888888888 1.0 0.8333333333333334
X11012510 1.0 1.0 0.8888888888888888 1.0 0.8611111111111112 0.8611111111111112 0.9722222222222222 1.0 0.8611111111111112 0.8611111111111112 1.0 0.9722222222222222 0.8888888888888888 1.0 0.8611111111111112 0.8888888888888888 1.0 1.0 1.0 0.8888888888888888
X11013510 1.0 1.0 1.0 1.0 1.0 1.0 1.0 1.0 1.0 1.0 0.9444444444444444 1.0 1.0 0.9722222222222222 1.0 1.0 1.0 1.0 1.0 1.0
X11013410 0.6666666666666666 0.8055555555555556 1.0 0.6388888888888888 1.0 0.8055555555555556 1.0 0.8888888888888888 1.0 0.7777777777777778 1.0 1.0 0.9722222222222222 0.7777777777777778 0.8055555555555556 0.75 1.0 1.0 0.8333333333333334 1.0
X11002310 0.8333333333333334 0.8055555555555556 0.8333333333333334 0.8611111111111112 0.8611111111111112 0.8055555555555556 0.8611111111111112 0.8055555555555556 0.8333333333333334 0.8888888888888888 0.8333333333333334 0.8055555555555556 0.8055555555555556 0.8055555555555556 0.8055555555555556 0.8333333333333334 0.9444444444444444 0.75 0.8055555555555556 0.8055555555555556
X11002301 0.6666666666666666 0.5833333333333334 0.9722222222222222 0.0 0.0 0.0 0.0 0.8055555555555556 0.6388888888888888 0.0 0.0 0.8055555555555556 0.0 0.6666666666666666 0.0 0.0 0.0 0.05555555555555555 0.6111111111111112 0.8333333333333334
X13002310 0.8333333333333334 0.8333333333333334 0.8055555555555556 0.7777777777777778 0.8333333333333334 0.8055555555555556 0.8333333333333334 0.8611111111111112 0.7777777777777778 0.8611111111111112 0.8333333333333334 0.8055555555555556 0.9166666666666666 0.7777777777777778 0.8333333333333334 0.7777777777777778 0.8333333333333334 0.8055555555555556 0.7777777777777778 0.8611111111111112
