X13012310 94.49253797531128 94.54927134513855 97.38754272460938 93.64326643943787 95.026376247406 95.69288063049316 96.63493514060974 99.19364714622498 99.9432156085968 98.05355453491211 101.95383930206299 99.73807859420776 100.73717546463013 100.2960753440857 101.40888524055481 101.50196480751038 100.68100118637085 102.35040593147278 101.58384275436401 103.03056859970093
X12013310 100.79009747505188 103.31535410881042 103.57176399230957 99.14450860023499 100.572274684906 98.54215860366821 100.90915584564209 101.23711800575256 99.74929141998291 103.49722504615784 100.96615242958069 102.70759439468384 100.45392847061157 101.02497267723083 103.88137578964233 101.64520955085754 102.36238741874695 105.7328953742981 105.75311923027039 104.04519271850586
X13012410 106.71757650375366 108.19673562049866 105.6941065788269 108.73021531105042 105.31072664260864 106.62065601348877 108.23959040641785 104.65882611274719 106.8224630355835 107.62801575660706 108.4548568725586 108.18271613121033 108.4071798324585 107.57466840744019 107.96458005905151 108.35783910751343 108.97642230987549 111.76747488975525 108.71944499015808 109.98105931282043
X13013610 112.03686881065369 110.00025367736816 111.08176565170288 111.65243697166443 111.47804760932922 111.44776320457458 111.19267225265503 111.7581512928009 111.1103446483612 113.3545777797699 112.52160787582397 112.9640862941742 112.23933935165405 111.7282726764679 112.8457441329956 110.42665696144104 113.45579648017883 112.63027834892273 113.26360821723938 112.986492395401
X12012310 6.942926645278931 7.251771926879883 7.1147496700286865 7.243486642837524 7.215065956115723 7.821166515350342 7.709927082061768 7.511251926422119 7.641167640686035 7.8588948249816895 8.162854433059692 7.946219444274902 8.120156526565552 8.560136556625366 8.170058488845825 8.315982818603516 8.407776594161987 8.564860582351685 8.619264125823975 8.688602447509766
X13013510 9.9019935131073 10.031882762908936 10.136875629425049 10.3378324508667 10.561513662338257 10.556539058685303 10.855972290039062 11.021944522857666 11.05403470993042 11.219400405883789 11.436330556869507 11.521738290786743 12.02488899230957 12.080085515975952 12.574292182922363 12.153700828552246 12.390667200088501 12.532808065414429 12.90648627281189 12.873226642608643
X11012610 11.623281478881836 11.851688861846924 11.973723888397217 12.123462915420532 12.236160516738892 12.458781719207764 12.632412910461426 13.038499355316162 12.821049451828003 13.098085403442383 13.099435091018677 13.181407690048218 13.305816888809204 13.476797819137573 14.06079363822937 13.662097930908203 13.855537414550781 13.968336582183838 13.961663007736206 14.20708441734314
X13012710 15.89082145690918 16.035645246505737 16.401819229125977 16.734530687332153 16.68398928642273 17.03210973739624 17.0598042011261 17.58350110054016 18.734472513198853 18.566916465759277 19.184922456741333 18.409099817276 18.679041385650635 18.662384510040283 18.91670799255371 18.993342399597168 19.122289180755615 19.524216651916504 19.65373969078064 19.80301833152771
X12013410 19.411590337753296 19.535998582839966 19.655025005340576 19.918588399887085 20.139763593673706 20.097172260284424 20.345969915390015 20.4394793510437 20.531800746917725 20.683673858642578 20.92291808128357 21.71892738342285 21.138946056365967 21.403376579284668 21.349546194076538 21.84393548965454 21.641961574554443 21.812335729599 21.829148530960083 21.848923444747925
X12012610 22.19521975517273 22.563517570495605 22.734298706054688 22.829420566558838 22.872537851333618 23.03432011604309 23.57452654838562 23.43383288383484 23.32948112487793 23.5800678730011 23.799880027770996 23.9152352809906 24.005916833877563 24.193731546401978 24.345432996749878 24.436189889907837 24.608419179916382 24.81565761566162 24.84320092201233 24.957075357437134
X12013610 26.345810890197754 25.613445520401 25.950302362442017 25.807166814804077 26.10210132598877 26.493939876556396 26.38719129562378 26.380876779556274 26.65972089767456 26.549739599227905 26.99085783958435 26.924137115478516 27.138445138931274 27.153183937072754 27.58479905128479 27.83589792251587 27.739371299743652 28.026024103164673 28.098798990249634 28.20615243911743
X13013310 29.246010065078735 29.123799562454224 29.495603322982788 30.146833181381226 29.730096101760864 30.157552003860474 30.13143038749695 30.45037293434143 30.743107318878174 30.79097318649292 30.977755308151245 31.051152229309082 31.100176572799683 31.19583225250244 31.08067226409912 31.375575065612793 31.50417685508728 32.59584164619446 32.075958490371704 31.860593557357788
X12013710 31.238271236419678 31.788856506347656 31.77909255027771 32.29796385765076 32.11734056472778 32.65386414527893 33.21288728713989 33.19206500053406 33.24649143218994 33.73929977416992 33.72027802467346 33.843109369277954 34.06081771850586 33.938931703567505 34.036811113357544 34.42803931236267 34.36871147155762 34.48490071296692 34.58113074302673 34.78563570976257
X12013510 35.161120653152466 35.3969886302948 35.409990310668945 35.5124614238739 35.45183229446411 35.958128929138184 35.945122718811035 36.571293115615845 36.25601410865784 36.843292236328125 36.724454402923584 36.55093193054199 37.014957666397095 37.22475242614746 37.43718934059143 37.35590648651123 37.591946840286255 37.92148494720459 37.684558629989624 38.28251385688782
X11013511 37.90060091018677 37.5878963470459 39.11248278617859 38.136568546295166 38.36325001716614 38.405046463012695 38.593143701553345 38.487037897109985 38.60993981361389 38.74641299247742 39.213555574417114 40.10326790809631 41.66764569282532 41.33106756210327 39.95946502685547 41.37995386123657 40.20616292953491 40.27499723434448 40.28110599517822 40.491145849227905
X11013610 40.47682738304138 40.250800132751465 39.72228240966797 39.91143727302551 40.05129957199097 40.052067041397095 39.85937023162842 40.24203586578369 40.183737993240356 40.32827615737915 40.67947554588318 40.22422742843628 39.421581983566284 39.494178771972656 39.50928235054016 39.757752656936646 39.62590408325195 39.844768047332764 39.94713115692139 39.98318600654602
X12012410 41.27488613128662 41.255916118621826 41.64791536331177 41.55630970001221 42.02040767669678 41.681729793548584 41.66777515411377 41.95313262939453 42.1314263343811 42.00942587852478 42.141194105148315 42.40213704109192 42.50770020484924 42.7194390296936 42.95085167884827 42.89439392089844 43.079508781433105 43.16690969467163 43.35469651222229 43.572330474853516
X12012710 44.70536661148071 44.78765559196472 45.27326679229736 45.30496096611023 45.51434087753296 47.03292894363403 45.07585263252258 45.49767231941223 45.79875826835632 46.48169207572937 46.296579122543335 46.587985038757324 46.870378732681274 47.34420466423035 47.47328853607178 47.63176083564758 47.6081600189209 47.91189217567444 48.016199827194214 48.22022819519043
X12012510 48.621251583099365 48.61302042007446 49.142075300216675 49.0391902923584 49.378901720047 49.56584167480469 49.743401288986206 50.04255414009094 50.092936277389526 50.43541932106018 50.15397596359253 50.22164487838745 50.582836866378784 50.62877917289734 50.62439942359924 50.85700440406799 50.84092354774475 51.35126495361328 51.28224992752075 51.48428678512573
X11012410 50.908074617385864 51.088160037994385 50.792792081832886 51.470640897750854 50.6502468585968 51.31139373779297 51.035107135772705 50.561326026916504 51.78485465049744 51.87669587135315 52.01025605201721 52.07086443901062 52.044586420059204 52.36709213256836 52.20331907272339 52.53424596786499 52.39589858055115 53.20630717277527 52.90804195404053 52.79910063743591
X11002311 53.05729913711548 53.410929918289185 53.29293179512024 53.25200366973877 52.59806489944458 53.095993518829346 53.42378520965576 53.770747900009155 53.81784152984619 53.860652923583984 54.01435923576355 55.42571830749512 54.953362464904785 54.974602699279785 54.93632411956787 55.25959372520447 55.25068163871765 54.889933347702026 54.92405080795288 54.51438355445862
X11012310 53.281885385513306 54.07470393180847 53.706544399261475 53.81831955909729 55.42763948440552 58.08494305610657 56.22081232070923 56.90015745162964 56.95444416999817 56.86196970939636 55.23309659957886 55.39770984649658 56.4593460559845 57.17463159561157 57.23378849029541 57.1056067943573 57.089062452316284 57.47486972808838 56.86578130722046 57.26058912277222
X11013310 57.3206684589386 58.067704916000366 58.2533278465271 57.376582860946655 56.848193883895874 57.00091743469238 58.973270893096924 59.57686138153076 59.44952344894409 62.79165840148926 61.0259895324707 60.60565543174744 60.31379055976868 60.10368013381958 59.48021054267883 58.83490586280823 59.017550230026245 59.47351026535034 59.43029475212097 59.44364666938782
X11012510 60.348381996154785 59.4522545337677 61.21769046783447 64.12499928474426 61.786943674087524 63.14897847175598 62.522077322006226 62.58364224433899 62.44825029373169 62.27889585494995 61.628114223480225 62.01652908325195 61.931726694107056 62.437700510025024 62.355347871780396 62.677319288253784 62.63040733337402 62.703612089157104 62.723618507385254 62.935368061065674
X11013510 63.23227024078369 62.86460781097412 63.15562152862549 63.822365045547485 63.46747040748596 63.51254892349243 63.74291157722473 63.9789354801178 64.33830046653748 64.2989912033081 64.41319823265076 64.76351523399353 65.11147785186768 65.0703113079071 65.38219571113586 65.64536142349243 65.32966494560242 65.18913245201111 65.47750210762024 65.42580199241638
X11013410 65.89447855949402 65.66772651672363 66.06938362121582 66.06181383132935 66.05781316757202 66.53928422927856 66.30896353721619 66.83640432357788 66.80434656143188 67.2113938331604 66.89024567604065 67.5166597366333 67.035879611969 67.02913880348206 67.08123445510864 67.44707441329956 67.72047138214111 68.02177476882935 68.2091600894928 68.35873866081238
X11002310 68.45526361465454 68.27756786346436 68.14192819595337 68.34561896324158 67.88874888420105 68.14236450195312 67.83654236793518 68.60392308235168 68.4201340675354 68.63204073905945 69.01255798339844 69.0600426197052 69.47204351425171 69.57960510253906 70.14132571220398 72.44868445396423 70.50521969795227 70.55059766769409 70.1359612941742 70.21211624145508
X11002301 54.65948271751404 54.94054365158081 54.947550773620605 55.253504037857056 55.55407476425171 55.67673373222351 55.74191617965698 55.644649267196655 55.95590114593506 55.82739448547363 55.7170934677124 55.96401858329773 55.926334619522095 56.70746970176697 57.28523540496826 54.84898924827576 54.71485376358032 58.646235942840576 56.211129903793335 58.974170446395874
X13002310 79.81322765350342 80.0142753124237 77.51414465904236 75.22344970703125 75.75879788398743 74.46419477462769 74.02347183227539 73.61811089515686 73.39540886878967 85.10132026672363 73.62307476997375 73.95623707771301 73.27076506614685 73.47099661827087 73.95650219917297 74.38029026985168 74.14652800559998 87.13669109344482 77.60722517967224 75.04236841201782
