X13012310 0.3305785123966942 0.3130434782608696 0.3305785123966942 0.3305785123966942 0.3305785123966942 0.3305785123966942 0.3347280334728034 0.3305785123966942 0.3305785123966942 0.3305785123966942 0.33488372093023255 0.3305785123966942 0.3220338983050847 0.3148936170212766 0.3305785123966942 0.3305785123966942 0.3305785123966942 0.3319502074688797 0.3305785123966942 0.3305785123966942
X12013310 0.1983471074380165 0.2909090909090909 0.3305785123966942 0.2931034482758621 0.30344827586206896 0.32989690721649484 0.28571428571428575 0.3305785123966942 0.3139013452914798 0.323943661971831 0.265625 0.34615384615384615 0.3050847457627119 0.3305785123966942 0.33333333333333326 0.3417085427135679 0.3434343434343435 0.3296703296703297 0.3181818181818182 0.3185840707964602
X13012410 0.32900432900432897 0.3305785123966942 0.3305785123966942 0.3181818181818182 0.3305785123966942 0.3305785123966942 0.3305785123966942 0.3305785123966942 0.3305785123966942 0.28571428571428575 0.3305785123966942 0.32173913043478264 0.3305785123966942 0.27522935779816515 0.3305785123966942 0.3087248322147651 0.3305785123966942 0.311377245508982 0.32124352331606215 0.3305785123966942
X13013610 0.3546798029556651 0.3088235294117647 0.3305785123966942 0.3305084745762712 0.3448275862068966 0.3305785123966942 0.2839506172839506 0.35416666666666663 0.3305785123966942 0.3305785123966942 0.3305785123966942 0.2922374429223744 0.3305785123966942 0.3305785123966942 0.3305785123966942 0.3305785123966942 0.3305785123966942 0.3305785123966942 0.4 0.33613445378151263
X12012310 0.2903225806451613 0.3305785123966942 0.3305785123966942 0.3130434782608696 0.3305785123966942 0.3255813953488372 0.3305785123966942 0.30434782608695654 0.35121951219512193 0.3305785123966942 0.33333333333333337 0.3523809523809524 0.38983050847457623 0.3402061855670103 0.2946428571428571 0.3305785123966942 0.3305785123966942 0.3275862068965517 0.34831460674157305 0.3305785123966942
X13013510 0.3305785123966942 0.2857142857142857 0.2994652406417112 0.3305785123966942 0.32 0.3305785123966942 0.3305785123966942 0.3305785123966942 0.3305785123966942 0.31034482758620685 0.3305785123966942 0.30337078651685395 0.3305785123966942 0.30107526881720426 0.3305785123966942 0.3127962085308057 0.36464088397790057 0.3305785123966942 0.319634703196347 0.3305785123966942
X11012610 0.2878787878787879 0.3305785123966942 0.3240223463687151 0.31223628691983124 0.3305785123966942 0.3157894736842105 0.2155688622754491 0.3305785123966942 0.22439024390243903 0.3414634146341463 0.3451776649746193 0.3305785123966942 0.22641509433962265 0.31788079470198677 0.3305785123966942 0.33695652173913043 0.23115577889447236 0.3305785123966942 0.3305785123966942 0.3305785123966942
X13012710 0.3348017621145375 0.36800000000000005 0.3190184049079755 0.3305785123966942 0.34782608695652173 0.3305785123966942 0.3305785123966942 0.3305785123966942 0.33557046979865773 0.3305785123966942 0.3305785123966942 0.3305785123966942 0.3305785123966942 0.3305785123966942 0.3305785123966942 0.3305785123966942 0.3305785123966942 0.3305785123966942 0.3088235294117647 0.3305785123966942
X12013410 0.3305785123966942 0.3441860465116279 0.3305785123966942 0.33870967741935487 0.32888888888888895 0.3333333333333333 0.3157894736842105 0.3472222222222222 0.33766233766233766 0.3473684210526316 0.3147208121827411 0.3195266272189349 0.34123222748815163 0.3231441048034934 0.3333333333333333 0.3347280334728034 0.33766233766233766 0.3305785123966942 0.32038834951456313 0.3408071748878924
X12012610 0.2985074626865672 0.30666666666666664 0.33613445378151263 0.3305785123966942 0.30414746543778803 0.28260869565217395 0.22784810126582278 0.3305785123966942 0.32599118942731276 0.34449760765550236 0.28368794326241137 0.3259259259259259 0.20000000000000004 0.3305785123966942 0.27083333333333337 0.3305785123966942 0.3305785123966942 0.3305785123966942 0.288 0.3076923076923077
X12013610 0.3304347826086957 0.3305785123966942 0.34285714285714286 0.33333333333333337 0.33333333333333337 0.33532934131736525 0.3305785123966942 0.33507853403141363 0.28346456692913385 0.3157894736842105 0.3305785123966942 0.3305785123966942 0.26785714285714285 0.3305785123966942 0.32786885245901637 0.18018018018018017 0.27941176470588236 0.36024844720496896 0.3333333333333333 0.3247863247863248
X13013310 0.3305785123966942 0.3216080402010051 0.33128834355828224 0.32432432432432434 0.33333333333333337 0.32911392405063294 0.3305785123966942 0.3529411764705882 0.3305785123966942 0.3305785123966942 0.3305785123966942 0.26666666666666666 0.3271028037383178 0.3170731707317073 0.3417085427135679 0.3402061855670103 0.3050847457627119 0.32876712328767127 0.3619047619047619 0.31496062992125984
X12013710 0.3305785123966942 0.40404040404040403 0.3130434782608696 0.261437908496732 0.3391812865497076 0.31775700934579443 0.33187772925764186 0.3305785123966942 0.28037383177570097 0.33636363636363636 0.3305785123966942 0.32608695652173914 0.30414746543778803 0.34444444444444444 0.30344827586206896 0.2758620689655172 0.23300970873786406 0.3826086956521739 0.2702702702702703 0.3305785123966942
X12013510 0.3617021276595745 0.27631578947368424 0.33333333333333337 0.3305785123966942 0.3119266055045872 0.3305785123966942 0.3333333333333333 0.3131313131313131 0.36206896551724144 0.27692307692307694 0.3184713375796178 0.3305785123966942 0.3463203463203463 0.3305785123966942 0.2571428571428572 0.3305785123966942 0.3348017621145375 0.34825870646766166 0.33613445378151263 0.33333333333333337
X11013511 0.21917808219178084 0.3305785123966942 0.28169014084507044 0.34285714285714286 0.1794871794871795 0.30434782608695654 0.3511450381679389 0.0 0.31223628691983124 0.35555555555555557 0.325 0.16666666666666666 0.3319502074688797 0.23333333333333334 0.35526315789473684 0.3305785123966942 0.325 0.34061135371179035 0.3055555555555555 0.27368421052631575
X11013610 0.3151515151515151 0.27499999999999997 0.3305785123966942 0.3461538461538461 0.32222222222222224 0.28571428571428575 0.14084507042253522 0.3050847457627119 0.3134328358208955 0.32222222222222224 0.31213872832369943 0.33519553072625696 0.302158273381295 0.3453237410071942 0.358974358974359 0.0 0.38461538461538464 0.28571428571428575 0.2807017543859649 0.30167597765363136
X12012410 0.3305785123966942 0.3305785123966942 0.3305785123966942 0.339622641509434 0.3305785123966942 0.2727272727272727 0.3305785123966942 0.3130434782608696 0.3236514522821577 0.3305785123966942 0.25477707006369427 0.3305785123966942 0.2843601895734597 0.33333333333333337 0.3305785123966942 0.3305785123966942 0.3305785123966942 0.33187772925764186 0.3305785123966942 0.3305785123966942
X12012710 0.3305785123966942 0.3362068965517241 0.30337078651685395 0.3305785123966942 0.30697674418604654 0.3305785123966942 0.3305785123966942 0.3305785123966942 0.32558139534883723 0.3305785123966942 0.28048780487804875 0.3305785123966942 0.3269230769230769 0.24742268041237106 0.3305785123966942 0.3305785123966942 0.3305785123966942 0.3305785123966942 0.34905660377358494 0.3305785123966942
X12012510 0.3165467625899281 0.3305785123966942 0.35023041474654376 0.3305785123966942 0.3305785123966942 0.3319502074688797 0.31924882629107976 0.3305785123966942 0.3305785123966942 0.25 0.3305785123966942 0.3305785123966942 0.3305785123966942 0.3305785123966942 0.3305785123966942 0.3541666666666667 0.2931034482758621 0.3305785123966942 0.3305785123966942 0.3305785123966942
X11012410 0.31788079470198677 0.30493273542600896 0.3277310924369748 0.34285714285714286 0.3305785123966942 0.30057803468208094 0.3228699551569506 0.27999999999999997 0.3305785123966942 0.3203463203463204 0.3036649214659686 0.3305785123966942 0.2926829268292683 0.3185840707964602 0.32692307692307687 0.3103448275862069 0.3305785123966942 0.12121212121212123 0.31446540880503143 0.3305785123966942
X11002311 0.04878048780487806 0.0 0.046511627906976744 0.04878048780487806 0.4044943820224719 0.0 0.0 0.04347826086956522 0.26229508196721313 0.04878048780487806 0.0 0.045454545454545456 0.0 0.04878048780487806 0.04878048780487806 0.045454545454545456 0.046511627906976744 0.0 0.0851063829787234 0.14545454545454545
X11012310 0.3036649214659686 0.3214285714285714 0.4 0.3305785123966942 0.3263598326359833 0.3098591549295775 0.3375 0.3236994219653179 0.3391304347826087 0.0 0.3305785123966942 0.33777777777777784 0.3305785123966942 0.28571428571428575 0.32478632478632474 0.3236994219653179 0.34831460674157305 0.33187772925764186 0.2452830188679245 0.3404255319148936
X11013310 0.3305785123966942 0.3305785123966942 0.34285714285714286 0.318840579710145 0.3347280334728034 0.36036036036036034 0.3252032520325203 0.30000000000000004 0.29850746268656714 0.3352601156069364 0.32456140350877194 0.3050847457627119 0.2826086956521739 0.3564356435643564 0.35121951219512193 0.2553191489361702 0.2857142857142857 0.3220338983050847 0.296875 0.32352941176470595
X11012510 0.2526315789473684 0.25 0.3305785123966942 0.29955947136563876 0.3111111111111111 0.3022222222222223 0.31932773109243695 0.3181818181818182 0.3130434782608696 0.3305785123966942 0.3171806167400881 0.3305785123966942 0.2972972972972973 0.1971830985915493 0.3087248322147651 0.24 0.2782608695652174 0.32900432900432897 0.3305785123966942 0.325
X11013510 0.3305084745762712 0.06451612903225806 0.30526315789473685 0.3333333333333333 0.30687830687830686 0.3348017621145375 0.3333333333333333 0.33557046979865773 0.31746031746031744 0.32599118942731276 0.3118279569892473 0.33476394849785407 0.3163265306122449 0.3303571428571429 0.3441860465116279 0.3319502074688797 0.3305785123966942 0.3319502074688797 0.33777777777777784 0.25316455696202533
X11013410 0.28846153846153844 0.3219512195121952 0.3305785123966942 0.3305785123966942 0.3300970873786408 0.3111111111111111 0.3305785123966942 0.33663366336633666 0.3219512195121952 0.26785714285714285 0.3008849557522124 0.3305785123966942 0.33183856502242154 0.3185840707964602 0.31746031746031744 0.35294117647058826 0.27835051546391754 0.2722513089005235 0.3048780487804878 0.31527093596059114
X11002310 0.04878048780487806 0.2926829268292683 0.047619047619047616 0.38016528925619836 0.21999999999999997 0.3076923076923077 0.3913043478260869 0.40963855421686746 0.25806451612903225 0.047619047619047616 0.21782178217821785 0.0 0.31818181818181823 0.2772277227722772 0.04166666666666667 0.0 0.39316239316239315 0.04878048780487806 0.04878048780487806 0.41463414634146345
X11002301 0.0 0.0 0.11320754716981132 0.0 0.0 0.0 0.0 0.045454545454545456 0.045454545454545456 0.0 0.08333333333333334 0.0 0.0 0.0 0.0 0.0 0.04878048780487806 0.0 0.0 0.04878048780487806
X13002310 0.34965034965034963 0.33928571428571425 0.3055555555555556 0.28169014084507044 0.3225806451612903 0.3232323232323232 0.3220338983050847 0.37254901960784315 0.23728813559322032 0.32727272727272727 0.23809523809523808 0.3703703703703704 0.21333333333333332 0.18181818181818182 0.3423423423423423 0.04878048780487806 0.04878048780487806 0.35 0.3013698630136986 0.0
