X13012310 0.19801980198019803 0.24 0.19801980198019803 0.19801980198019803 0.19801980198019803 0.19801980198019803 0.20100502512562815 0.19801980198019803 0.19801980198019803 0.19801980198019803 0.2057142857142857 0.19801980198019803 0.19387755102040816 0.18974358974358974 0.19801980198019803 0.19801980198019803 0.19801980198019803 0.19900497512437812 0.19801980198019803 0.19801980198019803
X12013310 0.14814814814814814 0.17777777777777778 0.19801980198019803 0.2236842105263158 0.20952380952380953 0.2077922077922078 0.20930232558139536 0.19801980198019803 0.1912568306010929 0.22549019607843138 0.19318181818181818 0.23275862068965517 0.23076923076923078 0.19801980198019803 0.27419354838709675 0.2138364779874214 0.288135593220339 0.2112676056338028 0.22826086956521738 0.1935483870967742
X13012410 0.19895287958115182 0.19801980198019803 0.19801980198019803 0.20588235294117646 0.19801980198019803 0.19801980198019803 0.19801980198019803 0.19801980198019803 0.19801980198019803 0.2 0.19801980198019803 0.19473684210526315 0.19801980198019803 0.21739130434782608 0.19801980198019803 0.21100917431192662 0.19801980198019803 0.2047244094488189 0.20261437908496732 0.19801980198019803
X13013610 0.22085889570552147 0.21875 0.19801980198019803 0.1989795918367347 0.2631578947368421 0.19801980198019803 0.1885245901639344 0.30357142857142855 0.19801980198019803 0.19801980198019803 0.19801980198019803 0.1787709497206704 0.19801980198019803 0.19801980198019803 0.19801980198019803 0.19801980198019803 0.19801980198019803 0.19801980198019803 0.34545454545454546 0.20202020202020202
X12012310 0.18493150684931506 0.19801980198019803 0.19801980198019803 0.24 0.19801980198019803 0.21212121212121213 0.19801980198019803 0.18421052631578946 0.21818181818181817 0.19801980198019803 0.2 0.21764705882352942 0.2948717948717949 0.21428571428571427 0.1793478260869565 0.19801980198019803 0.19801980198019803 0.25 0.2246376811594203 0.19801980198019803
X13013510 0.19801980198019803 0.17647058823529413 0.19047619047619047 0.19801980198019803 0.1945945945945946 0.19801980198019803 0.19801980198019803 0.19801980198019803 0.19801980198019803 0.20149253731343283 0.19801980198019803 0.1956521739130435 0.19801980198019803 0.1917808219178082 0.19801980198019803 0.19298245614035087 0.23404255319148937 0.19801980198019803 0.19553072625698323 0.19801980198019803
X11012610 0.20652173913043478 0.19801980198019803 0.20863309352517986 0.18781725888324874 0.19801980198019803 0.19148936170212766 0.14173228346456693 0.19801980198019803 0.1393939393939394 0.21212121212121213 0.21656050955414013 0.19801980198019803 0.18181818181818182 0.21621621621621623 0.19801980198019803 0.2152777777777778 0.14465408805031446 0.19801980198019803 0.19801980198019803 0.19801980198019803
X13012710 0.20320855614973263 0.27058823529411763 0.21138211382113822 0.19801980198019803 0.24489795918367346 0.19801980198019803 0.19801980198019803 0.19801980198019803 0.22935779816513763 0.19801980198019803 0.19801980198019803 0.19801980198019803 0.19801980198019803 0.19801980198019803 0.19801980198019803 0.19801980198019803 0.19801980198019803 0.19801980198019803 0.21875 0.19801980198019803
X12013410 0.19801980198019803 0.21142857142857144 0.19801980198019803 0.25 0.2 0.20103092783505155 0.24324324324324326 0.2403846153846154 0.20418848167539266 0.22 0.19745222929936307 0.20930232558139536 0.21052631578947367 0.19576719576719576 0.20103092783505155 0.20100502512562815 0.20418848167539266 0.19801980198019803 0.19879518072289157 0.20765027322404372
X12012610 0.2127659574468085 0.20909090909090908 0.20202020202020202 0.19801980198019803 0.1864406779661017 0.25 0.23076923076923078 0.19801980198019803 0.19786096256684493 0.21301775147928995 0.19801980198019803 0.23157894736842105 0.2 0.19801980198019803 0.23214285714285715 0.19801980198019803 0.19801980198019803 0.19801980198019803 0.21176470588235294 0.21359223300970873
X12013610 0.25333333333333335 0.19801980198019803 0.24 0.2 0.25675675675675674 0.2204724409448819 0.19801980198019803 0.2119205298013245 0.20689655172413793 0.22580645161290322 0.19801980198019803 0.19801980198019803 0.20833333333333334 0.19801980198019803 0.2097902097902098 0.14084507042253522 0.19791666666666666 0.2396694214876033 0.20212765957446807 0.24675324675324675
X13013310 0.19801980198019803 0.20125786163522014 0.21951219512195122 0.20689655172413793 0.2441860465116279 0.19796954314720813 0.19801980198019803 0.26582278481012656 0.19801980198019803 0.19801980198019803 0.19801980198019803 0.2153846153846154 0.20114942528735633 0.20967741935483872 0.2138364779874214 0.21428571428571427 0.23076923076923078 0.2011173184357542 0.2923076923076923 0.22988505747126436
X12013710 0.19801980198019803 0.3389830508474576 0.24 0.17699115044247787 0.22137404580152673 0.2537313432835821 0.20105820105820105 0.19801980198019803 0.22388059701492538 0.20555555555555555 0.19801980198019803 0.20833333333333334 0.1864406779661017 0.22142857142857142 0.20952380952380953 0.2553191489361702 0.19047619047619047 0.29333333333333333 0.1724137931034483 0.19801980198019803
X12013510 0.3148148148148148 0.1875 0.20454545454545456 0.19801980198019803 0.2463768115942029 0.19801980198019803 0.21641791044776118 0.1962025316455696 0.27631578947368424 0.2 0.21367521367521367 0.19801980198019803 0.2094240837696335 0.19801980198019803 0.18 0.19801980198019803 0.20320855614973263 0.21739130434782608 0.20202020202020202 0.2391304347826087
X11013511 0.24242424242424243 0.19801980198019803 0.19607843137254902 0.27692307692307694 0.18421052631578946 0.21428571428571427 0.25274725274725274 0.0 0.18781725888324874 0.32 0.195 0.25 0.19900497512437812 0.35 0.24107142857142858 0.19801980198019803 0.195 0.20634920634920634 0.21153846153846154 0.23636363636363636
X11013610 0.208 0.18333333333333332 0.19801980198019803 0.21428571428571427 0.20714285714285716 0.18309859154929578 0.16129032258064516 0.19708029197080293 0.22340425531914893 0.20714285714285716 0.20300751879699247 0.2158273381294964 0.21212121212121213 0.24242424242424243 0.2727272727272727 0.0 0.3125 0.2 0.21621621621621623 0.19424460431654678
X12012410 0.19801980198019803 0.19801980198019803 0.19801980198019803 0.20930232558139536 0.19801980198019803 0.18421052631578946 0.19801980198019803 0.18947368421052632 0.19402985074626866 0.19801980198019803 0.17094017094017094 0.19801980198019803 0.17543859649122806 0.2 0.19801980198019803 0.19801980198019803 0.19801980198019803 0.20105820105820105 0.19801980198019803 0.19801980198019803
X12012710 0.19801980198019803 0.203125 0.1956521739130435 0.19801980198019803 0.18857142857142858 0.19801980198019803 0.19801980198019803 0.19801980198019803 0.23595505617977527 0.19801980198019803 0.18548387096774194 0.19801980198019803 0.20238095238095238 0.21052631578947367 0.19801980198019803 0.19801980198019803 0.19801980198019803 0.19801980198019803 0.21511627906976744 0.19801980198019803
X12012510 0.2222222222222222 0.19801980198019803 0.21468926553672316 0.19801980198019803 0.19801980198019803 0.19900497512437812 0.19653179190751446 0.19801980198019803 0.19801980198019803 0.3333333333333333 0.19801980198019803 0.19801980198019803 0.19801980198019803 0.19801980198019803 0.19801980198019803 0.2236842105263158 0.2236842105263158 0.19801980198019803 0.19801980198019803 0.19801980198019803
X11012410 0.21621621621621623 0.18579234972677597 0.19696969696969696 0.21176470588235294 0.19801980198019803 0.19548872180451127 0.19672131147540983 0.175 0.19801980198019803 0.193717277486911 0.19205298013245034 0.19801980198019803 0.21686746987951808 0.2465753424657534 0.265625 0.23684210526315788 0.19801980198019803 0.15384615384615385 0.21008403361344538 0.19801980198019803
X11002311 1.0 0.0 0.3333333333333333 1.0 0.3673469387755102 0.0 0.0 0.16666666666666666 0.1951219512195122 1.0 0.0 0.25 0.0 1.0 1.0 0.25 0.3333333333333333 0.0 0.2857142857142857 0.26666666666666666
X11012310 0.19205298013245034 0.1956521739130435 0.3230769230769231 0.19801980198019803 0.19597989949748743 0.3548387096774194 0.225 0.21052631578947367 0.20526315789473684 0.0 0.19801980198019803 0.20540540540540542 0.19801980198019803 0.5 0.1958762886597938 0.21052631578947367 0.2246376811594203 0.20105820105820105 0.19696969696969696 0.2376237623762376
X11013310 0.19801980198019803 0.19801980198019803 0.27692307692307694 0.19760479041916168 0.20100502512562815 0.28169014084507044 0.24096385542168675 0.19285714285714287 0.37037037037037035 0.21804511278195488 0.19680851063829788 0.19708029197080293 0.18055555555555555 0.29508196721311475 0.21818181818181817 0.8571428571428571 0.17647058823529413 0.19387755102040816 0.2159090909090909 0.20121951219512196
X11012510 0.21818181818181817 0.21428571428571427 0.19801980198019803 0.18181818181818182 0.1891891891891892 0.1837837837837838 0.24050632911392406 0.19444444444444445 0.18947368421052632 0.19801980198019803 0.1925133689839572 0.19801980198019803 0.2037037037037037 0.22580645161290322 0.21100917431192662 0.2 0.21333333333333335 0.19895287958115182 0.19801980198019803 0.195
X11013510 0.1989795918367347 0.09090909090909091 0.19333333333333333 0.20103092783505155 0.19463087248322147 0.20320855614973263 0.20212765957446807 0.22935779816513763 0.23255813953488372 0.19786096256684493 0.19863013698630136 0.20207253886010362 0.1987179487179487 0.20108695652173914 0.21142857142857144 0.19900497512437812 0.19801980198019803 0.19900497512437812 0.20540540540540542 0.1694915254237288
X11013410 0.17857142857142858 0.2 0.19801980198019803 0.19801980198019803 0.2698412698412698 0.1891891891891892 0.19801980198019803 0.20987654320987653 0.2 0.20833333333333334 0.1827956989247312 0.19801980198019803 0.20218579234972678 0.2465753424657534 0.23255813953488372 0.22448979591836735 0.17532467532467533 0.17218543046357615 0.20161290322580644 0.19631901840490798
X11002310 1.0 0.2857142857142857 0.5 0.2839506172839506 0.18333333333333332 0.25 0.2755102040816326 0.3953488372093023 0.22641509433962265 0.5 0.18032786885245902 0.0 0.2916666666666667 0.22950819672131148 0.125 0.0 0.2987012987012987 1.0 1.0 0.40476190476190477
X11002301 0.0 0.0 0.23076923076923078 0.0 0.0 0.0 0.0 0.25 0.25 0.0 0.25 0.0 0.0 0.0 0.0 0.0 1.0 0.0 0.0 1.0
X13002310 0.24271844660194175 0.2638888888888889 0.34375 0.3225806451612903 0.45454545454545453 0.2711864406779661 0.24358974358974358 0.3064516129032258 0.3684210526315789 0.2571428571428571 0.22727272727272727 0.36585365853658536 0.22857142857142856 0.1891891891891892 0.2676056338028169 1.0 1.0 0.35 0.3333333333333333 0.0
