X13012310 1.0 0.45 1.0 1.0 1.0 1.0 1.0 1.0 1.0 1.0 0.9 1.0 0.95 0.925 1.0 1.0 1.0 1.0 1.0 1.0
X12013310 0.3 0.8 1.0 0.425 0.55 0.8 0.45 1.0 0.875 0.575 0.425 0.675 0.45 1.0 0.425 0.85 0.425 0.75 0.525 0.9
X13012410 0.95 1.0 1.0 0.7 1.0 1.0 1.0 1.0 1.0 0.5 1.0 0.925 1.0 0.375 1.0 0.575 1.0 0.65 0.775 1.0
X13013610 0.9 0.525 1.0 0.975 0.5 1.0 0.575 0.425 1.0 1.0 1.0 0.8 1.0 1.0 1.0 1.0 1.0 1.0 0.475 1.0
X12012310 0.675 1.0 1.0 0.45 1.0 0.7 1.0 0.875 0.9 1.0 1.0 0.925 0.575 0.825 0.825 1.0 1.0 0.475 0.775 1.0
X13013510 1.0 0.75 0.7 1.0 0.9 1.0 1.0 1.0 1.0 0.675 1.0 0.675 1.0 0.7 1.0 0.825 0.825 1.0 0.875 1.0
X11012610 0.475 1.0 0.725 0.925 1.0 0.9 0.45 1.0 0.575 0.875 0.85 1.0 0.3 0.6 1.0 0.775 0.575 1.0 1.0 1.0
X13012710 0.95 0.575 0.65 1.0 0.6 1.0 1.0 1.0 0.625 1.0 1.0 1.0 1.0 1.0 1.0 1.0 1.0 1.0 0.525 1.0
X12013410 1.0 0.925 1.0 0.525 0.925 0.975 0.45 0.625 0.975 0.825 0.775 0.675 0.9 0.925 0.975 1.0 0.975 1.0 0.825 0.95
X12012610 0.5 0.575 1.0 1.0 0.825 0.325 0.225 1.0 0.925 0.9 0.5 0.55 0.2 1.0 0.325 1.0 1.0 1.0 0.45 0.55
X12013610 0.475 1.0 0.6 1.0 0.475 0.7 1.0 0.8 0.45 0.525 1.0 1.0 0.375 1.0 0.75 0.25 0.475 0.725 0.95 0.475
X13013310 1.0 0.8 0.675 0.75 0.525 0.975 1.0 0.525 1.0 1.0 1.0 0.35 0.875 0.65 0.85 0.825 0.45 0.9 0.475 0.5
X12013710 1.0 0.5 0.45 0.5 0.725 0.425 0.95 1.0 0.375 0.925 1.0 0.75 0.825 0.775 0.55 0.3 0.3 0.55 0.625 1.0
X12013510 0.425 0.525 0.9 1.0 0.425 1.0 0.725 0.775 0.525 0.45 0.625 1.0 1.0 1.0 0.45 1.0 0.95 0.875 1.0 0.55
X11013511 0.2 1.0 0.5 0.45 0.175 0.525 0.575 0.0 0.925 0.4 0.975 0.125 1.0 0.175 0.675 1.0 0.975 0.975 0.55 0.325
X11013610 0.65 0.55 1.0 0.9 0.725 0.65 0.125 0.675 0.525 0.725 0.675 0.75 0.525 0.6 0.525 0.0 0.5 0.5 0.4 0.675
X12012410 1.0 1.0 1.0 0.9 1.0 0.525 1.0 0.9 0.975 1.0 0.5 1.0 0.75 1.0 1.0 1.0 1.0 0.95 1.0 1.0
X12012710 1.0 0.975 0.675 1.0 0.825 1.0 1.0 1.0 0.525 1.0 0.575 1.0 0.85 0.3 1.0 1.0 1.0 1.0 0.925 1.0
X12012510 0.55 1.0 0.95 1.0 1.0 1.0 0.85 1.0 1.0 0.2 1.0 1.0 1.0 1.0 1.0 0.85 0.425 1.0 1.0 1.0
X11012410 0.6 0.85 0.975 0.9 1.0 0.65 0.9 0.7 1.0 0.925 0.725 1.0 0.45 0.45 0.425 0.45 1.0 0.1 0.625 1.0
X11002311 0.025 0.0 0.025 0.025 0.45 0.0 0.0 0.025 0.4 0.025 0.0 0.025 0.0 0.025 0.025 0.025 0.025 0.0 0.05 0.1
X11012310 0.725 0.9 0.525 1.0 0.975 0.275 0.675 0.7 0.975 0.0 1.0 0.95 1.0 0.2 0.95 0.7 0.775 0.95 0.325 0.6
X11013310 1.0 1.0 0.45 0.825 1.0 0.5 0.5 0.675 0.25 0.725 0.925 0.675 0.65 0.45 0.9 0.15 0.75 0.95 0.475 0.825
X11012510 0.3 0.3 1.0 0.85 0.875 0.85 0.475 0.875 0.9 1.0 0.9 1.0 0.55 0.175 0.575 0.3 0.4 0.95 1.0 0.975
X11013510 0.975 0.05 0.725 0.975 0.725 0.95 0.95 0.625 0.5 0.925 0.725 0.975 0.775 0.925 0.925 1.0 1.0 1.0 0.95 0.5
X11013410 0.75 0.825 1.0 1.0 0.425 0.875 1.0 0.85 0.825 0.375 0.85 1.0 0.925 0.45 0.5 0.825 0.675 0.65 0.625 0.8
X11002310 0.025 0.3 0.025 0.575 0.275 0.4 0.675 0.425 0.3 0.025 0.275 0.0 0.35 0.35 0.025 0.0 0.575 0.025 0.025 0.425
X11002301 0.0 0.0 0.075 0.0 0.0 0.0 0.0 0.025 0.025 0.0 0.05 0.0 0.0 0.0 0.0 0.0 0.025 0.0 0.0 0.025
X13002310 0.625 0.475 0.275 0.25 0.25 0.4 0.475 0.475 0.175 0.45 0.25 0.375 0.2 0.175 0.475 0.025 0.025 0.35 0.275 0.0
