X13012310 1.5648856163024902 1.7277414798736572 1.8215312957763672 1.8832931518554688 2.1088662147521973 2.08329176902771 2.1496775150299072 2.2590649127960205 2.350870132446289 2.448000192642212 2.6069087982177734 2.591871976852417 2.7322776317596436 2.8852946758270264 2.9799206256866455 3.106400966644287 3.28178334236145 3.314274549484253 3.4510273933410645 3.4665563106536865
X12013310 3.7528328895568848 3.9572436809539795 4.050570011138916 3.894899845123291 3.930622100830078 4.069862604141235 4.178696632385254 4.226086139678955 4.3763580322265625 4.365522861480713 4.505268335342407 4.570788383483887 4.655066013336182 4.755927085876465 5.095714330673218 4.946806192398071 5.111890077590942 5.142333269119263 5.235012054443359 5.262491941452026
X13012410 5.726877450942993 5.881113529205322 6.3766984939575195 6.101274251937866 6.162855625152588 6.275832414627075 6.735144376754761 6.569197654724121 6.600751638412476 6.72948145866394 6.824543237686157 6.942109107971191 7.071418523788452 7.199746131896973 7.254089593887329 7.406228542327881 7.54560399055481 7.595163106918335 7.723325490951538 7.862601041793823
X13013610 8.416594743728638 8.137990713119507 8.33504867553711 8.414612054824829 8.481898307800293 8.555234432220459 8.655876159667969 8.804635286331177 8.927952766418457 9.068492650985718 9.193850040435791 9.779434204101562 9.37311315536499 9.592062711715698 9.700189590454102 9.900165557861328 9.809035539627075 9.952014684677124 10.173337697982788 10.235844373703003
X12012310 10.255025625228882 10.43243408203125 10.436865091323853 11.011624097824097 10.71144437789917 10.777908563613892 10.897202491760254 11.009827852249146 11.119514226913452 11.175582885742188 11.231284618377686 11.334041357040405 11.807151556015015 11.56179690361023 11.532217502593994 11.745450973510742 11.754660844802856 11.881547451019287 11.972112655639648 12.104402542114258
X13013510 12.469809770584106 12.530516624450684 13.238213062286377 12.904995441436768 12.865038394927979 13.00101923942566 13.64698576927185 13.222033977508545 13.504100799560547 13.499507904052734 13.695871353149414 13.780664443969727 13.836925745010376 13.862884044647217 13.999904155731201 14.096874713897705 14.080145120620728 14.262554168701172 14.497130632400513 14.340123891830444
X11012610 14.177505016326904 14.263992309570312 14.29633617401123 14.539381504058838 14.503497123718262 14.717423915863037 14.791531085968018 14.72917127609253 14.914092540740967 15.152230501174927 14.982692003250122 15.109482288360596 15.315666198730469 15.141073942184448 15.208111763000488 15.874333381652832 15.388062953948975 15.415289878845215 15.599411964416504 15.612751960754395
X13012710 16.241708755493164 16.280694723129272 16.647494554519653 16.500041723251343 16.671987533569336 16.765025854110718 16.899747848510742 17.026840448379517 17.901041269302368 17.456591844558716 17.518981218338013 17.726097345352173 17.763662099838257 18.027153968811035 17.977004766464233 18.119179010391235 18.205775260925293 18.246529579162598 18.400740146636963 18.675976276397705
X12013410 18.80303978919983 18.958635807037354 18.86800456047058 18.976861476898193 19.986120462417603 18.93413209915161 19.163779735565186 19.370519161224365 19.410447120666504 19.578057527542114 19.637364864349365 19.81729531288147 20.06292223930359 21.214444160461426 20.384932279586792 20.39302372932434 21.046960830688477 21.042030572891235 20.3292555809021 20.92607808113098
X12012610 21.17832326889038 21.165550470352173 21.276347398757935 21.125414609909058 21.632306814193726 21.36555814743042 21.419490575790405 21.444382905960083 21.660706996917725 21.800904989242554 21.669512271881104 21.79053044319153 22.004051208496094 22.004496812820435 22.214126110076904 22.14808225631714 22.262112140655518 22.274779796600342 22.47694683074951 22.498301029205322
X12013610 22.57660150527954 22.816059350967407 22.98169469833374 23.127424001693726 24.348010301589966 23.26578712463379 23.31166934967041 23.529603481292725 23.815720081329346 23.271586656570435 23.43002939224243 23.43401265144348 23.690402030944824 23.72448992729187 24.085320949554443 24.264009714126587 24.187902688980103 24.02179503440857 24.29992961883545 24.70048427581787
X13013310 25.14433455467224 25.995071411132812 25.261453866958618 25.969255685806274 26.47383141517639 25.950051069259644 26.002601861953735 26.1110360622406 26.28552532196045 26.37709403038025 26.615910291671753 26.63595175743103 26.806868076324463 28.197553157806396 28.57879066467285 28.54873013496399 28.620919942855835 29.03520107269287 28.41031789779663 28.496073722839355
X12013710 30.185121297836304 28.56949257850647 28.790911197662354 28.91331386566162 29.35012173652649 29.281057119369507 29.531461000442505 29.454335689544678 30.29907202720642 29.822831630706787 29.09585690498352 29.885914087295532 29.627992391586304 29.962555408477783 30.13054656982422 30.979450225830078 31.109304666519165 31.096524238586426 31.20284628868103 31.195104837417603
X12013510 31.956685781478882 30.872978925704956 30.83158278465271 31.55397868156433 31.202094554901123 31.557202100753784 31.60935139656067 31.420066118240356 31.280636310577393 31.87199091911316 32.98612904548645 32.39319944381714 32.46929478645325 32.670693159103394 32.72153115272522 32.44501781463623 32.7693657875061 33.86421227455139 33.674885988235474 33.170589447021484
X11013511 33.125465393066406 33.00327515602112 33.18960499763489 33.32957077026367 33.4914755821228 34.11032462120056 33.16801857948303 33.56951427459717 33.601741552352905 34.25394797325134 33.94756627082825 34.099876403808594 34.344239711761475 35.022772550582886 34.36310362815857 35.074896812438965 35.63969802856445 35.392995834350586 35.116634368896484 35.51899194717407
X11013610 35.292993783950806 34.340728521347046 35.30482745170593 35.76355719566345 34.89767122268677 36.008594274520874 36.07019805908203 36.24626016616821 36.65054631233215 36.5817768573761 36.79023098945618 36.40412902832031 36.903772830963135 36.918846130371094 36.90236830711365 37.09532618522644 37.70066499710083 37.10825824737549 37.123738527297974 37.87668418884277
X12012410 38.140353202819824 38.185115337371826 38.27096891403198 39.15815281867981 38.591994285583496 38.70880055427551 38.39510893821716 38.52520775794983 38.690447092056274 38.86811852455139 38.651665449142456 38.97316861152649 38.60713982582092 39.140079736709595 39.22982358932495 39.361809968948364 40.20548987388611 39.35213899612427 39.75260257720947 40.05950880050659
X12012710 40.53259062767029 40.706706047058105 40.68921113014221 40.27803826332092 40.83104753494263 40.40083622932434 41.19584321975708 43.833890199661255 41.23463296890259 38.873114347457886 39.40376615524292 39.24791169166565 39.198206186294556 41.13473439216614 39.41386675834656 39.47402739524841 39.371702909469604 40.256319999694824 39.94264245033264 40.33800983428955
X12012510 39.81951665878296 41.527302742004395 41.391197204589844 41.80650472640991 42.232919692993164 41.95430064201355 41.328704595565796 41.930848360061646 42.11274456977844 42.1779146194458 42.87048840522766 42.39875292778015 41.62884521484375 43.1091103553772 42.736132860183716 43.57742786407471 43.98212385177612 42.50214219093323 43.04529881477356 43.461039304733276
X11012410 43.206971168518066 42.84515738487244 42.608123540878296 43.32562303543091 42.74565649032593 42.74143195152283 43.45847177505493 45.097291707992554 44.26016354560852 44.72565245628357 45.00796985626221 44.66311192512512 43.81786370277405 43.16053032875061 43.04140758514404 42.79984760284424 42.76740837097168 44.37099623680115 42.80895757675171 43.232234477996826
X11002311 43.1983847618103 43.596187114715576 44.74751663208008 45.62216925621033 44.90885281562805 43.90974807739258 44.34708070755005 44.08775758743286 45.064056158065796 45.20667052268982 44.53957438468933 45.04559516906738 45.28035640716553 45.16306734085083 45.24400591850281 45.378509759902954 45.19875931739807 44.981820583343506 45.19261932373047 46.88237166404724
X11012310 46.332292318344116 45.403544902801514 45.55325627326965 45.300963163375854 47.868948459625244 46.745948791503906 45.175676107406616 45.75515675544739 46.43231821060181 46.898844957351685 45.99796462059021 45.499351024627686 45.7852520942688 46.61744236946106 47.205546140670776 46.98601770401001 46.81354904174805 47.6830677986145 47.60183262825012 48.310343503952026
X11013310 47.07470726966858 46.64948916435242 46.392749309539795 48.81230449676514 47.69509744644165 47.37501358985901 47.521605014801025 47.192588329315186 48.71347975730896 47.34759259223938 47.350059509277344 48.18591284751892 47.217753887176514 47.90109872817993 48.82000780105591 48.20273041725159 47.52473783493042 48.87471008300781 49.7083215713501 49.1811957359314
X11012510 48.78956460952759 48.988349199295044 50.70512080192566 49.52926301956177 49.94628620147705 50.73616695404053 50.74752235412598 50.33351254463196 50.85072588920593 50.404903411865234 50.229461908340454 51.068347215652466 50.41418719291687 50.788591384887695 50.53870463371277 50.656405448913574 51.400025844573975 50.816051959991455 50.848649978637695 50.97706365585327
X11013510 49.17238688468933 49.27175831794739 49.125003814697266 50.38192677497864 50.94842267036438 49.44123029708862 50.9650764465332 52.03138828277588 51.560322761535645 51.375038146972656 52.90597152709961 50.92023324966431 51.90070199966431 50.92604351043701 51.24744415283203 51.81393647193909 51.2640163898468 52.281317710876465 52.60925221443176 51.228832483291626
X11013410 52.70859670639038 51.56532382965088 51.688825368881226 54.37315392494202 51.348313331604004 53.40141844749451 52.81370186805725 54.069652795791626 54.154202461242676 53.43739128112793 53.54813814163208 53.55440926551819 54.540194034576416 55.12530183792114 54.087910890579224 53.28447651863098 54.22491407394409 54.264644384384155 53.0504515171051 54.39131689071655
X11002310 1.762037754058838 1.0760724544525146 1.1607961654663086 1.175285816192627 1.2822234630584717 1.5157732963562012 1.4398250579833984 1.4998438358306885 1.5613787174224854 1.702150583267212 1.6669626235961914 1.7733595371246338 1.745633840560913 1.8970308303833008 1.8895063400268555 2.0283381938934326 2.0563783645629883 2.1373682022094727 2.4387471675872803 2.292140007019043
X11002301 2.1241259574890137 2.265683174133301 2.2779784202575684 2.3867111206054688 2.4885125160217285 2.5947487354278564 2.695444107055664 2.732905387878418 2.736163854598999 2.846050262451172 2.9111275672912598 2.973601818084717 3.0306897163391113 3.354370355606079 3.1914706230163574 3.269124984741211 3.3129143714904785 3.437490701675415 3.5059289932250977 3.660367012023926
X13002310 4.126122236251831 4.24139404296875 4.3878233432769775 4.388810157775879 4.539701461791992 4.601857662200928 4.82281231880188 4.890543460845947 5.278915643692017 5.188591003417969 5.188326120376587 5.360341787338257 5.453470230102539 5.579240322113037 5.613908052444458 5.696105241775513 5.744041681289673 5.944308280944824 6.056393146514893 6.18909764289856
