   1  X11002301 (*---                     |                        ), 0.000,  0.000,  0.000,  0.045,  0.083
   1  X11002311 (  *----------            |                        ), 0.000,  0.043,  0.047,  0.049,  0.262
   2  X11002310 (  ----------*-------     |                        ), 0.042,  0.049,  0.258,  0.318,  0.410
   3  X11012510 (              -*         |                        ), 0.250,  0.300,  0.313,  0.325,  0.331
   4  X11013610 (               *-        |                        ), 0.275,  0.302,  0.313,  0.331,  0.359
   4  X11012410 (               -*        |                        ), 0.293,  0.310,  0.320,  0.331,  0.331
   4  X11013410 (               -*        |                        ), 0.278,  0.311,  0.322,  0.331,  0.337
   4  X13002310 (           -----*-       |                        ), 0.049,  0.238,  0.322,  0.339,  0.370
   4  X12013310 (               -*        |                        ), 0.286,  0.305,  0.324,  0.331,  0.343
   4  X11013310 (               -*        |                        ), 0.286,  0.305,  0.325,  0.335,  0.356
   4  X11013511 (              --*        |                        ), 0.179,  0.282,  0.325,  0.332,  0.355
   4  X12012610 (              --*        |                        ), 0.271,  0.299,  0.326,  0.331,  0.336
   5  X13012310 (                *        |                        ), 0.322,  0.331,  0.331,  0.331,  0.335
   5  X13012410 (                *        |                        ), 0.309,  0.322,  0.331,  0.331,  0.331
   5  X13013610 (                *        |                        ), 0.309,  0.331,  0.331,  0.331,  0.355
   5  X12012310 (                *        |                        ), 0.304,  0.331,  0.331,  0.333,  0.352
   5  X13013510 (               -*        |                        ), 0.301,  0.320,  0.331,  0.331,  0.331
   5  X11012610 (               -*        |                        ), 0.226,  0.316,  0.331,  0.331,  0.341
   5  X13012710 (                *        |                        ), 0.331,  0.331,  0.331,  0.331,  0.348
   5  X12013610 (                *        |                        ), 0.279,  0.328,  0.331,  0.333,  0.343
   5  X13013310 (                *        |                        ), 0.315,  0.327,  0.331,  0.331,  0.353
   5  X12013710 (               -*--      |                        ), 0.270,  0.304,  0.331,  0.332,  0.383
   5  X12013510 (                *-       |                        ), 0.277,  0.331,  0.331,  0.335,  0.362
   5  X12012410 (                *        |                        ), 0.284,  0.331,  0.331,  0.331,  0.333
   5  X12012710 (                *        |                        ), 0.303,  0.331,  0.331,  0.331,  0.336
   5  X12012510 (                *        |                        ), 0.317,  0.331,  0.331,  0.331,  0.350
   5  X11012310 (                *        |                        ), 0.286,  0.324,  0.331,  0.338,  0.348
   5  X11013510 (               -*        |                        ), 0.305,  0.317,  0.331,  0.333,  0.338
   6  X12013410 (                *        |                        ), 0.320,  0.331,  0.333,  0.339,  0.347
