X11002301 0.013513513513513514 0.013793103448275862 0.039999999999999994 0.6833855799373041 0.7058823529411764 0.19393939393939394 0.6932515337423312 0.039999999999999994 0.7138461538461539 0.04081632653061225 0.6796116504854369 0.6911314984709479 0.0 0.608695652173913 0.06622516556291391 0.6898550724637681 0.718562874251497 0.7190332326283988 0.0 0.6171003717472118
X11013410 0.5878136200716846 0.6163934426229509 0.5376344086021506 0.5606694560669457 0.5473684210526316 0.7352185089974292 0.5693430656934306 0.5921052631578947 0.48535564853556484 0.31693989071038253 0.05333333333333333 0.7331378299120235 0.7135416666666666 0.7127071823204421 0.435483870967742 0.6749999999999999 0.5767790262172283 0.6480836236933798 0.5509433962264151 0.4642857142857143
X11002310 0.6353790613718412 0.5758754863813228 0.5354330708661417 0.5737704918032787 0.5887096774193548 0.5469387755102041 0.6713780918727916 0.5809128630705395 0.5737051792828685 0.5795918367346938 0.5976095617529881 0.6135458167330677 0.5991902834008096 0.559670781893004 0.6405693950177936 0.5849802371541503 0.5609756097560975 0.6171003717472118 0.5772357723577236 0.6488549618320612
X12013610 0.06535947712418301 0.5736434108527132 0.6621160409556313 0.3584905660377359 0.38135593220338987 0.46399999999999997 0.7041420118343195 0.7309941520467835 0.49107142857142855 0.5360824742268041 0.6239067055393586 0.6468646864686468 0.5925925925925926 0.6326530612244898 0.6863270777479892 0.6808510638297873 0.4608695652173913 0.1839080459770115 0.3891402714932127 0.6890243902439025
X11002310 0.5542168674698795 0.6159695817490495 0.6171003717472118 0.5843621399176955 0.5702479338842975 0.623574144486692 0.5321888412017167 0.6513409961685824 0.6016260162601625 0.5877551020408163 0.5726141078838175 0.5901639344262295 0.5316455696202531 0.6303501945525292 0.6311787072243346 0.5849802371541503 0.5677966101694916 0.5748031496062992 0.5991902834008096 0.6287878787878788
X11012310 0.013245033112582781 0.4038461538461538 0.026845637583892617 0.37254901960784315 0.5343511450381679 0.4642857142857143 0.40625 0.6794520547945205 0.38775510204081626 0.5970149253731343 0.5021645021645021 0.7150837988826816 0.5806451612903226 0.6685878962536023 0.49180327868852464 0.34517766497461927 0.4426877470355732 0.6980609418282548 0.58125 0.3582089552238806
X11012610 0.3548387096774194 0.5630252100840336 0.47706422018348627 0.625 0.32850241545893716 0.19161676646706585 0.4112149532710281 0.4583333333333333 0.49789029535864976 0.559322033898305 0.47148288973384034 0.49799196787148603 0.48360655737704916 0.5772357723577236 0.23728813559322035 0.5289256198347106 0.24096385542168675 0.6246056782334385 0.6862745098039215 0.5367647058823529
X12013410 0.5691699604743083 0.4291845493562232 0.7009063444108762 0.5703125 0.6267605633802816 0.5806451612903226 0.495575221238938 0.5887096774193548 0.6687898089171975 0.5714285714285715 0.6739130434782609 0.5609756097560975 0.5038167938931297 0.3240223463687151 0.502092050209205 0.49027237354085607 0.6963788300835655 0.49593495934959353 0.08433734939759037 0.35514018691588783
X11013310 0.6007067137809187 0.627450980392157 0.2198952879581152 0.5757575757575758 0.423963133640553 0.24 0.33507853403141363 0.592057761732852 0.4423963133640553 0.5581395348837209 0.5399239543726236 0.587360594795539 0.5387453874538745 0.5945945945945946 0.39999999999999997 0.4578313253012048 0.37272727272727274 0.411764705882353 0.6752411575562701 0.5966101694915255
X12012310 0.6582278481012659 0.5714285714285714 0.6285714285714286 0.29885057471264365 0.7155425219941349 0.6137931034482759 0.6759002770083102 0.5344827586206896 0.5748031496062992 0.6418918918918919 0.7365728900255754 0.5134099616858236 0.0 0.582089552238806 0.0 0.14457831325301204 0.5506072874493927 0.6119402985074627 0.6516129032258065 0.3232323232323232
X13002310 0.6183206106870229 0.6037735849056604 0.6423357664233577 0.6274509803921569 0.5806451612903226 0.5579399141630901 0.6917808219178082 0.5677966101694916 0.6090225563909774 0.5952380952380953 0.6332046332046332 0.5846153846153845 0.6209677419354839 0.56 0.6343283582089553 0.6037735849056604 0.5891472868217055 0.5952380952380953 0.559670781893004 0.6250000000000001
