X11002301 0.25 1.0 0.5 0.6228571428571429 0.6368715083798883 0.7619047619047619 0.6208791208791209 0.5 0.6408839779005525 1.0 0.6363636363636364 0.6174863387978142 0.0 0.5870967741935483 0.7142857142857143 0.5920398009950248 0.631578947368421 0.6363636363636364 0.0 0.664
X11013410 0.6074074074074074 0.5838509316770186 0.5555555555555556 0.7052631578947368 0.5531914893617021 0.5836734693877551 0.6 0.5625 0.6105263157894737 0.7435897435897436 0.6666666666666666 0.6345177664974619 0.5708333333333333 0.591743119266055 0.5192307692307693 0.6136363636363636 0.6260162601626016 0.6503496503496503 0.6033057851239669 0.65
X11002310 0.6616541353383458 0.6548672566371682 0.6181818181818182 0.7 0.7019230769230769 0.6633663366336634 0.6834532374100719 0.7216494845360825 0.6728971962616822 0.7029702970297029 0.7009345794392523 0.719626168224299 0.7184466019417476 0.6868686868686869 0.656934306569343 0.6788990825688074 0.6764705882352942 0.664 0.696078431372549 0.7203389830508474
X12013610 0.5555555555555556 0.6491228070175439 0.6510067114093959 0.5588235294117647 0.4891304347826087 0.5471698113207547 0.6134020618556701 0.6313131313131313 0.6875 0.5306122448979592 0.5376884422110553 0.6163522012578616 0.5333333333333333 0.62 0.5589519650655022 0.6054054054054054 0.6162790697674418 0.5333333333333333 0.5584415584415584 0.6141304347826086
X11002310 0.6571428571428571 0.680672268907563 0.664 0.7171717171717171 0.7040816326530612 0.6890756302521008 0.6966292134831461 0.7264957264957265 0.7254901960784313 0.7128712871287128 0.711340206185567 0.72 0.6774193548387096 0.7168141592920354 0.6974789915966386 0.6788990825688074 0.7282608695652174 0.6636363636363637 0.7184466019417476 0.6916666666666667
X11012310 0.14285714285714285 0.65625 0.4 0.6333333333333333 0.5932203389830508 0.65 0.8125 0.5610859728506787 0.7307692307692307 0.6451612903225806 0.6666666666666666 0.5981308411214953 0.6923076923076923 0.5714285714285714 0.6 0.6415094339622641 0.5137614678899083 0.5806451612903226 0.5284090909090909 0.631578947368421
X11012610 0.7857142857142857 0.7127659574468085 0.7027027027027027 0.625 0.5396825396825397 0.6956521739130435 0.6285714285714286 0.5729166666666666 0.6344086021505376 0.717391304347826 0.5210084033613446 0.5904761904761905 0.59 0.696078431372549 0.6363636363636364 0.6530612244897959 0.9090909090909091 0.5722543352601156 0.6481481481481481 0.5703125
X12013410 0.6605504587155964 0.5617977528089888 0.6203208556149733 0.6517857142857143 0.6357142857142857 0.6923076923076923 0.6829268292682927 0.7019230769230769 0.6176470588235294 0.6666666666666666 0.5535714285714286 0.6764705882352942 0.559322033898305 0.8285714285714286 0.631578947368421 0.5575221238938053 0.5813953488372093 0.5980392156862745 0.3181818181818182 0.5428571428571428
X11013310 0.6115107913669064 0.5925925925925926 0.44680851063829785 0.6333333333333333 0.6301369863013698 0.6774193548387096 0.6808510638297872 0.6165413533834586 0.6575342465753424 0.631578947368421 0.5966386554621849 0.632 0.5748031496062992 0.5789473684210527 0.5348837209302325 0.5428571428571428 0.5394736842105263 0.5212765957446809 0.6287425149700598 0.5827814569536424
X12012310 0.6046511627906976 0.6434782608695652 0.5789473684210527 0.8666666666666667 0.6192893401015228 0.6095890410958904 0.5622119815668203 0.7045454545454546 0.6636363636363637 0.625 0.582995951417004 0.5726495726495726 0.0 0.6290322580645161 0.0 0.5454545454545454 0.6601941747572816 0.6612903225806451 0.608433734939759 0.5925925925925926
X13002310 0.6864406779661016 0.6611570247933884 0.676923076923077 0.7207207207207207 0.6923076923076923 0.7303370786516854 0.6824324324324325 0.7282608695652174 0.6639344262295082 0.6944444444444444 0.7130434782608696 0.6551724137931034 0.7403846153846154 0.660377358490566 0.6854838709677419 0.6611570247933884 0.6666666666666666 0.6944444444444444 0.6868686868686869 0.6640625
