X11002301 0.006944444444444444 0.006944444444444444 0.020833333333333332 0.7569444444444444 0.7916666666666666 0.1111111111111111 0.7847222222222222 0.020833333333333332 0.8055555555555556 0.020833333333333332 0.7291666666666666 0.7847222222222222 0.0 0.6319444444444444 0.034722222222222224 0.8263888888888888 0.8333333333333334 0.8263888888888888 0.0 0.5763888888888888
X11013410 0.5694444444444444 0.6527777777777778 0.5208333333333334 0.4652777777777778 0.5416666666666666 0.9930555555555556 0.5416666666666666 0.625 0.4027777777777778 0.2013888888888889 0.027777777777777776 0.8680555555555556 0.9513888888888888 0.8958333333333334 0.375 0.75 0.5347222222222222 0.6458333333333334 0.5069444444444444 0.3611111111111111
X11002310 0.6111111111111112 0.5138888888888888 0.4722222222222222 0.4861111111111111 0.5069444444444444 0.4652777777777778 0.6597222222222222 0.4861111111111111 0.5 0.4930555555555556 0.5208333333333334 0.5347222222222222 0.5138888888888888 0.4722222222222222 0.625 0.5138888888888888 0.4791666666666667 0.5763888888888888 0.4930555555555556 0.5902777777777778
X12013610 0.034722222222222224 0.5138888888888888 0.6736111111111112 0.2638888888888889 0.3125 0.4027777777777778 0.8263888888888888 0.8680555555555556 0.3819444444444444 0.5416666666666666 0.7430555555555556 0.6805555555555556 0.6666666666666666 0.6458333333333334 0.8888888888888888 0.7777777777777778 0.3680555555555556 0.1111111111111111 0.2986111111111111 0.7847222222222222
X11002310 0.4791666666666667 0.5625 0.5763888888888888 0.4930555555555556 0.4791666666666667 0.5694444444444444 0.4305555555555556 0.5902777777777778 0.5138888888888888 0.5 0.4791666666666667 0.5 0.4375 0.5625 0.5763888888888888 0.5138888888888888 0.4652777777777778 0.5069444444444444 0.5138888888888888 0.5763888888888888
X11012310 0.006944444444444444 0.2916666666666667 0.013888888888888888 0.2638888888888889 0.4861111111111111 0.3611111111111111 0.2708333333333333 0.8611111111111112 0.2638888888888889 0.5555555555555556 0.4027777777777778 0.8888888888888888 0.5 0.8055555555555556 0.4166666666666667 0.2361111111111111 0.3888888888888889 0.875 0.6458333333333334 0.25
X11012610 0.22916666666666666 0.4652777777777778 0.3611111111111111 0.625 0.2361111111111111 0.1111111111111111 0.3055555555555556 0.3819444444444444 0.4097222222222222 0.4583333333333333 0.4305555555555556 0.4305555555555556 0.4097222222222222 0.4930555555555556 0.14583333333333334 0.4444444444444444 0.1388888888888889 0.6875 0.7291666666666666 0.5069444444444444
X12013410 0.5 0.3472222222222222 0.8055555555555556 0.5069444444444444 0.6180555555555556 0.5 0.3888888888888889 0.5069444444444444 0.7291666666666666 0.5 0.8611111111111112 0.4791666666666667 0.4583333333333333 0.2013888888888889 0.4166666666666667 0.4375 0.8680555555555556 0.4236111111111111 0.04861111111111111 0.2638888888888889
X11013310 0.5902777777777778 0.6666666666666666 0.14583333333333334 0.5277777777777778 0.3194444444444444 0.14583333333333334 0.2222222222222222 0.5694444444444444 0.3333333333333333 0.5 0.4930555555555556 0.5486111111111112 0.5069444444444444 0.6111111111111112 0.3194444444444444 0.3958333333333333 0.2847222222222222 0.3402777777777778 0.7291666666666666 0.6111111111111112
X12012310 0.7222222222222222 0.5138888888888888 0.6875 0.18055555555555555 0.8472222222222222 0.6180555555555556 0.8472222222222222 0.4305555555555556 0.5069444444444444 0.6597222222222222 1.0 0.4652777777777778 0.0 0.5416666666666666 0.0 0.08333333333333333 0.4722222222222222 0.5694444444444444 0.7013888888888888 0.2222222222222222
X13002310 0.5625 0.5555555555555556 0.6111111111111112 0.5555555555555556 0.5 0.4513888888888889 0.7013888888888888 0.4652777777777778 0.5625 0.5208333333333334 0.5694444444444444 0.5277777777777778 0.5347222222222222 0.4861111111111111 0.5902777777777778 0.5555555555555556 0.5277777777777778 0.5208333333333334 0.4722222222222222 0.5902777777777778
