X11002301 16.514015436172485 16.560136079788208 16.632771730422974 16.75683617591858 16.783386707305908 16.75276231765747 16.954312086105347 16.894716024398804 16.96032476425171 17.037323474884033 17.138590335845947 17.268006563186646 17.21964383125305 17.246193647384644 17.371556997299194 17.33085870742798 17.43583655357361 17.511059284210205 17.56478238105774 17.611725568771362
X11013410 17.614657878875732 17.61876916885376 17.71184992790222 17.88375997543335 17.801454544067383 17.910732746124268 17.986238479614258 17.993828296661377 18.120771884918213 18.983084201812744 18.35665273666382 18.45955753326416 18.35646343231201 18.520846366882324 18.532101154327393 18.53259778022766 18.70845675468445 18.676709413528442 18.717656135559082 18.869856119155884
X11002310 18.78932809829712 18.89757752418518 18.970733880996704 18.974843502044678 18.97668957710266 19.123841285705566 19.14425563812256 19.22229027748108 19.374591588974 19.38708806037903 19.330583095550537 19.563699960708618 19.62600088119507 20.270598888397217 20.255542039871216 19.95734715461731 19.81434154510498 19.943840503692627 20.034712076187134 20.02256679534912
X12013610 20.229469776153564 20.550370931625366 20.534465789794922 20.664461612701416 20.670992136001587 20.99959683418274 20.956254243850708 21.801543951034546 21.18599820137024 21.23802947998047 21.18162989616394 21.1541109085083 21.08830237388611 21.191882133483887 21.269119024276733 21.331483840942383 21.404491424560547 21.581183195114136 21.661245107650757 21.75645112991333
X11002310 21.719722270965576 21.89476776123047 22.025383472442627 21.985035181045532 22.12926483154297 22.34199595451355 22.372026920318604 22.406116485595703 22.501587629318237 22.638216972351074 22.70395517349243 22.728611707687378 22.663321495056152 22.950038194656372 22.9412100315094 22.89727783203125 23.148582696914673 23.13570523262024 23.277504682540894 23.25926685333252
X11012310 23.553252458572388 24.204030513763428 23.61215901374817 23.72235941886902 23.699896574020386 23.71749258041382 23.85074520111084 24.043370723724365 24.02400231361389 24.023897171020508 24.225457668304443 24.195508003234863 24.36629819869995 24.304278135299683 24.45633339881897 24.506313800811768 24.601685285568237 24.85027241706848 24.824764728546143 25.180875778198242
X11012610 25.152998447418213 25.045783042907715 25.139759302139282 25.207313776016235 25.23285746574402 25.359506130218506 25.147154569625854 25.5613009929657 25.43902277946472 25.572005033493042 25.686364889144897 25.85480260848999 25.891420602798462 25.960150957107544 25.933027982711792 26.0608868598938 26.236527681350708 26.20804762840271 26.2088623046875 26.40924334526062
X12013410 26.784758806228638 26.64701271057129 26.90070915222168 26.885143280029297 26.983099222183228 27.0341956615448 27.1161048412323 27.36333656311035 27.102174758911133 27.302062034606934 27.197129249572754 27.542593717575073 27.653939962387085 27.60806131362915 27.763795375823975 27.910587310791016 28.111345767974854 28.09846019744873 28.20517063140869 28.2852725982666
X11013310 28.123658657073975 28.268611669540405 28.26822519302368 28.428442239761353 28.40475559234619 28.650309085845947 28.760950565338135 28.91831350326538 28.921188831329346 29.084503889083862 28.99973177909851 29.057324647903442 28.95852303504944 29.206302404403687 29.119030952453613 29.33645272254944 29.176214933395386 29.390515089035034 29.539459705352783 29.243794441223145
X12012310 30.60872769355774 30.861003875732422 31.558379411697388 31.654759645462036 32.64304876327515 31.662802934646606 31.673370599746704 32.1087384223938 31.938947677612305 31.177801370620728 30.97188949584961 31.70455265045166 31.567317724227905 31.688753366470337 31.841325759887695 31.483705043792725 31.879496097564697 32.138184547424316 32.01394772529602 31.915461540222168
X13002310 32.060582876205444 32.081323862075806 32.49497127532959 32.53427791595459 32.321869134902954 32.627076148986816 32.47177815437317 32.585856437683105 32.69727897644043 32.907968044281006 32.89320635795593 33.116681814193726 33.31587839126587 33.24797964096069 33.540448904037476 33.742937326431274 33.8464093208313 33.63798451423645 33.58100247383118 33.49751424789429
