X01002300 0.2608695652173913 0.2608695652173913 0.2608695652173913 0.2608695652173913 0.2608695652173913 0.2608695652173913 0.2608695652173913 0.2608695652173913 0.2608695652173913 0.2608695652173913 0.2608695652173913 0.2608695652173913 0.2608695652173913 0.2608695652173913 0.2608695652173913 0.2608695652173913 0.2608695652173913 0.2608695652173913 0.2608695652173913 0.2608695652173913
X01002310 0.2535211267605634 0.2535211267605634 0.2535211267605634 0.2535211267605634 0.2535211267605634 0.2535211267605634 0.2535211267605634 0.2535211267605634 0.2535211267605634 0.2535211267605634 0.2535211267605634 0.2535211267605634 0.2535211267605634 0.2535211267605634 0.2535211267605634 0.2535211267605634 0.2535211267605634 0.2535211267605634 0.2535211267605634 0.2535211267605634
X01012300 0.07272727272727274 0.07272727272727274 0.07272727272727274 0.07272727272727274 0.07272727272727274 0.07272727272727274 0.07272727272727274 0.07272727272727274 0.07272727272727274 0.07272727272727274 0.07272727272727274 0.07272727272727274 0.07272727272727274 0.07272727272727274 0.07272727272727274 0.07272727272727274 0.07272727272727274 0.07272727272727274 0.07272727272727274 0.07272727272727274
X01012310 0.3225806451612903 0.3225806451612903 0.3225806451612903 0.3225806451612903 0.3225806451612903 0.3225806451612903 0.3225806451612903 0.3225806451612903 0.3225806451612903 0.3225806451612903 0.3225806451612903 0.3225806451612903 0.3225806451612903 0.3225806451612903 0.3225806451612903 0.3225806451612903 0.3225806451612903 0.3225806451612903 0.3225806451612903 0.3225806451612903
X01012400 0.07547169811320756 0.07547169811320756 0.07547169811320756 0.07547169811320756 0.07547169811320756 0.07547169811320756 0.07547169811320756 0.07547169811320756 0.07547169811320756 0.07547169811320756 0.07547169811320756 0.07547169811320756 0.07547169811320756 0.07547169811320756 0.07547169811320756 0.07547169811320756 0.07547169811320756 0.07547169811320756 0.07547169811320756 0.07547169811320756
X01012410 0.41509433962264153 0.41509433962264153 0.41509433962264153 0.41509433962264153 0.41509433962264153 0.41509433962264153 0.41509433962264153 0.41509433962264153 0.41509433962264153 0.41509433962264153 0.41509433962264153 0.41509433962264153 0.41509433962264153 0.41509433962264153 0.41509433962264153 0.41509433962264153 0.41509433962264153 0.41509433962264153 0.41509433962264153 0.41509433962264153
X01012500 0.17857142857142855 0.17857142857142855 0.17857142857142855 0.17857142857142855 0.17857142857142855 0.17857142857142855 0.17857142857142855 0.17857142857142855 0.17857142857142855 0.17857142857142855 0.17857142857142855 0.17857142857142855 0.17857142857142855 0.17857142857142855 0.17857142857142855 0.17857142857142855 0.17857142857142855 0.17857142857142855 0.17857142857142855 0.17857142857142855
X01012510 0.38461538461538464 0.38461538461538464 0.38461538461538464 0.38461538461538464 0.38461538461538464 0.38461538461538464 0.38461538461538464 0.38461538461538464 0.38461538461538464 0.38461538461538464 0.38461538461538464 0.38461538461538464 0.38461538461538464 0.38461538461538464 0.38461538461538464 0.38461538461538464 0.38461538461538464 0.38461538461538464 0.38461538461538464 0.38461538461538464
X01012600 0.07692307692307691 0.07692307692307691 0.07692307692307691 0.07692307692307691 0.07692307692307691 0.07692307692307691 0.07692307692307691 0.07692307692307691 0.07692307692307691 0.07692307692307691 0.07692307692307691 0.07692307692307691 0.07692307692307691 0.07692307692307691 0.07692307692307691 0.07692307692307691 0.07692307692307691 0.07692307692307691 0.07692307692307691 0.07692307692307691
X01012610 0.3368421052631579 0.3368421052631579 0.3368421052631579 0.3368421052631579 0.3368421052631579 0.3368421052631579 0.3368421052631579 0.3368421052631579 0.3368421052631579 0.3368421052631579 0.3368421052631579 0.3368421052631579 0.3368421052631579 0.3368421052631579 0.3368421052631579 0.3368421052631579 0.3368421052631579 0.3368421052631579 0.3368421052631579 0.3368421052631579
X01012700 0.23728813559322035 0.23728813559322035 0.23728813559322035 0.23728813559322035 0.23728813559322035 0.23728813559322035 0.23728813559322035 0.23728813559322035 0.23728813559322035 0.23728813559322035 0.23728813559322035 0.23728813559322035 0.23728813559322035 0.23728813559322035 0.23728813559322035 0.23728813559322035 0.23728813559322035 0.23728813559322035 0.23728813559322035 0.23728813559322035
X01012710 0.2608695652173913 0.2608695652173913 0.2608695652173913 0.2608695652173913 0.2608695652173913 0.2608695652173913 0.2608695652173913 0.2608695652173913 0.2608695652173913 0.2608695652173913 0.2608695652173913 0.2608695652173913 0.2608695652173913 0.2608695652173913 0.2608695652173913 0.2608695652173913 0.2608695652173913 0.2608695652173913 0.2608695652173913 0.2608695652173913
X01013300 0.12903225806451613 0.12903225806451613 0.12903225806451613 0.12903225806451613 0.12903225806451613 0.12903225806451613 0.12903225806451613 0.12903225806451613 0.12903225806451613 0.12903225806451613 0.12903225806451613 0.12903225806451613 0.12903225806451613 0.12903225806451613 0.12903225806451613 0.12903225806451613 0.12903225806451613 0.12903225806451613 0.12903225806451613 0.12903225806451613
X01013310 0.26506024096385544 0.26506024096385544 0.26506024096385544 0.26506024096385544 0.26506024096385544 0.26506024096385544 0.26506024096385544 0.26506024096385544 0.26506024096385544 0.26506024096385544 0.26506024096385544 0.26506024096385544 0.26506024096385544 0.26506024096385544 0.26506024096385544 0.26506024096385544 0.26506024096385544 0.26506024096385544 0.26506024096385544 0.26506024096385544
X01013400 0.13333333333333333 0.13333333333333333 0.13333333333333333 0.13333333333333333 0.13333333333333333 0.13333333333333333 0.13333333333333333 0.13333333333333333 0.13333333333333333 0.13333333333333333 0.13333333333333333 0.13333333333333333 0.13333333333333333 0.13333333333333333 0.13333333333333333 0.13333333333333333 0.13333333333333333 0.13333333333333333 0.13333333333333333 0.13333333333333333
X01013410 0.31460674157303375 0.31460674157303375 0.31460674157303375 0.31460674157303375 0.31460674157303375 0.31460674157303375 0.31460674157303375 0.31460674157303375 0.31460674157303375 0.31460674157303375 0.31460674157303375 0.31460674157303375 0.31460674157303375 0.31460674157303375 0.31460674157303375 0.31460674157303375 0.31460674157303375 0.31460674157303375 0.31460674157303375 0.31460674157303375
X01013500 0.07272727272727274 0.07272727272727274 0.07272727272727274 0.07272727272727274 0.07272727272727274 0.07272727272727274 0.07272727272727274 0.07272727272727274 0.07272727272727274 0.07272727272727274 0.07272727272727274 0.07272727272727274 0.07272727272727274 0.07272727272727274 0.07272727272727274 0.07272727272727274 0.07272727272727274 0.07272727272727274 0.07272727272727274 0.07272727272727274
X01013510 0.21359223300970873 0.21359223300970873 0.21359223300970873 0.21359223300970873 0.21359223300970873 0.21359223300970873 0.21359223300970873 0.21359223300970873 0.21359223300970873 0.21359223300970873 0.21359223300970873 0.21359223300970873 0.21359223300970873 0.21359223300970873 0.21359223300970873 0.21359223300970873 0.21359223300970873 0.21359223300970873 0.21359223300970873 0.21359223300970873
X01013600 0.0 0.0 0.0 0.0 0.0 0.0 0.0 0.0 0.0 0.0 0.0 0.0 0.0 0.0 0.0 0.0 0.0 0.0 0.0 0.0
X01013610 0.4042553191489362 0.4042553191489362 0.4042553191489362 0.4042553191489362 0.4042553191489362 0.4042553191489362 0.4042553191489362 0.4042553191489362 0.4042553191489362 0.4042553191489362 0.4042553191489362 0.4042553191489362 0.4042553191489362 0.4042553191489362 0.4042553191489362 0.4042553191489362 0.4042553191489362 0.4042553191489362 0.4042553191489362 0.4042553191489362
X01013700 0.04 0.04 0.04 0.04 0.04 0.04 0.04 0.04 0.04 0.04 0.04 0.04 0.04 0.04 0.04 0.04 0.04 0.04 0.04 0.04
X01013710 0.24999999999999994 0.24999999999999994 0.24999999999999994 0.24999999999999994 0.24999999999999994 0.24999999999999994 0.24999999999999994 0.24999999999999994 0.24999999999999994 0.24999999999999994 0.24999999999999994 0.24999999999999994 0.24999999999999994 0.24999999999999994 0.24999999999999994 0.24999999999999994 0.24999999999999994 0.24999999999999994 0.24999999999999994 0.24999999999999994
X01002300 0.2608695652173913 0.2608695652173913 0.2608695652173913 0.2608695652173913 0.2608695652173913 0.2608695652173913 0.2608695652173913 0.2608695652173913 0.2608695652173913 0.2608695652173913 0.2608695652173913 0.2608695652173913 0.2608695652173913 0.2608695652173913 0.2608695652173913 0.2608695652173913 0.2608695652173913 0.2608695652173913 0.2608695652173913 0.2608695652173913
X01002310 0.2028985507246377 0.2028985507246377 0.2028985507246377 0.2028985507246377 0.2028985507246377 0.2028985507246377 0.2028985507246377 0.2028985507246377 0.2028985507246377 0.2028985507246377 0.2028985507246377 0.2028985507246377 0.2028985507246377 0.2028985507246377 0.2028985507246377 0.2028985507246377 0.2028985507246377 0.2028985507246377 0.2028985507246377 0.2028985507246377
X01012300 0.13559322033898305 0.13559322033898305 0.13559322033898305 0.13559322033898305 0.13559322033898305 0.13559322033898305 0.13559322033898305 0.13559322033898305 0.13559322033898305 0.13559322033898305 0.13559322033898305 0.13559322033898305 0.13559322033898305 0.13559322033898305 0.13559322033898305 0.13559322033898305 0.13559322033898305 0.13559322033898305 0.13559322033898305 0.13559322033898305
X01012310 0.34951456310679613 0.34951456310679613 0.34951456310679613 0.34951456310679613 0.34951456310679613 0.34951456310679613 0.34951456310679613 0.34951456310679613 0.34951456310679613 0.34951456310679613 0.34951456310679613 0.34951456310679613 0.34951456310679613 0.34951456310679613 0.34951456310679613 0.34951456310679613 0.34951456310679613 0.34951456310679613 0.34951456310679613 0.34951456310679613
X01012400 0.20338983050847456 0.20338983050847456 0.20338983050847456 0.20338983050847456 0.20338983050847456 0.20338983050847456 0.20338983050847456 0.20338983050847456 0.20338983050847456 0.20338983050847456 0.20338983050847456 0.20338983050847456 0.20338983050847456 0.20338983050847456 0.20338983050847456 0.20338983050847456 0.20338983050847456 0.20338983050847456 0.20338983050847456 0.20338983050847456
X01012410 0.21428571428571427 0.21428571428571427 0.21428571428571427 0.21428571428571427 0.21428571428571427 0.21428571428571427 0.21428571428571427 0.21428571428571427 0.21428571428571427 0.21428571428571427 0.21428571428571427 0.21428571428571427 0.21428571428571427 0.21428571428571427 0.21428571428571427 0.21428571428571427 0.21428571428571427 0.21428571428571427 0.21428571428571427 0.21428571428571427
X01012500 0.21428571428571427 0.21428571428571427 0.21428571428571427 0.21428571428571427 0.21428571428571427 0.21428571428571427 0.21428571428571427 0.21428571428571427 0.21428571428571427 0.21428571428571427 0.21428571428571427 0.21428571428571427 0.21428571428571427 0.21428571428571427 0.21428571428571427 0.21428571428571427 0.21428571428571427 0.21428571428571427 0.21428571428571427 0.21428571428571427
X01012510 0.3025210084033613 0.3025210084033613 0.3025210084033613 0.3025210084033613 0.3025210084033613 0.3025210084033613 0.3025210084033613 0.3025210084033613 0.3025210084033613 0.3025210084033613 0.3025210084033613 0.3025210084033613 0.3025210084033613 0.3025210084033613 0.3025210084033613 0.3025210084033613 0.3025210084033613 0.3025210084033613 0.3025210084033613 0.3025210084033613
X01012600 0.08 0.08 0.08 0.08 0.08 0.08 0.08 0.08 0.08 0.08 0.08 0.08 0.08 0.08 0.08 0.08 0.08 0.08 0.08 0.08
X01012610 0.2736842105263158 0.2736842105263158 0.2736842105263158 0.2736842105263158 0.2736842105263158 0.2736842105263158 0.2736842105263158 0.2736842105263158 0.2736842105263158 0.2736842105263158 0.2736842105263158 0.2736842105263158 0.2736842105263158 0.2736842105263158 0.2736842105263158 0.2736842105263158 0.2736842105263158 0.2736842105263158 0.2736842105263158 0.2736842105263158
X01012700 0.15384615384615383 0.15384615384615383 0.15384615384615383 0.15384615384615383 0.15384615384615383 0.15384615384615383 0.15384615384615383 0.15384615384615383 0.15384615384615383 0.15384615384615383 0.15384615384615383 0.15384615384615383 0.15384615384615383 0.15384615384615383 0.15384615384615383 0.15384615384615383 0.15384615384615383 0.15384615384615383 0.15384615384615383 0.15384615384615383
X01012710 0.2127659574468085 0.2127659574468085 0.2127659574468085 0.2127659574468085 0.2127659574468085 0.2127659574468085 0.2127659574468085 0.2127659574468085 0.2127659574468085 0.2127659574468085 0.2127659574468085 0.2127659574468085 0.2127659574468085 0.2127659574468085 0.2127659574468085 0.2127659574468085 0.2127659574468085 0.2127659574468085 0.2127659574468085 0.2127659574468085
X01013300 0.1754385964912281 0.1754385964912281 0.1754385964912281 0.1754385964912281 0.1754385964912281 0.1754385964912281 0.1754385964912281 0.1754385964912281 0.1754385964912281 0.1754385964912281 0.1754385964912281 0.1754385964912281 0.1754385964912281 0.1754385964912281 0.1754385964912281 0.1754385964912281 0.1754385964912281 0.1754385964912281 0.1754385964912281 0.1754385964912281
X01013310 0.2830188679245283 0.2830188679245283 0.2830188679245283 0.2830188679245283 0.2830188679245283 0.2830188679245283 0.2830188679245283 0.2830188679245283 0.2830188679245283 0.2830188679245283 0.2830188679245283 0.2830188679245283 0.2830188679245283 0.2830188679245283 0.2830188679245283 0.2830188679245283 0.2830188679245283 0.2830188679245283 0.2830188679245283 0.2830188679245283
X01013400 0.10714285714285714 0.10714285714285714 0.10714285714285714 0.10714285714285714 0.10714285714285714 0.10714285714285714 0.10714285714285714 0.10714285714285714 0.10714285714285714 0.10714285714285714 0.10714285714285714 0.10714285714285714 0.10714285714285714 0.10714285714285714 0.10714285714285714 0.10714285714285714 0.10714285714285714 0.10714285714285714 0.10714285714285714 0.10714285714285714
X01013410 0.29545454545454547 0.29545454545454547 0.29545454545454547 0.29545454545454547 0.29545454545454547 0.29545454545454547 0.29545454545454547 0.29545454545454547 0.29545454545454547 0.29545454545454547 0.29545454545454547 0.29545454545454547 0.29545454545454547 0.29545454545454547 0.29545454545454547 0.29545454545454547 0.29545454545454547 0.29545454545454547 0.29545454545454547 0.29545454545454547
X01013500 0.11538461538461539 0.11538461538461539 0.11538461538461539 0.11538461538461539 0.11538461538461539 0.11538461538461539 0.11538461538461539 0.11538461538461539 0.11538461538461539 0.11538461538461539 0.11538461538461539 0.11538461538461539 0.11538461538461539 0.11538461538461539 0.11538461538461539 0.11538461538461539 0.11538461538461539 0.11538461538461539 0.11538461538461539 0.11538461538461539
X01013510 0.25287356321839083 0.25287356321839083 0.25287356321839083 0.25287356321839083 0.25287356321839083 0.25287356321839083 0.25287356321839083 0.25287356321839083 0.25287356321839083 0.25287356321839083 0.25287356321839083 0.25287356321839083 0.25287356321839083 0.25287356321839083 0.25287356321839083 0.25287356321839083 0.25287356321839083 0.25287356321839083 0.25287356321839083 0.25287356321839083
X01013600 0.11111111111111109 0.11111111111111109 0.11111111111111109 0.11111111111111109 0.11111111111111109 0.11111111111111109 0.11111111111111109 0.11111111111111109 0.11111111111111109 0.11111111111111109 0.11111111111111109 0.11111111111111109 0.11111111111111109 0.11111111111111109 0.11111111111111109 0.11111111111111109 0.11111111111111109 0.11111111111111109 0.11111111111111109 0.11111111111111109
X01013610 0.24096385542168675 0.24096385542168675 0.24096385542168675 0.24096385542168675 0.24096385542168675 0.24096385542168675 0.24096385542168675 0.24096385542168675 0.24096385542168675 0.24096385542168675 0.24096385542168675 0.24096385542168675 0.24096385542168675 0.24096385542168675 0.24096385542168675 0.24096385542168675 0.24096385542168675 0.24096385542168675 0.24096385542168675 0.24096385542168675
X01013700 0.03846153846153846 0.03846153846153846 0.03846153846153846 0.03846153846153846 0.03846153846153846 0.03846153846153846 0.03846153846153846 0.03846153846153846 0.03846153846153846 0.03846153846153846 0.03846153846153846 0.03846153846153846 0.03846153846153846 0.03846153846153846 0.03846153846153846 0.03846153846153846 0.03846153846153846 0.03846153846153846 0.03846153846153846 0.03846153846153846
X01013710 0.2553191489361702 0.2553191489361702 0.2553191489361702 0.2553191489361702 0.2553191489361702 0.2553191489361702 0.2553191489361702 0.2553191489361702 0.2553191489361702 0.2553191489361702 0.2553191489361702 0.2553191489361702 0.2553191489361702 0.2553191489361702 0.2553191489361702 0.2553191489361702 0.2553191489361702 0.2553191489361702 0.2553191489361702 0.2553191489361702
X11002300 0.0 0.0 0.0 0.0 0.08 0.0 0.0 0.04081632653061224 0.0 0.0 0.0 0.0 0.04081632653061224 0.0 0.0 0.0 0.0 0.0 0.0 0.0
X11002301 0.35135135135135126 0.4186046511627907 0.4383561643835616 0.3076923076923077 0.4155844155844156 0.3835616438356165 0.40476190476190477 0.4390243902439025 0.4444444444444444 0.39999999999999997 0.4186046511627907 0.45238095238095233 0.4137931034482759 0.4050632911392405 0.41463414634146345 0.3950617283950617 0.4210526315789474 0.40540540540540543 0.3902439024390244 0.14285714285714285
X11002310 0.4070796460176991 0.39999999999999997 0.41509433962264153 0.3636363636363636 0.4201680672268907 0.43749999999999994 0.3870967741935484 0.3783783783783784 0.4090909090909091 0.42592592592592593 0.34567901234567905 0.4 0.42990654205607476 0.41304347826086957 0.4329896907216495 0.43373493975903615 0.43396226415094347 0.3877551020408163 0.43564356435643564 0.27848101265822783
X11002311 0.43478260869565216 0.37362637362637363 0.38202247191011235 0.4421052631578947 0.43478260869565216 0.4038461538461538 0.41304347826086957 0.3764705882352941 0.425531914893617 0.3773584905660377 0.39999999999999997 0.39999999999999997 0.40816326530612246 0.4 0.3870967741935484 0.38383838383838387 0.3655913978494624 0.40404040404040403 0.4077669902912621 0.43749999999999994
X11012301 0.0 0.0 0.2727272727272727 0.1492537313432836 0.0 0.0 0.0 0.0 0.26804123711340205 0.0 0.0 0.294314381270903 0.0 0.0 0.0 0.0 0.06779661016949153 0.09375000000000001 0.0 0.1739130434782609
X11012310 0.4046242774566475 0.30588235294117644 0.4067796610169491 0.4507042253521127 0.35 0.4225352112676057 0.32258064516129026 0.329004329004329 0.08695652173913043 0.24691358024691357 0.40449438202247184 0.4148148148148148 0.015151515151515152 0.045454545454545456 0.45751633986928103 0.42953020134228187 0.08403361344537814 0.4235294117647059 0.18245614035087718 0.40437158469945356
X11012311 0.29530201342281875 0.2875 0.2706766917293233 0.2857142857142857 0.29714285714285715 0.37362637362637363 0.22891566265060245 0.3592814371257485 0.29166666666666663 0.36206896551724144 0.3555555555555555 0.4041450777202073 0.2727272727272727 0.38848920863309355 0.3921568627450981 0.2871794871794872 0.2823529411764706 0.4583333333333333 0.20689655172413796 0.2763157894736842
X11012400 0.042553191489361694 0.0 0.35714285714285715 0.0 0.0 0.17699115044247787 0.3846153846153845 0.3055555555555556 0.0 0.0 0.03125 0.0 0.0 0.0 0.13559322033898305 0.0 0.2517482517482518 0.0 0.13186813186813187 0.03773584905660378
X11012401 0.0 0.0 0.059701492537313425 0.26178010471204194 0.0 0.0 0.0 0.21359223300970873 0.0 0.0 0.2895622895622896 0.0 0.042553191489361694 0.0 0.0 0.30845771144278605 0.03508771929824561 0.30952380952380953 0.0 0.0
X11012410 0.42384105960264906 0.425531914893617 0.32156862745098036 0.35555555555555557 0.3361344537815126 0.4313725490196078 0.384 0.4390243902439025 0.4285714285714286 0.426829268292683 0.23456790123456792 0.25 0.30331753554502366 0.4081632653061224 0.39285714285714285 0.4370860927152318 0.3798882681564245 0.32231404958677684 0.4363636363636364 0.40336134453781514
X11012411 0.2717391304347826 0.20512820512820512 0.3780487804878049 0.2717391304347826 0.4358974358974359 0.46043165467625896 0.22885572139303478 0.4142011834319527 0.3663366336633663 0.2941176470588235 0.242152466367713 0.4122137404580153 0.38674033149171266 0.4166666666666667 0.37073170731707317 0.25316455696202533 0.39999999999999997 0.42748091603053434 0.3310344827586207 0.371859296482412
X11012500 0.2517482517482518 0.0 0.0 0.2888888888888889 0.42 0.4 0.0 0.0 0.0 0.028571428571428567 0.0 0.3291139240506329 0.02040816326530612 0.0 0.4158415841584158 0.026666666666666665 0.44897959183673475 0.0 0.0 0.0
X11012501 0.0 0.0 0.24347826086956523 0.0 0.0 0.0 0.0 0.0 0.17204301075268816 0.2692307692307692 0.0 0.2826086956521739 0.0 0.0 0.0 0.27609427609427606 0.0 0.2527881040892193 0.0 0.0
X11012510 0.41463414634146345 0.42528735632183906 0.4086021505376344 0.24924012158054715 0.42696629213483145 0.2866666666666667 0.06369426751592357 0.4064171122994652 0.2765957446808511 0.41081081081081083 0.4264705882352941 0.39999999999999997 0.35714285714285715 0.40310077519379844 0.4571428571428571 0.4137931034482759 0.2822085889570552 0.2641509433962264 0.4111111111111111 0.37168141592920356
X11012511 0.2035928143712575 0.3503649635036496 0.27710843373493976 0.21666666666666667 0.304 0.2608695652173913 0.189873417721519 0.27472527472527475 0.19138755980861244 0.27932960893854747 0.2634730538922156 0.348993288590604 0.43478260869565216 0.34965034965034963 0.3975155279503106 0.2653061224489796 0.36274509803921573 0.39669421487603307 0.3333333333333333 0.4
X11012600 0.1492537313432836 0.0 0.0 0.0 0.0 0.0 0.0 0.36363636363636365 0.21686746987951808 0.0 0.0 0.0 0.0 0.0 0.0 0.0 0.0 0.0 0.0 0.07920792079207921
X11012601 0.18775510204081636 0.0 0.27499999999999997 0.03773584905660378 0.24338624338624337 0.23188405797101447 0.0 0.0 0.0 0.03389830508474576 0.0 0.0 0.0 0.07017543859649122 0.11764705882352941 0.0 0.0 0.0 0.0 0.0
X11012610 0.38518518518518524 0.29292929292929293 0.4113475177304965 0.20754716981132076 0.37438423645320196 0.4069767441860465 0.30366492146596863 0.39784946236559143 0.26548672566371684 0.42236024844720493 0.39106145251396646 0.4049079754601227 0.4046242774566475 0.37254901960784315 0.37209302325581395 0.37209302325581395 0.39999999999999997 0.40223463687150834 0.2318840579710145 0.28865979381443296
X11012611 0.2125 0.4366197183098592 0.3220338983050848 0.24719101123595505 0.2191780821917808 0.2711864406779661 0.348993288590604 0.30366492146596863 0.44871794871794873 0.31724137931034485 0.26877470355731226 0.24113475177304966 0.27419354838709675 0.4126984126984127 0.27941176470588236 0.2566844919786096 0.23404255319148937 0.3679245283018868 0.3184713375796178 0.4052287581699346
X11012700 0.30927835051546393 0.0 0.0 0.0 0.35294117647058826 0.0 0.07936507936507937 0.0 0.0 0.0 0.4 0.0 0.0 0.0 0.0 0.0 0.0 0.017391304347826087 0.07272727272727274 0.0
X11012701 0.0 0.0 0.1694915254237288 0.3516483516483516 0.0 0.0 0.0 0.03571428571428571 0.0 0.0 0.24884792626728114 0.2978723404255319 0.2955665024630542 0.0 0.0 0.057142857142857134 0.0 0.0 0.18947368421052632 0.0
X11012710 0.24242424242424246 0.39393939393939387 0.34782608695652173 0.1986754966887417 0.4000000000000001 0.296875 0.3870967741935484 0.4 0.032 0.3973509933774834 0.32061068702290074 0.2900763358778626 0.1606425702811245 0.4044943820224719 0.3924050632911393 0.39436619718309857 0.41904761904761906 0.4025157232704402 0.3064516129032258 0.3333333333333333
X11012711 0.371859296482412 0.2550335570469799 0.32142857142857145 0.2608695652173913 0.33620689655172414 0.3009708737864078 0.4186046511627907 0.24576271186440676 0.33480176211453744 0.2727272727272727 0.30769230769230765 0.2347826086956522 0.2395209580838323 0.2620689655172414 0.36363636363636365 0.3055555555555556 0.3142857142857143 0.3088235294117647 0.38947368421052625 0.30687830687830686
X11013300 0.026315789473684213 0.08219178082191779 0.0 0.0 0.0 0.0 0.0 0.07352941176470588 0.0 0.0 0.0 0.0 0.0 0.0 0.034482758620689655 0.0 0.0 0.3151515151515151 0.0 0.04081632653061224
X11013301 0.20754716981132076 0.0 0.2631578947368421 0.0 0.0 0.0 0.09638554216867469 0.27906976744186046 0.2517985611510791 0.0 0.2696629213483146 0.0 0.03846153846153846 0.0 0.0 0.0 0.0 0.13698630136986303 0.0 0.0
X11013310 0.4023668639053255 0.3888888888888889 0.4217687074829932 0.36 0.41081081081081083 0.33519553072625696 0.389937106918239 0.4049079754601227 0.3979057591623037 0.25882352941176473 0.42519685039370075 0.41558441558441556 0.41830065359477114 0.4000000000000001 0.42236024844720493 0.41666666666666663 0.36477987421383645 0.40437158469945356 0.43537414965986393 0.3605150214592274
X11013400 0.0 0.0 0.0 0.0 0.37362637362637363 0.0 0.30434782608695654 0.0 0.0 0.0 0.0 0.3448275862068965 0.0 0.0 0.07142857142857142 0.22580645161290325 0.3157894736842105 0.0 0.0 0.0
X11013401 0.17391304347826086 0.22429906542056074 0.04081632653061224 0.24 0.25196850393700787 0.0 0.27906976744186046 0.0 0.03846153846153846 0.0 0.0 0.0 0.0 0.2388059701492537 0.03636363636363637 0.2686567164179105 0.15873015873015875 0.23346303501945526 0.0 0.034482758620689655
X11013410 0.4094488188976378 0.4233576642335766 0.40909090909090906 0.37583892617449666 0.42580645161290326 0.40336134453781514 0.41290322580645167 0.38947368421052625 0.42990654205607476 0.43697478991596633 0.4065040650406504 0.4393939393939394 0.43165467625899284 0.3896103896103896 0.30821917808219174 0.3909774436090226 0.42666666666666664 0.39655172413793105 0.43200000000000005 0.45454545454545453
X11013411 0.4069767441860465 0.4024390243902438 0.39999999999999997 0.3636363636363636 0.338235294117647 0.38 0.26229508196721313 0.3755868544600939 0.39361702127659576 0.358974358974359 0.3815028901734104 0.36274509803921573 0.411764705882353 0.31724137931034485 0.4114285714285715 0.388235294117647 0.3958333333333333 0.3098591549295775 0.39772727272727276 0.24365482233502536
X11013500 0.0 0.08391608391608392 0.0 0.0 0.0 0.10169491525423728 0.0 0.3053435114503817 0.15909090909090912 0.0 0.0 0.0 0.0425531914893617 0.0 0.0 0.0 0.0 0.0 0.0 0.0
X11013501 0.0 0.2894736842105263 0.0 0.0 0.0 0.0 0.14457831325301204 0.41025641025641024 0.0 0.0 0.31932773109243695 0.0 0.0 0.2588235294117647 0.0 0.0 0.0 0.13114754098360656 0.04081632653061224 0.0
X11013510 0.4166666666666667 0.41830065359477114 0.39999999999999997 0.43165467625899284 0.33540372670807456 0.42580645161290326 0.4126984126984127 0.4342105263157895 0.24731182795698925 0.3466666666666667 0.43373493975903615 0.4285714285714286 0.40845070422535207 0.3163265306122449 0.4023668639053255 0.29473684210526313 0.4193548387096774 0.4277456647398844 0.24 0.4
X11013511 0.39080459770114945 0.25510204081632654 0.37593984962406013 0.38620689655172413 0.3692307692307692 0.3597883597883598 0.38202247191011235 0.42953020134228187 0.41463414634146345 0.3699421965317919 0.380952380952381 0.41916167664670656 0.41558441558441556 0.4142011834319527 0.42748091603053434 0.45751633986928103 0.4551724137931034 0.39370078740157477 0.2372881355932203 0.4189189189189189
X11013600 0.12903225806451613 0.0 0.0 0.0 0.0 0.0 0.0 0.0 0.0 0.0 0.3636363636363636 0.0 0.0 0.0 0.22797927461139897 0.0 0.0 0.0 0.13888888888888887 0.0
X11013601 0.265625 0.0 0.0 0.27586206896551724 0.1891891891891892 0.1904761904761905 0.4 0.0 0.0 0.0 0.1758241758241758 0.0 0.0 0.0 0.0 0.20833333333333334 0.1846153846153846 0.0 0.0 0.10714285714285714
X11013610 0.3940886699507389 0.40740740740740744 0.39361702127659576 0.43428571428571433 0.3776223776223776 0.3776223776223776 0.3170731707317073 0.3696682464454976 0.4429530201342282 0.4186046511627907 0.4277456647398844 0.37241379310344824 0.43243243243243246 0.31489361702127655 0.33333333333333337 0.2831050228310502 0.40601503759398494 0.4327485380116958 0.4057971014492754 0.36923076923076925
X11013611 0.23958333333333334 0.392156862745098 0.388235294117647 0.4126984126984127 0.3289473684210526 0.3333333333333333 0.3896103896103896 0.3916083916083916 0.32 0.3916083916083916 0.38271604938271603 0.38666666666666666 0.3835616438356165 0.3757575757575758 0.3069767441860465 0.26737967914438504 0.4078947368421053 0.36585365853658536 0.36111111111111105 0.33082706766917297
X11013700 0.15789473684210528 0.0 0.0 0.0 0.0 0.2162162162162162 0.0 0.29530201342281875 0.0 0.0 0.0 0.0 0.0 0.0 0.13513513513513511 0.0 0.13793103448275862 0.0 0.08163265306122448 0.3582089552238806
X11013701 0.0 0.1846153846153846 0.32679738562091504 0.03703703703703704 0.0 0.32098765432098764 0.25233644859813087 0.0 0.042553191489361694 0.0 0.366412213740458 0.0 0.0 0.0 0.2871794871794872 0.0 0.0 0.0 0.0 0.0
X11013710 0.3548387096774194 0.34517766497461927 0.3815028901734104 0.35233160621761656 0.3804347826086957 0.44444444444444436 0.27710843373493976 0.27848101265822783 0.3679245283018868 0.358695652173913 0.3769633507853403 0.2857142857142857 0.3240223463687151 0.4027777777777778 0.35 0.42384105960264906 0.39534883720930236 0.38461538461538464 0.32000000000000006 0.4078947368421053
X11013711 0.29940119760479045 0.24271844660194175 0.29310344827586204 0.3225806451612903 0.30357142857142855 0.2764227642276423 0.3673469387755102 0.2830188679245283 0.3970588235294118 0.36507936507936506 0.2889733840304182 0.3440860215053763 0.2787878787878788 0.4222222222222222 0.3402061855670103 0.18367346938775508 0.3067484662576687 0.3837209302325581 0.35862068965517246 0.291970802919708
X11102300 0.0 0.0 0.0 0.0 0.0 0.0 0.0 0.0 0.0 0.0 0.0 0.0 0.0 0.0 0.0 0.0 0.0 0.0 0.0 0.0
X11102301 0.0 0.0 0.0 0.0 0.0 0.0 0.0 0.0 0.0 0.0 0.0 0.0 0.0 0.0 0.0 0.0 0.0 0.0 0.0 0.0
X11102310 0.26210826210826216 0.0 0.0 0.3764705882352941 0.26210826210826216 0.0 0.26285714285714284 0.3098591549295775 0.0 0.0 0.0 0.032 0.26210826210826216 0.26210826210826216 0.0 0.0 0.26210826210826216 0.26210826210826216 0.25609756097560976 0.26210826210826216
X11102311 0.07407407407407408 0.26210826210826216 0.0 0.26285714285714284 0.0 0.26210826210826216 0.26210826210826216 0.26210826210826216 0.0 0.0 0.0 0.0 0.26210826210826216 0.26210826210826216 0.0 0.26210826210826216 0.0 0.0 0.26210826210826216 0.26210826210826216
X11112300 0.0 0.0 0.0 0.0 0.0 0.0 0.0 0.0 0.0 0.0 0.0 0.0 0.0 0.0 0.0 0.0 0.0 0.0 0.0 0.0
X11112301 0.0 0.0 0.0 0.0 0.0 0.0 0.0 0.0 0.0 0.0 0.0 0.0 0.0 0.264367816091954 0.0 0.0 0.0 0.0 0.0 0.26285714285714284
X11112310 0.0 0.0 0.0 0.26210826210826216 0.0 0.26210826210826216 0.26210826210826216 0.0 0.26210826210826216 0.26210826210826216 0.29900332225913623 0.0 0.26210826210826216 0.14705882352941177 0.26210826210826216 0.26210826210826216 0.26210826210826216 0.0 0.35789473684210527 0.0
X11112311 0.26210826210826216 0.0923076923076923 0.0 0.0 0.26210826210826216 0.26210826210826216 0.0 0.0 0.0 0.0 0.26210826210826216 0.0 0.3 0.26210826210826216 0.0 0.0 0.26210826210826216 0.26210826210826216 0.352112676056338 0.017094017094017092
X11112400 0.0 0.0 0.0 0.0 0.0 0.0 0.0 0.0 0.0 0.0 0.0 0.0 0.0 0.0 0.0 0.0 0.0 0.0 0.0 0.0
X11112401 0.0 0.0 0.0 0.0 0.0 0.0 0.0 0.0 0.0 0.0 0.0 0.0 0.26210826210826216 0.0 0.26285714285714284 0.0 0.0 0.0 0.0 0.0
X11112410 0.0 0.0 0.26210826210826216 0.0 0.26210826210826216 0.26210826210826216 0.26210826210826216 0.26210826210826216 0.26210826210826216 0.26210826210826216 0.26210826210826216 0.26210826210826216 0.0 0.26210826210826216 0.26210826210826216 0.0 0.0 0.0 0.26210826210826216 0.42236024844720493
X11112411 0.03703703703703704 0.26210826210826216 0.0 0.26470588235294124 0.0 0.18 0.26285714285714284 0.26210826210826216 0.26210826210826216 0.26210826210826216 0.0 0.0 0.0 0.26210826210826216 0.0 0.04 0.0 0.21806853582554517 0.0 0.26210826210826216
X11112500 0.0 0.0 0.0 0.0 0.0 0.0 0.0 0.0 0.0 0.0 0.0 0.0 0.0 0.0 0.0 0.0 0.0 0.0 0.0 0.0
X11112501 0.0 0.0 0.0 0.0 0.0 0.0 0.0 0.2658959537572254 0.0 0.0 0.0 0.2623906705539359 0.0 0.0 0.0 0.0 0.0 0.0 0.0 0.0
X11112510 0.0 0.0 0.0 0.26210826210826216 0.26210826210826216 0.26210826210826216 0.26285714285714284 0.0 0.31734317343173435 0.46153846153846156 0.0 0.2662538699690402 0.26210826210826216 0.26210826210826216 0.26210826210826216 0.0 0.4049079754601227 0.26210826210826216 0.2830188679245283 0.26210826210826216
X11112511 0.26210826210826216 0.0 0.26210826210826216 0.0 0.0 0.26210826210826216 0.26210826210826216 0.26210826210826216 0.0 0.0 0.26210826210826216 0.0 0.0 0.10309278350515465 0.26210826210826216 0.0 0.0 0.27777777777777773 0.0 0.26210826210826216
X11112600 0.0 0.0 0.0 0.0 0.0 0.0 0.0 0.0 0.0 0.0 0.0 0.0 0.0 0.0 0.0 0.0 0.0 0.0 0.0 0.0
X11112601 0.0 0.0 0.0 0.0 0.0 0.0 0.0 0.0 0.0 0.0 0.0 0.0 0.0 0.0 0.0 0.0 0.0 0.0 0.0 0.0
X11112610 0.26210826210826216 0.26210826210826216 0.0 0.0 0.26210826210826216 0.26210826210826216 0.29900332225913623 0.26210826210826216 0.29032258064516125 0.0 0.0 0.26210826210826216 0.0 0.26210826210826216 0.26210826210826216 0.0 0.26210826210826216 0.26210826210826216 0.26210826210826216 0.26210826210826216
X11112611 0.26210826210826216 0.0 0.3769633507853403 0.0 0.0 0.0 0.0 0.0 0.0 0.0 0.0 0.0 0.0 0.26210826210826216 0.0 0.26210826210826216 0.26210826210826216 0.26210826210826216 0.0 0.0
X11112700 0.0 0.0 0.0 0.0 0.0 0.0 0.0 0.0 0.0 0.0 0.0 0.0 0.0 0.0 0.0 0.0 0.0 0.0 0.0 0.0
X11112701 0.0 0.26210826210826216 0.13793103448275862 0.0 0.0 0.0 0.0 0.0 0.0 0.0 0.0 0.0 0.0 0.0 0.0 0.0 0.0 0.0 0.0 0.0
X11112710 0.0 0.26210826210826216 0.0 0.0 0.26210826210826216 0.0 0.26210826210826216 0.0 0.0 0.26210826210826216 0.26210826210826216 0.26210826210826216 0.35344827586206895 0.0 0.0 0.26210826210826216 0.0 0.33195020746887965 0.0 0.0
X11112711 0.26210826210826216 0.0 0.2713864306784661 0.0 0.26210826210826216 0.0 0.26285714285714284 0.0 0.04 0.0 0.26210826210826216 0.26210826210826216 0.0 0.26210826210826216 0.26285714285714284 0.26210826210826216 0.26210826210826216 0.0 0.0 0.26210826210826216
X11113300 0.0 0.0 0.0 0.0 0.0 0.0 0.0 0.0 0.0 0.0 0.0 0.0 0.0 0.0 0.0 0.0 0.0 0.0 0.0 0.0
X11113301 0.0 0.0 0.0 0.0 0.26210826210826216 0.0 0.0 0.0 0.0 0.0 0.0 0.0 0.0 0.0 0.0 0.0 0.0 0.0 0.0 0.0
X11113310 0.0 0.26210826210826216 0.3636363636363636 0.0 0.26210826210826216 0.26210826210826216 0.0 0.0 0.26210826210826216 0.0 0.0 0.26210826210826216 0.3 0.26210826210826216 0.0 0.0784313725490196 0.0 0.26210826210826216 0.0 0.0
X11113311 0.26210826210826216 0.0 0.0 0.26210826210826216 0.0 0.26210826210826216 0.0 0.0 0.26210826210826216 0.26210826210826216 0.0 0.26210826210826216 0.0 0.0 0.0 0.26210826210826216 0.37593984962406013 0.0 0.0 0.0
X11113400 0.0 0.0 0.0 0.0 0.0 0.0 0.0 0.0 0.0 0.0 0.0 0.0 0.0 0.0 0.0 0.0 0.0 0.0 0.0 0.0
X11113401 0.0 0.0 0.0 0.0 0.0 0.0 0.0 0.0 0.0 0.0 0.0 0.0 0.0 0.3076923076923077 0.0 0.0 0.29090909090909084 0.0 0.0 0.0
X11113410 0.3655913978494624 0.0 0.0 0.3 0.0 0.0 0.0 0.26210826210826216 0.26210826210826216 0.0 0.26210826210826216 0.26210826210826216 0.33333333333333337 0.0 0.26285714285714284 0.26210826210826216 0.3013698630136986 0.35555555555555557 0.0 0.0
X11113411 0.26210826210826216 0.0 0.26210826210826216 0.37438423645320196 0.0 0.26285714285714284 0.26210826210826216 0.0 0.26210826210826216 0.0 0.0 0.0 0.0 0.0 0.26190476190476186 0.26210826210826216 0.26210826210826216 0.26210826210826216 0.041666666666666664 0.26210826210826216
X11113500 0.0 0.0 0.0 0.0 0.0 0.0 0.0 0.0 0.0 0.0 0.0 0.0 0.0 0.0 0.21212121212121213 0.0 0.0 0.0 0.0 0.0
X11113501 0.0 0.0 0.0 0.0 0.0 0.0 0.0 0.0 0.0 0.0 0.0 0.0 0.0 0.0 0.0 0.0 0.0 0.0 0.0 0.0
X11113510 0.26210826210826216 0.0 0.0 0.26210826210826216 0.0 0.0 0.26210826210826216 0.26210826210826216 0.0 0.0 0.26210826210826216 0.26210826210826216 0.0 0.26210826210826216 0.26210826210826216 0.26210826210826216 0.0 0.26210826210826216 0.26210826210826216 0.0
X11113511 0.3305785123966942 0.0 0.0 0.0 0.26210826210826216 0.26210826210826216 0.26210826210826216 0.26210826210826216 0.26210826210826216 0.26210826210826216 0.26210826210826216 0.11320754716981131 0.0 0.0 0.0 0.0 0.0 0.26210826210826216 0.26210826210826216 0.0
X11113600 0.0 0.0 0.0 0.0 0.0 0.0 0.0 0.0 0.0 0.0 0.0 0.0 0.0 0.0 0.0 0.0 0.0 0.0 0.0 0.0
X11113601 0.0 0.26210826210826216 0.0 0.0 0.0 0.0 0.0 0.0 0.0 0.0 0.0 0.23976608187134502 0.0 0.0 0.0 0.0 0.0 0.26210826210826216 0.0 0.0
X11113610 0.26210826210826216 0.26210826210826216 0.26210826210826216 0.0 0.0 0.26210826210826216 0.26210826210826216 0.0 0.26210826210826216 0.26210826210826216 0.26210826210826216 0.2 0.26210826210826216 0.26210826210826216 0.26210826210826216 0.0 0.0 0.0 0.0 0.26210826210826216
X11113611 0.26210826210826216 0.0 0.0 0.26210826210826216 0.0 0.0 0.0 0.0 0.4000000000000001 0.26210826210826216 0.2695035460992908 0.0 0.26210826210826216 0.0 0.0 0.26210826210826216 0.0 0.0 0.0 0.3266932270916335
X11113700 0.0 0.0 0.0 0.0 0.0 0.0 0.0 0.0 0.0 0.0 0.0 0.0 0.0 0.0 0.0 0.0 0.0 0.0 0.0 0.0
X11113701 0.0 0.0 0.0 0.0 0.0 0.0 0.0 0.0 0.0 0.0 0.0 0.0 0.0 0.0 0.0 0.0 0.0 0.0 0.0 0.26210826210826216
X11113710 0.0 0.26210826210826216 0.0 0.0 0.0 0.0 0.3384615384615385 0.0 0.26210826210826216 0.0 0.0 0.0 0.26210826210826216 0.26210826210826216 0.0 0.0 0.26210826210826216 0.26210826210826216 0.0 0.0
X11113711 0.0 0.26210826210826216 0.0 0.0 0.0 0.24104234527687296 0.0 0.26210826210826216 0.26210826210826216 0.26210826210826216 0.0 0.0 0.26210826210826216 0.26210826210826216 0.0 0.0 0.26210826210826216 0.26210826210826216 0.4166666666666667 0.0
X12002300 0.0 0.0 0.18518518518518517 0.042553191489361694 0.22580645161290325 0.0 0.1694915254237288 0.14285714285714285 0.0 0.041666666666666664 0.0 0.22535211267605634 0.17910447761194026 0.0 0.0 0.041666666666666664 0.0 0.0 0.0 0.0
X12002301 0.07142857142857142 0.08333333333333333 0.07407407407407408 0.07142857142857142 0.07142857142857142 0.04 0.07692307692307691 0.07547169811320756 0.07272727272727274 0.0 0.07407407407407408 0.041666666666666664 0.03636363636363637 0.07547169811320756 0.07547169811320756 0.0 0.07692307692307691 0.04 0.11764705882352941 0.07547169811320756
X12002310 0.3023255813953488 0.32432432432432434 0.24680851063829787 0.2619047619047619 0.273224043715847 0.23008849557522124 0.2828282828282829 0.3760683760683761 0.25301204819277107 0.3170731707317073 0.2696629213483146 0.2589928057553957 0.3105590062111801 0.346938775510204 0.21359223300970873 0.2875 0.2476190476190476 0.25 0.21538461538461537 0.35384615384615387
X12002311 0.4090909090909091 0.36781609195402304 0.19444444444444445 0.23188405797101447 0.15625 0.16129032258064516 0.1904761904761905 0.2222222222222222 0.16129032258064516 0.26315789473684204 0.30769230769230765 0.4380952380952381 0.3243243243243243 0.1 0.2191780821917808 0.24691358024691357 0.3953488372093023 0.35772357723577236 0.09677419354838708 0.12903225806451613
X12012300 0.0 0.0 0.0 0.14492753623188406 0.0 0.03278688524590164 0.2465753424657534 0.0 0.0 0.0 0.0 0.0 0.0 0.0 0.34108527131782945 0.0 0.0 0.04545454545454545 0.0 0.4230769230769231
X12012301 0.04 0.0 0.0 0.0 0.1081081081081081 0.0 0.10666666666666666 0.14705882352941177 0.0 0.0 0.32075471698113206 0.2 0.0 0.11594202898550723 0.0 0.08333333333333334 0.0 0.0 0.0 0.0
X12012310 0.38383838383838387 0.39024390243902435 0.4137931034482759 0.41666666666666663 0.41304347826086957 0.37583892617449666 0.4230769230769231 0.23376623376623382 0.3267326732673267 0.3468208092485549 0.37168141592920356 0.25 0.42857142857142855 0.391304347826087 0.2857142857142857 0.38620689655172413 0.2898550724637681 0.41558441558441556 0.33333333333333337 0.37383177570093457
X12012311 0.32704402515723263 0.20382165605095542 0.32472324723247237 0.27 0.2786885245901639 0.3485477178423237 0.25882352941176473 0.2889733840304182 0.22000000000000003 0.17187500000000003 0.2948207171314741 0.20731707317073172 0.3305785123966942 0.19327731092436976 0.27472527472527475 0.2727272727272727 0.25263157894736843 0.3049645390070922 0.2846715328467153 0.19230769230769232
X12012400 0.0 0.0 0.0 0.07017543859649122 0.1627906976744186 0.2820512820512821 0.2191780821917808 0.0 0.0 0.0 0.0 0.0 0.0 0.0 0.37362637362637363 0.0 0.0 0.0 0.0 0.0
X12012401 0.0 0.0 0.0 0.0 0.0 0.09375000000000001 0.0 0.0 0.0 0.09375000000000001 0.07407407407407408 0.0 0.0 0.0 0.03703703703703704 0.0 0.0 0.0 0.0 0.0
X12012410 0.41212121212121205 0.3859649122807018 0.42748091603053434 0.38202247191011235 0.4227642276422764 0.4782608695652174 0.4175824175824176 0.3191489361702128 0.38999999999999996 0.33463035019455256 0.3870967741935484 0.3950617283950617 0.411764705882353 0.43103448275862066 0.27397260273972607 0.26285714285714284 0.4727272727272727 0.36893203883495146 0.24615384615384617 0.42424242424242425
X12012411 0.3284671532846716 0.33480176211453744 0.32608695652173914 0.2261904761904762 0.3050847457627119 0.29411764705882354 0.3214285714285714 0.29411764705882354 0.2588235294117647 0.4044943820224719 0.3237410071942446 0.20571428571428574 0.30927835051546393 0.21739130434782608 0.28813559322033905 0.3333333333333333 0.29235880398671094 0.26041666666666663 0.2543859649122807 0.31468531468531474
X12012500 0.0 0.0 0.0 0.026315789473684213 0.0 0.0 0.0 0.03846153846153846 0.09523809523809525 0.0 0.0 0.0 0.0 0.0 0.0392156862745098 0.03846153846153846 0.0 0.0 0.0 0.0
X12012501 0.0 0.0 0.15384615384615385 0.0 0.0 0.0 0.0 0.041666666666666664 0.0 0.0 0.06060606060606061 0.0 0.0 0.0 0.0 0.0 0.0 0.0 0.028571428571428567 0.0
X12012510 0.3548387096774194 0.3880597014925372 0.4380952380952381 0.2943396226415094 0.42580645161290326 0.4331210191082802 0.4 0.2897526501766785 0.3258426966292135 0.375 0.39999999999999997 0.39655172413793105 0.39759036144578314 0.42748091603053434 0.4094488188976378 0.4 0.4 0.3945578231292517 0.38636363636363635 0.4137931034482759
X12012511 0.30716723549488056 0.27848101265822783 0.37810945273631835 0.3416666666666667 0.2 0.21698113207547173 0.36111111111111105 0.32432432432432423 0.24545454545454545 0.1588785046728972 0.31336405529953915 0.20304568527918787 0.3259259259259259 0.3424124513618677 0.3214285714285714 0.40211640211640215 0.30588235294117644 0.297029702970297 0.2714285714285714 0.28758169934640526
X12012600 0.0 0.0 0.0 0.0 0.0 0.07142857142857144 0.0 0.0 0.0 0.0 0.0 0.0 0.0 0.0 0.0 0.2545454545454546 0.0 0.3541666666666667 0.0 0.0
X12012601 0.0 0.0 0.10909090909090909 0.0 0.0 0.1 0.0 0.0 0.03508771929824561 0.0 0.03125 0.03278688524590164 0.09677419354838708 0.0 0.0 0.0 0.0 0.06349206349206349 0.21782178217821782 0.08163265306122448
X12012610 0.2978723404255319 0.43023255813953487 0.38983050847457623 0.4000000000000001 0.3801652892561983 0.4049079754601227 0.3783783783783784 0.295774647887324 0.430379746835443 0.40875912408759124 0.3959390862944162 0.3826086956521739 0.33540372670807456 0.344 0.3773584905660377 0.4 0.37383177570093457 0.3865546218487395 0.39285714285714285 0.35658914728682173
X12012611 0.07575757575757576 0.25316455696202533 0.32209737827715357 0.14942528735632185 0.3088235294117648 0.3252032520325203 0.32967032967032966 0.3237410071942446 0.3018867924528302 0.03636363636363637 0.3135593220338983 0.3259259259259259 0.3050847457627119 0.3584905660377358 0.29914529914529914 0.30281690140845074 0.31111111111111106 0.3271375464684015 0.2731707317073171 0.30821917808219174
X12012700 0.0 0.35185185185185186 0.0 0.1 0.0 0.0 0.0 0.0 0.0 0.0 0.3636363636363636 0.3392857142857143 0.1348314606741573 0.3925233644859813 0.0 0.0 0.0 0.0 0.09836065573770492 0.0
X12012701 0.2597402597402597 0.0 0.0 0.0 0.0 0.0 0.0 0.07017543859649122 0.0 0.0 0.0 0.14285714285714288 0.1891891891891892 0.0 0.24615384615384614 0.0 0.0 0.0 0.1176470588235294 0.0
X12012710 0.3801652892561983 0.26210826210826216 0.37333333333333335 0.33620689655172414 0.4158415841584158 0.4049079754601227 0.17708333333333331 0.41025641025641024 0.4 0.39669421487603307 0.43636363636363634 0.3728813559322034 0.4029850746268657 0.39999999999999997 0.3870967741935484 0.375 0.3976608187134503 0.3609022556390977 0.4 0.375
X12012711 0.23809523809523805 0.2857142857142857 0.31249999999999994 0.3283582089552239 0.32028469750889677 0.30716723549488056 0.2787456445993031 0.09836065573770492 0.29545454545454547 0.3345724907063197 0.27956989247311825 0.3061224489795918 0.309433962264151 0.21238938053097345 0.0 0.3 0.22916666666666666 0.26728110599078336 0.3180212014134276 0.19999999999999998
X12013300 0.0 0.0 0.0 0.0392156862745098 0.0 0.0 0.0 0.0 0.0 0.0 0.0 0.19753086419753085 0.04081632653061224 0.0 0.16901408450704222 0.0 0.04081632653061224 0.0 0.0 0.0
X12013301 0.03703703703703704 0.0 0.0 0.0 0.0 0.0 0.0 0.03508771929824561 0.15625 0.18604651162790697 0.0 0.0 0.0 0.0 0.0 0.0 0.04081632653061224 0.03773584905660378 0.0 0.0
X12013310 0.40875912408759124 0.33986928104575165 0.36815920398009944 0.4492753623188406 0.3275862068965517 0.3711340206185567 0.35233160621761656 0.4098360655737705 0.4050632911392405 0.4387096774193548 0.34920634920634924 0.36170212765957444 0.34653465346534656 0.35233160621761656 0.37383177570093457 0.3888888888888889 0.4 0.3703703703703704 0.33112582781456945 0.4025157232704402
X12013311 0.302158273381295 0.3789473684210527 0.28125 0.2857142857142857 0.26765799256505574 0.15841584158415842 0.3291139240506329 0.34196891191709844 0.3114754098360656 0.3231441048034935 0.2345679012345679 0.2914572864321608 0.3225806451612903 0.2695035460992908 0.3305084745762712 0.24669603524229072 0.31141868512110726 0.304932735426009 0.22549019607843138 0.34782608695652173
X12013400 0.0 0.0 0.03773584905660378 0.0 0.04081632653061224 0.2831858407079646 0.0 0.0 0.0 0.0 0.0 0.0 0.0 0.0 0.0 0.0 0.0 0.0 0.0784313725490196 0.0392156862745098
X12013401 0.04 0.1694915254237288 0.0 0.0 0.0784313725490196 0.04 0.0 0.04081632653061224 0.08333333333333334 0.0 0.0 0.04081632653061224 0.11764705882352941 0.1724137931034483 0.07142857142857142 0.21212121212121213 0.0 0.0 0.12698412698412698 0.0
X12013410 0.38613861386138615 0.45925925925925926 0.43373493975903615 0.3763440860215054 0.33333333333333337 0.3779527559055118 0.3163841807909604 0.3238095238095238 0.36904761904761907 0.41509433962264153 0.40322580645161293 0.4077669902912621 0.3802816901408451 0.29447852760736193 0.39370078740157477 0.34782608695652173 0.37410071942446044 0.4409448818897638 0.45390070921985815 0.3893805309734514
X12013411 0.29900332225913623 0.17910447761194026 0.29126213592233013 0.2909090909090909 0.3249097472924188 0.3161764705882353 0.304054054054054 0.28852459016393445 0.31468531468531474 0.14705882352941177 0.27777777777777773 0.3061224489795918 0.2980769230769231 0.30662020905923343 0.32850241545893727 0.30927835051546393 0.31249999999999994 0.3237410071942446 0.31141868512110726 0.3061224489795918
X12013500 0.0 0.0784313725490196 0.0 0.0 0.25 0.0784313725490196 0.0 0.14285714285714285 0.0 0.0 0.0 0.0 0.0 0.0 0.0 0.0 0.32653061224489793 0.0 0.028571428571428567 0.0
X12013501 0.0 0.03333333333333333 0.06779661016949153 0.0 0.0 0.0 0.07142857142857142 0.0 0.042553191489361694 0.0 0.0 0.0 0.0 0.0784313725490196 0.0 0.041666666666666664 0.0 0.034482758620689655 0.12903225806451613 0.0
X12013510 0.3897435897435898 0.3626373626373626 0.4313725490196078 0.39784946236559143 0.31884057971014496 0.36923076923076925 0.3717948717948718 0.3756906077348066 0.3924050632911393 0.3975155279503106 0.3756345177664975 0.3930635838150289 0.3821656050955414 0.40229885057471265 0.4142857142857143 0.39520958083832336 0.37438423645320196 0.4210526315789474 0.40449438202247184 0.40845070422535207
X12013511 0.32 0.2755102040816326 0.2980392156862745 0.28865979381443296 0.34821428571428575 0.2842105263157895 0.344 0.28431372549019607 0.32156862745098036 0.3045685279187817 0.3225806451612903 0.21052631578947367 0.28695652173913044 0.2717391304347826 0.3013698630136986 0.14084507042253522 0.32307692307692304 0.3293172690763052 0.31746031746031744 0.34453781512605036
X12013600 0.10909090909090909 0.0 0.2682926829268293 0.0 0.0273972602739726 0.0 0.0 0.0 0.0 0.0 0.0 0.0 0.0 0.0 0.0 0.0 0.0 0.0 0.0 0.0
X12013601 0.0 0.0 0.0 0.10169491525423728 0.0 0.0 0.0 0.042553191489361694 0.0 0.06779661016949153 0.0 0.0 0.0 0.0 0.0 0.0 0.0 0.0 0.0 0.0
X12013610 0.3466666666666666 0.3875968992248062 0.35602094240837695 0.37777777777777777 0.3431952662721894 0.4029850746268657 0.4210526315789474 0.41666666666666663 0.38509316770186336 0.2638036809815951 0.3515151515151515 0.4220183486238532 0.36046511627906974 0.4096385542168674 0.4094488188976378 0.38636363636363635 0.4186046511627907 0.375 0.3924050632911393 0.39999999999999997
X12013611 0.30379746835443033 0.29464285714285715 0.04081632653061224 0.29411764705882354 0.125 0.3178294573643411 0.2333333333333334 0.27848101265822783 0.31799163179916323 0.303030303030303 0.34831460674157305 0.3107569721115538 0.3050847457627119 0.34703196347031967 0.33333333333333337 0.3349282296650718 0.3416666666666667 0.29319371727748694 0.3053435114503817 0.336283185840708
X12013700 0.0 0.21311475409836064 0.0 0.0 0.0 0.0 0.03389830508474576 0.0 0.1111111111111111 0.06779661016949153 0.34090909090909094 0.0 0.0 0.1764705882352941 0.0 0.0 0.041666666666666664 0.0 0.0 0.0
X12013701 0.0 0.0 0.0 0.18556701030927836 0.15151515151515152 0.19444444444444445 0.0 0.31999999999999995 0.0 0.0 0.0 0.0 0.1386138613861386 0.0 0.0 0.0 0.0 0.0 0.0 0.0
X12013710 0.37272727272727274 0.3918918918918919 0.4113475177304965 0.42519685039370075 0.34871794871794876 0.3802816901408451 0.3945578231292517 0.3959390862944162 0.33333333333333337 0.4148936170212766 0.38947368421052625 0.37623762376237624 0.416 0.3686635944700461 0.3921568627450981 0.38190954773869346 0.39694656488549623 0.42748091603053434 0.37735849056603776 0.3529411764705882
X12013711 0.3513513513513513 0.30434782608695654 0.23414634146341465 0.3137254901960784 0.3097345132743363 0.3266932270916335 0.32330827067669177 0.31325301204819284 0.33913043478260874 0.32061068702290074 0.3394495412844037 0.32234432234432236 0.33076923076923076 0.3114754098360656 0.3237410071942446 0.35862068965517246 0.33128834355828224 0.32000000000000006 0.3071428571428572 0.2369668246445498
X12102300 0.0 0.0 0.0 0.0 0.0 0.0 0.0 0.0 0.0 0.0 0.0 0.0 0.0 0.0 0.0 0.0 0.0 0.0 0.0 0.0
X12102301 0.0 0.0 0.0 0.0 0.0 0.0 0.0 0.0 0.0 0.0 0.0 0.06779661016949153 0.0 0.0 0.0 0.0 0.0 0.0 0.0 0.06896551724137931
X12102310 0.0 0.26210826210826216 0.26285714285714284 0.26210826210826216 0.26210826210826216 0.26210826210826216 0.0 0.26210826210826216 0.0 0.26285714285714284 0.0 0.26210826210826216 0.26210826210826216 0.2658959537572254 0.0 0.0 0.26210826210826216 0.2636103151862464 0.0 0.0
X12102311 0.26210826210826216 0.0 0.26285714285714284 0.3655913978494624 0.0 0.3883495145631068 0.0 0.3684210526315789 0.45098039215686275 0.26210826210826216 0.19444444444444445 0.26210826210826216 0.26210826210826216 0.0 0.0 0.26210826210826216 0.2597402597402597 0.0 0.416 0.0
X12112300 0.0 0.0 0.0 0.0 0.0 0.0 0.0 0.0 0.0 0.0 0.0 0.0 0.0 0.0 0.0 0.0 0.0 0.0 0.0 0.0
X12112301 0.0 0.0 0.0 0.0 0.09375000000000001 0.0 0.0 0.0 0.0 0.0 0.0 0.0 0.0 0.0 0.0 0.0 0.0 0.0 0.0 0.0
X12112310 0.26210826210826216 0.26210826210826216 0.26210826210826216 0.0944206008583691 0.26210826210826216 0.0 0.0 0.26210826210826216 0.0 0.0 0.0 0.0 0.3568075117370892 0.26210826210826216 0.0 0.26210826210826216 0.26210826210826216 0.26210826210826216 0.0 0.26210826210826216
X12112311 0.0 0.26210826210826216 0.26210826210826216 0.26210826210826216 0.26210826210826216 0.26210826210826216 0.26210826210826216 0.28753993610223644 0.25862068965517243 0.26210826210826216 0.26210826210826216 0.0 0.26210826210826216 0.0 0.0 0.26210826210826216 0.0 0.26210826210826216 0.26210826210826216 0.0
X12112400 0.0 0.0 0.0 0.0 0.0 0.0 0.0 0.0 0.0 0.0 0.0 0.0 0.0 0.0 0.0 0.0 0.0 0.0 0.0 0.0
X12112401 0.0 0.0 0.26210826210826216 0.0 0.4067796610169491 0.0 0.0 0.0 0.26285714285714284 0.0 0.0 0.0 0.0 0.0 0.0 0.0 0.26210826210826216 0.0 0.0 0.0
X12112410 0.0 0.0 0.26210826210826216 0.26210826210826216 0.0 0.0 0.0 0.0 0.18666666666666665 0.0 0.1 0.26210826210826216 0.0 0.26210826210826216 0.07407407407407408 0.0 0.0 0.41772151898734183 0.26210826210826216 0.26210826210826216
X12112411 0.0 0.0 0.0 0.0 0.26210826210826216 0.125 0.0 0.0 0.0 0.0 0.0 0.0 0.12307692307692308 0.26210826210826216 0.26210826210826216 0.0 0.24050632911392408 0.0 0.27129337539432175 0.0
X12112500 0.0 0.0 0.0 0.0 0.0 0.0 0.0 0.0 0.0 0.0 0.0 0.0 0.0 0.0 0.0 0.0 0.0 0.0 0.0 0.0
X12112501 0.0 0.0 0.0 0.0 0.0 0.0 0.0 0.0 0.0 0.0 0.0 0.0 0.0 0.0 0.0 0.0 0.0 0.0 0.0 0.0
X12112510 0.26210826210826216 0.3283582089552239 0.0 0.26210826210826216 0.26210826210826216 0.3 0.0 0.0 0.26210826210826216 0.0 0.0 0.0 0.0 0.26210826210826216 0.0 0.0 0.0 0.26210826210826216 0.0 0.26210826210826216
X12112511 0.26210826210826216 0.0 0.0 0.0 0.0 0.26210826210826216 0.26210826210826216 0.0 0.26210826210826216 0.2713864306784661 0.26210826210826216 0.0 0.2710843373493976 0.0 0.0 0.0 0.26210826210826216 0.26210826210826216 0.26210826210826216 0.0
X12112600 0.0 0.0 0.0 0.0 0.0 0.0 0.0 0.0 0.0 0.0 0.0 0.0 0.0 0.0 0.0 0.0 0.0 0.0 0.0 0.0
X12112601 0.0 0.0 0.0 0.0 0.0 0.0 0.0 0.0 0.0 0.0 0.0 0.0 0.0 0.0 0.0 0.0 0.0 0.0 0.0 0.0
X12112610 0.0 0.0 0.33333333333333337 0.26210826210826216 0.2058823529411765 0.0 0.25443786982248523 0.0 0.0 0.2913907284768212 0.26210826210826216 0.2402402402402402 0.26210826210826216 0.10909090909090909 0.0 0.0 0.26210826210826216 0.0 0.0 0.2960526315789474
X12112611 0.26210826210826216 0.0 0.0 0.0 0.0 0.26210826210826216 0.26210826210826216 0.26210826210826216 0.26210826210826216 0.0 0.0 0.0 0.26210826210826216 0.26285714285714284 0.0 0.26210826210826216 0.26210826210826216 0.2705882352941177 0.0 0.0
X12112700 0.0 0.0 0.0 0.0 0.0 0.0 0.0 0.0 0.0 0.0 0.0 0.0 0.0 0.0 0.0 0.0 0.0 0.0 0.0 0.0
X12112701 0.0 0.2786069651741293 0.0 0.0 0.0 0.0 0.0 0.0 0.0 0.0 0.0 0.0 0.0 0.0 0.0 0.0 0.0 0.0 0.0 0.0
X12112710 0.26210826210826216 0.26210826210826216 0.26210826210826216 0.3510204081632653 0.0 0.26210826210826216 0.26210826210826216 0.26210826210826216 0.0 0.0 0.26210826210826216 0.0 0.0 0.26210826210826216 0.26210826210826216 0.12322274881516587 0.26210826210826216 0.26210826210826216 0.0 0.26210826210826216
X12112711 0.26210826210826216 0.0 0.0 0.26210826210826216 0.0 0.0 0.26210826210826216 0.0 0.26210826210826216 0.26210826210826216 0.0 0.26210826210826216 0.0 0.0 0.26210826210826216 0.23008849557522126 0.26210826210826216 0.26210826210826216 0.0 0.0
X12113300 0.0 0.0 0.0 0.0 0.0 0.0 0.0 0.0 0.0 0.0 0.0 0.0 0.0 0.0 0.0 0.0 0.0 0.0 0.0 0.0
X12113301 0.0 0.0 0.0 0.0 0.0 0.26285714285714284 0.0 0.0 0.0 0.0 0.0 0.0 0.0 0.0 0.0 0.0 0.0 0.0 0.0 0.0
X12113310 0.26210826210826216 0.0 0.3426294820717131 0.26210826210826216 0.0 0.30201342281879195 0.2830188679245283 0.2980132450331126 0.2922077922077922 0.0 0.26210826210826216 0.26210826210826216 0.26210826210826216 0.26210826210826216 0.0 0.28846153846153844 0.0 0.0 0.0 0.26210826210826216
X12113311 0.0 0.0 0.0 0.0 0.10606060606060606 0.0 0.26210826210826216 0.0 0.0 0.0 0.26210826210826216 0.0 0.0 0.26210826210826216 0.0 0.0 0.0 0.0 0.0 0.24299065420560748
X12113400 0.0 0.0 0.0 0.0 0.0 0.0 0.0 0.0 0.0 0.0 0.0 0.0 0.0 0.0 0.0 0.0 0.0 0.0 0.0 0.0
X12113401 0.0 0.0 0.0 0.0 0.0 0.0 0.0 0.0 0.0 0.0 0.0 0.0 0.0 0.0 0.0 0.0 0.0 0.0 0.0 0.0
X12113410 0.29931972789115646 0.26210826210826216 0.0 0.0 0.26210826210826216 0.26210826210826216 0.26210826210826216 0.0 0.26210826210826216 0.26210826210826216 0.26210826210826216 0.26210826210826216 0.0 0.26210826210826216 0.26210826210826216 0.0 0.0 0.26210826210826216 0.26210826210826216 0.0
X12113411 0.26210826210826216 0.03773584905660378 0.0 0.21428571428571427 0.0 0.0 0.26210826210826216 0.26210826210826216 0.26210826210826216 0.0 0.25862068965517243 0.0 0.0 0.26210826210826216 0.0 0.26210826210826216 0.0 0.26210826210826216 0.0 0.0
X12113500 0.0 0.0 0.0 0.0 0.0 0.0 0.0 0.0 0.0 0.0 0.0 0.0 0.0 0.0 0.0 0.0 0.0 0.0 0.0 0.0
X12113501 0.0 0.0 0.0 0.0 0.0 0.0 0.0 0.0 0.0 0.0 0.26210826210826216 0.0 0.09433962264150943 0.0 0.0 0.0 0.0 0.0 0.0 0.0
X12113510 0.024999999999999998 0.0 0.26210826210826216 0.0 0.26210826210826216 0.26210826210826216 0.05673758865248227 0.3385826771653543 0.0 0.0 0.26210826210826216 0.0 0.0 0.26210826210826216 0.3826086956521739 0.26210826210826216 0.26210826210826216 0.26210826210826216 0.0 0.0
X12113511 0.26210826210826216 0.26210826210826216 0.26210826210826216 0.0 0.3 0.0 0.26210826210826216 0.26210826210826216 0.29411764705882354 0.08633093525179857 0.26210826210826216 0.0 0.26210826210826216 0.2165605095541401 0.0 0.0 0.0 0.0 0.0 0.0
X12113600 0.0 0.0 0.0 0.0 0.0 0.0 0.0 0.0 0.0 0.0 0.0 0.0 0.0 0.0 0.0 0.0 0.0 0.0 0.0 0.0
X12113601 0.0 0.0 0.0 0.0 0.0 0.0 0.042553191489361694 0.0 0.0 0.0 0.0 0.0 0.0 0.0 0.0 0.0 0.0 0.0 0.0 0.0
X12113610 0.26210826210826216 0.0 0.0 0.0 0.28753993610223644 0.26210826210826216 0.0 0.26210826210826216 0.26210826210826216 0.26210826210826216 0.26210826210826216 0.26210826210826216 0.0 0.26210826210826216 0.26210826210826216 0.12195121951219512 0.26210826210826216 0.26210826210826216 0.0 0.0
X12113611 0.2911392405063291 0.2645161290322581 0.0 0.0 0.26210826210826216 0.0 0.0 0.26210826210826216 0.26210826210826216 0.0 0.26210826210826216 0.26210826210826216 0.0 0.26210826210826216 0.26210826210826216 0.0 0.0 0.0 0.26210826210826216 0.26210826210826216
X12113700 0.0 0.0 0.0 0.0 0.0 0.0 0.0 0.0 0.0 0.0 0.0 0.0 0.0 0.0 0.0 0.0 0.0 0.0 0.0 0.0
X12113701 0.0 0.0 0.0 0.0 0.0 0.0 0.0 0.0 0.0 0.0 0.0 0.0 0.0 0.0 0.0 0.0 0.0 0.0 0.0 0.0
X12113710 0.26210826210826216 0.26210826210826216 0.0 0.10909090909090909 0.26210826210826216 0.0 0.0 0.26210826210826216 0.26210826210826216 0.26210826210826216 0.0 0.0 0.26210826210826216 0.26210826210826216 0.0 0.3764705882352941 0.0 0.26210826210826216 0.0 0.26210826210826216
X12113711 0.0 0.0 0.0 0.26210826210826216 0.0 0.0 0.0 0.0 0.26210826210826216 0.0 0.0 0.0 0.0 0.26210826210826216 0.26210826210826216 0.26210826210826216 0.0 0.26210826210826216 0.264367816091954 0.0
X13002300 0.15094339622641512 0.041666666666666664 0.08163265306122448 0.0 0.042553191489361694 0.1724137931034483 0.14285714285714285 0.0 0.041666666666666664 0.0 0.13559322033898305 0.1754385964912281 0.0 0.21212121212121213 0.0 0.1724137931034483 0.08 0.0 0.21212121212121213 0.0
X13002301 0.0 0.0 0.0 0.0 0.0 0.0 0.0 0.0 0.0 0.0 0.0 0.0 0.0 0.0 0.0 0.0 0.0 0.0 0.0 0.0
X13002310 0.2361111111111111 0.2772277227722772 0.3333333333333333 0.2727272727272727 0.2571428571428572 0.21621621621621623 0.29530201342281875 0.23684210526315788 0.12949640287769784 0.32323232323232326 0.26 0.3 0.32167832167832167 0.24137931034482754 0.225 0.24999999999999994 0.3090909090909091 0.26143790849673204 0.25120772946859904 0.291970802919708
X13002311 0.10169491525423728 0.07407407407407408 0.03703703703703704 0.03773584905660378 0.0 0.07407407407407408 0.03846153846153846 0.07407407407407408 0.03846153846153846 0.0392156862745098 0.03846153846153846 0.07017543859649122 0.07692307692307691 0.4052287581699346 0.03846153846153846 0.0 0.0 0.10169491525423728 0.03773584905660378 0.03773584905660378
X13012300 0.0 0.10526315789473684 0.0 0.0 0.0 0.0 0.0 0.0 0.0 0.0 0.04081632653061224 0.0 0.0 0.0 0.0 0.0 0.0 0.0 0.0 0.0
X13012301 0.0 0.0 0.0 0.0 0.0 0.034482758620689655 0.0 0.0 0.0 0.0 0.03773584905660378 0.0 0.03703703703703704 0.0 0.0 0.0 0.0 0.03846153846153846 0.0 0.0
X13012310 0.44274809160305345 0.37349397590361444 0.2 0.37735849056603776 0.32222222222222224 0.39622641509433965 0.4409448818897638 0.37383177570093457 0.3615819209039548 0.3584905660377358 0.2923076923076923 0.312267657992565 0.33333333333333337 0.30069930069930073 0.0 0.3696682464454976 0.4202898550724638 0.3947368421052632 0.36269430051813467 0.42424242424242425
X13012311 0.2980132450331126 0.3157894736842105 0.28391167192429023 0.25230769230769234 0.3 0.3 0.29900332225913623 0.04081632653061224 0.2555066079295154 0.2822085889570552 0.28703703703703703 0.034482758620689655 0.030303030303030304 0.29032258064516125 0.30418250950570347 0.0 0.03333333333333333 0.03703703703703704 0.26540284360189575 0.28115015974440893
X13012400 0.0784313725490196 0.0 0.4077669902912621 0.0 0.0 0.07547169811320756 0.0 0.0 0.0 0.0 0.0 0.0 0.0 0.0 0.3614457831325302 0.0 0.0 0.0 0.26229508196721313 0.0
X13012401 0.0 0.0 0.0 0.0 0.0 0.0 0.0392156862745098 0.0 0.0 0.07692307692307691 0.0 0.0 0.0 0.0 0.0 0.0 0.0 0.0 0.0 0.0
X13012410 0.3714285714285714 0.3574468085106383 0.4230769230769231 0.2028985507246377 0.3801652892561983 0.3577981651376147 0.3714285714285714 0.38578680203045684 0.41830065359477114 0.33333333333333337 0.41666666666666663 0.4067796610169491 0.4201680672268907 0.4444444444444445 0.36363636363636365 0.36879432624113473 0.34444444444444444 0.2388059701492537 0.3909774436090226 0.36734693877551017
X13012411 0.3050847457627119 0.30000000000000004 0.28758169934640526 0.28664495114006516 0.27450980392156865 0.296551724137931 0.20338983050847456 0.2913907284768212 0.2847222222222222 0.29370629370629375 0.2857142857142857 0.28025477707006374 0.295774647887324 0.18300653594771238 0.2980132450331126 0.2895622895622896 0.2980132450331126 0.2931596091205212 0.28938906752411575 0.29065743944636674
X13012500 0.1764705882352941 0.0 0.0 0.0 0.0 0.0 0.0 0.0 0.0 0.0 0.0 0.0 0.0 0.0 0.0 0.0 0.0 0.0 0.0 0.0
