X01002300 0.391304347826087 0.391304347826087 0.391304347826087 0.391304347826087 0.391304347826087 0.391304347826087 0.391304347826087 0.391304347826087 0.391304347826087 0.391304347826087 0.391304347826087 0.391304347826087 0.391304347826087 0.391304347826087 0.391304347826087 0.391304347826087 0.391304347826087 0.391304347826087 0.391304347826087 0.391304347826087
X01002310 0.36 0.36 0.36 0.36 0.36 0.36 0.36 0.36 0.36 0.36 0.36 0.36 0.36 0.36 0.36 0.36 0.36 0.36 0.36 0.36
X01012300 0.2222222222222222 0.2222222222222222 0.2222222222222222 0.2222222222222222 0.2222222222222222 0.2222222222222222 0.2222222222222222 0.2222222222222222 0.2222222222222222 0.2222222222222222 0.2222222222222222 0.2222222222222222 0.2222222222222222 0.2222222222222222 0.2222222222222222 0.2222222222222222 0.2222222222222222 0.2222222222222222 0.2222222222222222 0.2222222222222222
X01012310 0.3191489361702128 0.3191489361702128 0.3191489361702128 0.3191489361702128 0.3191489361702128 0.3191489361702128 0.3191489361702128 0.3191489361702128 0.3191489361702128 0.3191489361702128 0.3191489361702128 0.3191489361702128 0.3191489361702128 0.3191489361702128 0.3191489361702128 0.3191489361702128 0.3191489361702128 0.3191489361702128 0.3191489361702128 0.3191489361702128
X01012400 0.2857142857142857 0.2857142857142857 0.2857142857142857 0.2857142857142857 0.2857142857142857 0.2857142857142857 0.2857142857142857 0.2857142857142857 0.2857142857142857 0.2857142857142857 0.2857142857142857 0.2857142857142857 0.2857142857142857 0.2857142857142857 0.2857142857142857 0.2857142857142857 0.2857142857142857 0.2857142857142857 0.2857142857142857 0.2857142857142857
X01012410 0.36666666666666664 0.36666666666666664 0.36666666666666664 0.36666666666666664 0.36666666666666664 0.36666666666666664 0.36666666666666664 0.36666666666666664 0.36666666666666664 0.36666666666666664 0.36666666666666664 0.36666666666666664 0.36666666666666664 0.36666666666666664 0.36666666666666664 0.36666666666666664 0.36666666666666664 0.36666666666666664 0.36666666666666664 0.36666666666666664
X01012500 0.5 0.5 0.5 0.5 0.5 0.5 0.5 0.5 0.5 0.5 0.5 0.5 0.5 0.5 0.5 0.5 0.5 0.5 0.5 0.5
X01012510 0.3448275862068966 0.3448275862068966 0.3448275862068966 0.3448275862068966 0.3448275862068966 0.3448275862068966 0.3448275862068966 0.3448275862068966 0.3448275862068966 0.3448275862068966 0.3448275862068966 0.3448275862068966 0.3448275862068966 0.3448275862068966 0.3448275862068966 0.3448275862068966 0.3448275862068966 0.3448275862068966 0.3448275862068966 0.3448275862068966
X01012600 0.3333333333333333 0.3333333333333333 0.3333333333333333 0.3333333333333333 0.3333333333333333 0.3333333333333333 0.3333333333333333 0.3333333333333333 0.3333333333333333 0.3333333333333333 0.3333333333333333 0.3333333333333333 0.3333333333333333 0.3333333333333333 0.3333333333333333 0.3333333333333333 0.3333333333333333 0.3333333333333333 0.3333333333333333 0.3333333333333333
X01012610 0.32653061224489793 0.32653061224489793 0.32653061224489793 0.32653061224489793 0.32653061224489793 0.32653061224489793 0.32653061224489793 0.32653061224489793 0.32653061224489793 0.32653061224489793 0.32653061224489793 0.32653061224489793 0.32653061224489793 0.32653061224489793 0.32653061224489793 0.32653061224489793 0.32653061224489793 0.32653061224489793 0.32653061224489793 0.32653061224489793
X01012700 0.5384615384615384 0.5384615384615384 0.5384615384615384 0.5384615384615384 0.5384615384615384 0.5384615384615384 0.5384615384615384 0.5384615384615384 0.5384615384615384 0.5384615384615384 0.5384615384615384 0.5384615384615384 0.5384615384615384 0.5384615384615384 0.5384615384615384 0.5384615384615384 0.5384615384615384 0.5384615384615384 0.5384615384615384 0.5384615384615384
X01012710 0.2608695652173913 0.2608695652173913 0.2608695652173913 0.2608695652173913 0.2608695652173913 0.2608695652173913 0.2608695652173913 0.2608695652173913 0.2608695652173913 0.2608695652173913 0.2608695652173913 0.2608695652173913 0.2608695652173913 0.2608695652173913 0.2608695652173913 0.2608695652173913 0.2608695652173913 0.2608695652173913 0.2608695652173913 0.2608695652173913
X01013300 0.25 0.25 0.25 0.25 0.25 0.25 0.25 0.25 0.25 0.25 0.25 0.25 0.25 0.25 0.25 0.25 0.25 0.25 0.25 0.25
X01013310 0.2972972972972973 0.2972972972972973 0.2972972972972973 0.2972972972972973 0.2972972972972973 0.2972972972972973 0.2972972972972973 0.2972972972972973 0.2972972972972973 0.2972972972972973 0.2972972972972973 0.2972972972972973 0.2972972972972973 0.2972972972972973 0.2972972972972973 0.2972972972972973 0.2972972972972973 0.2972972972972973 0.2972972972972973 0.2972972972972973
X01013400 0.2857142857142857 0.2857142857142857 0.2857142857142857 0.2857142857142857 0.2857142857142857 0.2857142857142857 0.2857142857142857 0.2857142857142857 0.2857142857142857 0.2857142857142857 0.2857142857142857 0.2857142857142857 0.2857142857142857 0.2857142857142857 0.2857142857142857 0.2857142857142857 0.2857142857142857 0.2857142857142857 0.2857142857142857 0.2857142857142857
X01013410 0.32558139534883723 0.32558139534883723 0.32558139534883723 0.32558139534883723 0.32558139534883723 0.32558139534883723 0.32558139534883723 0.32558139534883723 0.32558139534883723 0.32558139534883723 0.32558139534883723 0.32558139534883723 0.32558139534883723 0.32558139534883723 0.32558139534883723 0.32558139534883723 0.32558139534883723 0.32558139534883723 0.32558139534883723 0.32558139534883723
X01013500 0.2222222222222222 0.2222222222222222 0.2222222222222222 0.2222222222222222 0.2222222222222222 0.2222222222222222 0.2222222222222222 0.2222222222222222 0.2222222222222222 0.2222222222222222 0.2222222222222222 0.2222222222222222 0.2222222222222222 0.2222222222222222 0.2222222222222222 0.2222222222222222 0.2222222222222222 0.2222222222222222 0.2222222222222222 0.2222222222222222
X01013510 0.19298245614035087 0.19298245614035087 0.19298245614035087 0.19298245614035087 0.19298245614035087 0.19298245614035087 0.19298245614035087 0.19298245614035087 0.19298245614035087 0.19298245614035087 0.19298245614035087 0.19298245614035087 0.19298245614035087 0.19298245614035087 0.19298245614035087 0.19298245614035087 0.19298245614035087 0.19298245614035087 0.19298245614035087 0.19298245614035087
X01013600 0.0 0.0 0.0 0.0 0.0 0.0 0.0 0.0 0.0 0.0 0.0 0.0 0.0 0.0 0.0 0.0 0.0 0.0 0.0 0.0
X01013610 0.3958333333333333 0.3958333333333333 0.3958333333333333 0.3958333333333333 0.3958333333333333 0.3958333333333333 0.3958333333333333 0.3958333333333333 0.3958333333333333 0.3958333333333333 0.3958333333333333 0.3958333333333333 0.3958333333333333 0.3958333333333333 0.3958333333333333 0.3958333333333333 0.3958333333333333 0.3958333333333333 0.3958333333333333 0.3958333333333333
X01013700 0.25 0.25 0.25 0.25 0.25 0.25 0.25 0.25 0.25 0.25 0.25 0.25 0.25 0.25 0.25 0.25 0.25 0.25 0.25 0.25
X01013710 0.22413793103448276 0.22413793103448276 0.22413793103448276 0.22413793103448276 0.22413793103448276 0.22413793103448276 0.22413793103448276 0.22413793103448276 0.22413793103448276 0.22413793103448276 0.22413793103448276 0.22413793103448276 0.22413793103448276 0.22413793103448276 0.22413793103448276 0.22413793103448276 0.22413793103448276 0.22413793103448276 0.22413793103448276 0.22413793103448276
X01002300 0.391304347826087 0.391304347826087 0.391304347826087 0.391304347826087 0.391304347826087 0.391304347826087 0.391304347826087 0.391304347826087 0.391304347826087 0.391304347826087 0.391304347826087 0.391304347826087 0.391304347826087 0.391304347826087 0.391304347826087 0.391304347826087 0.391304347826087 0.391304347826087 0.391304347826087 0.391304347826087
X01002310 0.30434782608695654 0.30434782608695654 0.30434782608695654 0.30434782608695654 0.30434782608695654 0.30434782608695654 0.30434782608695654 0.30434782608695654 0.30434782608695654 0.30434782608695654 0.30434782608695654 0.30434782608695654 0.30434782608695654 0.30434782608695654 0.30434782608695654 0.30434782608695654 0.30434782608695654 0.30434782608695654 0.30434782608695654 0.30434782608695654
X01012300 0.3076923076923077 0.3076923076923077 0.3076923076923077 0.3076923076923077 0.3076923076923077 0.3076923076923077 0.3076923076923077 0.3076923076923077 0.3076923076923077 0.3076923076923077 0.3076923076923077 0.3076923076923077 0.3076923076923077 0.3076923076923077 0.3076923076923077 0.3076923076923077 0.3076923076923077 0.3076923076923077 0.3076923076923077 0.3076923076923077
X01012310 0.3157894736842105 0.3157894736842105 0.3157894736842105 0.3157894736842105 0.3157894736842105 0.3157894736842105 0.3157894736842105 0.3157894736842105 0.3157894736842105 0.3157894736842105 0.3157894736842105 0.3157894736842105 0.3157894736842105 0.3157894736842105 0.3157894736842105 0.3157894736842105 0.3157894736842105 0.3157894736842105 0.3157894736842105 0.3157894736842105
X01012400 0.46153846153846156 0.46153846153846156 0.46153846153846156 0.46153846153846156 0.46153846153846156 0.46153846153846156 0.46153846153846156 0.46153846153846156 0.46153846153846156 0.46153846153846156 0.46153846153846156 0.46153846153846156 0.46153846153846156 0.46153846153846156 0.46153846153846156 0.46153846153846156 0.46153846153846156 0.46153846153846156 0.46153846153846156 0.46153846153846156
X01012410 0.23684210526315788 0.23684210526315788 0.23684210526315788 0.23684210526315788 0.23684210526315788 0.23684210526315788 0.23684210526315788 0.23684210526315788 0.23684210526315788 0.23684210526315788 0.23684210526315788 0.23684210526315788 0.23684210526315788 0.23684210526315788 0.23684210526315788 0.23684210526315788 0.23684210526315788 0.23684210526315788 0.23684210526315788 0.23684210526315788
X01012500 0.6 0.6 0.6 0.6 0.6 0.6 0.6 0.6 0.6 0.6 0.6 0.6 0.6 0.6 0.6 0.6 0.6 0.6 0.6 0.6
X01012510 0.2465753424657534 0.2465753424657534 0.2465753424657534 0.2465753424657534 0.2465753424657534 0.2465753424657534 0.2465753424657534 0.2465753424657534 0.2465753424657534 0.2465753424657534 0.2465753424657534 0.2465753424657534 0.2465753424657534 0.2465753424657534 0.2465753424657534 0.2465753424657534 0.2465753424657534 0.2465753424657534 0.2465753424657534 0.2465753424657534
X01012600 0.5 0.5 0.5 0.5 0.5 0.5 0.5 0.5 0.5 0.5 0.5 0.5 0.5 0.5 0.5 0.5 0.5 0.5 0.5 0.5
X01012610 0.2653061224489796 0.2653061224489796 0.2653061224489796 0.2653061224489796 0.2653061224489796 0.2653061224489796 0.2653061224489796 0.2653061224489796 0.2653061224489796 0.2653061224489796 0.2653061224489796 0.2653061224489796 0.2653061224489796 0.2653061224489796 0.2653061224489796 0.2653061224489796 0.2653061224489796 0.2653061224489796 0.2653061224489796 0.2653061224489796
X01012700 0.6666666666666666 0.6666666666666666 0.6666666666666666 0.6666666666666666 0.6666666666666666 0.6666666666666666 0.6666666666666666 0.6666666666666666 0.6666666666666666 0.6666666666666666 0.6666666666666666 0.6666666666666666 0.6666666666666666 0.6666666666666666 0.6666666666666666 0.6666666666666666 0.6666666666666666 0.6666666666666666 0.6666666666666666 0.6666666666666666
X01012710 0.20833333333333334 0.20833333333333334 0.20833333333333334 0.20833333333333334 0.20833333333333334 0.20833333333333334 0.20833333333333334 0.20833333333333334 0.20833333333333334 0.20833333333333334 0.20833333333333334 0.20833333333333334 0.20833333333333334 0.20833333333333334 0.20833333333333334 0.20833333333333334 0.20833333333333334 0.20833333333333334 0.20833333333333334 0.20833333333333334
X01013300 0.45454545454545453 0.45454545454545453 0.45454545454545453 0.45454545454545453 0.45454545454545453 0.45454545454545453 0.45454545454545453 0.45454545454545453 0.45454545454545453 0.45454545454545453 0.45454545454545453 0.45454545454545453 0.45454545454545453 0.45454545454545453 0.45454545454545453 0.45454545454545453 0.45454545454545453 0.45454545454545453 0.45454545454545453 0.45454545454545453
X01013310 0.25 0.25 0.25 0.25 0.25 0.25 0.25 0.25 0.25 0.25 0.25 0.25 0.25 0.25 0.25 0.25 0.25 0.25 0.25 0.25
X01013400 0.3 0.3 0.3 0.3 0.3 0.3 0.3 0.3 0.3 0.3 0.3 0.3 0.3 0.3 0.3 0.3 0.3 0.3 0.3 0.3
X01013410 0.30952380952380953 0.30952380952380953 0.30952380952380953 0.30952380952380953 0.30952380952380953 0.30952380952380953 0.30952380952380953 0.30952380952380953 0.30952380952380953 0.30952380952380953 0.30952380952380953 0.30952380952380953 0.30952380952380953 0.30952380952380953 0.30952380952380953 0.30952380952380953 0.30952380952380953 0.30952380952380953 0.30952380952380953 0.30952380952380953
X01013500 0.5 0.5 0.5 0.5 0.5 0.5 0.5 0.5 0.5 0.5 0.5 0.5 0.5 0.5 0.5 0.5 0.5 0.5 0.5 0.5
X01013510 0.2682926829268293 0.2682926829268293 0.2682926829268293 0.2682926829268293 0.2682926829268293 0.2682926829268293 0.2682926829268293 0.2682926829268293 0.2682926829268293 0.2682926829268293 0.2682926829268293 0.2682926829268293 0.2682926829268293 0.2682926829268293 0.2682926829268293 0.2682926829268293 0.2682926829268293 0.2682926829268293 0.2682926829268293 0.2682926829268293
X01013600 0.375 0.375 0.375 0.375 0.375 0.375 0.375 0.375 0.375 0.375 0.375 0.375 0.375 0.375 0.375 0.375 0.375 0.375 0.375 0.375
X01013610 0.2702702702702703 0.2702702702702703 0.2702702702702703 0.2702702702702703 0.2702702702702703 0.2702702702702703 0.2702702702702703 0.2702702702702703 0.2702702702702703 0.2702702702702703 0.2702702702702703 0.2702702702702703 0.2702702702702703 0.2702702702702703 0.2702702702702703 0.2702702702702703 0.2702702702702703 0.2702702702702703 0.2702702702702703 0.2702702702702703
X01013700 0.16666666666666666 0.16666666666666666 0.16666666666666666 0.16666666666666666 0.16666666666666666 0.16666666666666666 0.16666666666666666 0.16666666666666666 0.16666666666666666 0.16666666666666666 0.16666666666666666 0.16666666666666666 0.16666666666666666 0.16666666666666666 0.16666666666666666 0.16666666666666666 0.16666666666666666 0.16666666666666666 0.16666666666666666 0.16666666666666666
X01013710 0.25 0.25 0.25 0.25 0.25 0.25 0.25 0.25 0.25 0.25 0.25 0.25 0.25 0.25 0.25 0.25 0.25 0.25 0.25 0.25
X11002300 0.0 0.0 0.0 0.0 0.5 0.0 0.0 0.3333333333333333 0.0 0.0 0.0 0.0 0.3333333333333333 0.0 0.0 0.0 0.0 0.0 0.0 0.0
X11002301 0.4642857142857143 0.45 0.5925925925925926 0.5263157894736842 0.5161290322580645 0.5185185185185185 0.4473684210526316 0.5 0.5142857142857142 0.47058823529411764 0.45 0.5 0.43902439024390244 0.48484848484848486 0.4722222222222222 0.45714285714285713 0.5333333333333333 0.5357142857142857 0.4444444444444444 0.4
X11002310 0.34328358208955223 0.3559322033898305 0.36666666666666664 0.38095238095238093 0.3424657534246575 0.42 0.3829787234042553 0.3230769230769231 0.42857142857142855 0.3709677419354839 0.4 0.3877551020408163 0.3770491803278688 0.41304347826086957 0.4117647058823529 0.4864864864864865 0.38333333333333336 0.36538461538461536 0.4 0.3333333333333333
X11002311 0.43478260869565216 0.37777777777777777 0.3953488372093023 0.42857142857142855 0.43478260869565216 0.3620689655172414 0.41304347826086957 0.41025641025641024 0.4166666666666667 0.3333333333333333 0.3559322033898305 0.37037037037037035 0.38461538461538464 0.4090909090909091 0.3829787234042553 0.3584905660377358 0.3617021276595745 0.37735849056603776 0.3684210526315789 0.42
X11012301 0.0 0.0 0.19444444444444445 0.23809523809523808 0.0 0.0 0.0 0.0 0.15918367346938775 0.0 0.0 0.17391304347826086 0.0 0.0 0.0 0.0 0.15384615384615385 0.16666666666666666 0.0 0.2608695652173913
X11012310 0.2755905511811024 0.20967741935483872 0.3333333333333333 0.3333333333333333 0.22727272727272727 0.3125 0.21428571428571427 0.20540540540540542 0.07246376811594203 0.14388489208633093 0.2727272727272727 0.3146067415730337 0.011627906976744186 0.03488372093023256 0.32710280373831774 0.3106796116504854 0.0684931506849315 0.2903225806451613 0.1087866108786611 0.27007299270072993
X11012311 0.21359223300970873 0.20175438596491227 0.20689655172413793 0.18471337579617833 0.20155038759689922 0.25 0.15833333333333333 0.24793388429752067 0.1917808219178082 0.22580645161290322 0.22346368715083798 0.2653061224489796 0.17763157894736842 0.2903225806451613 0.25316455696202533 0.18791946308724833 0.1935483870967742 0.336734693877551 0.140625 0.19811320754716982
X11012400 1.0 0.0 0.30303030303030304 0.0 0.0 0.14925373134328357 0.2976190476190476 0.4230769230769231 0.0 0.0 0.05555555555555555 0.0 0.0 0.0 0.3076923076923077 0.0 0.18556701030927836 0.0 0.13333333333333333 0.14285714285714285
X11012401 0.0 0.0 0.09523809523809523 0.1724137931034483 0.0 0.0 0.0 0.19298245614035087 0.0 0.0 0.17131474103585656 0.0 1.0 0.0 0.0 0.2 0.09090909090909091 0.18932038834951456 0.0 0.0
X11012410 0.3047619047619048 0.3157894736842105 0.19617224880382775 0.2696629213483146 0.273972602739726 0.308411214953271 0.3037974683544304 0.3050847457627119 0.3191489361702128 0.2966101694915254 0.1366906474820144 0.1643835616438356 0.19393939393939394 0.297029702970297 0.27049180327868855 0.3142857142857143 0.2556390977443609 0.1989795918367347 0.3025210084033613 0.3287671232876712
X11012411 0.18115942028985507 0.16901408450704225 0.2627118644067797 0.18115942028985507 0.3090909090909091 0.34408602150537637 0.14838709677419354 0.2845528455284553 0.23717948717948717 0.20161290322580644 0.15254237288135594 0.3176470588235294 0.25925925925925924 0.30612244897959184 0.2389937106918239 0.17857142857142858 0.3559322033898305 0.32941176470588235 0.24242424242424243 0.24183006535947713
X11012500 0.18556701030927836 0.0 0.0 0.29545454545454547 0.3888888888888889 0.3877551020408163 0.0 0.0 0.0 0.041666666666666664 0.0 0.3939393939393939 0.019230769230769232 0.0 0.38181818181818183 0.034482758620689655 0.32673267326732675 0.0 0.0 0.0
X11012501 0.0 0.0 0.2028985507246377 0.0 0.0 0.0 0.0 0.0 0.1702127659574468 0.16355140186915887 0.0 0.18840579710144928 0.0 0.0 0.0 0.16334661354581673 0.0 0.15246636771300448 0.0 0.0
X11012510 0.288135593220339 0.2890625 0.2714285714285714 0.14487632508833923 0.2878787878787879 0.16929133858267717 0.04504504504504504 0.2695035460992908 0.18309859154929578 0.2733812949640288 0.32222222222222224 0.3559322033898305 0.2247191011235955 0.3132530120481928 0.3404255319148936 0.34285714285714286 0.19658119658119658 0.1686746987951807 0.27611940298507465 0.31343283582089554
X11012511 0.14049586776859505 0.26373626373626374 0.19166666666666668 0.17567567567567569 0.24050632911392406 0.16304347826086957 0.13392857142857142 0.18382352941176472 0.12269938650306748 0.18796992481203006 0.18181818181818182 0.2524271844660194 0.30434782608695654 0.25773195876288657 0.2782608695652174 0.17333333333333334 0.23417721518987342 0.32 0.21176470588235294 0.3333333333333333
X11012600 0.23809523809523808 0.0 0.0 0.0 0.0 0.0 0.0 0.3125 0.24324324324324326 0.0 0.0 0.0 0.0 0.0 0.0 0.0 0.0 0.0 0.0 0.07272727272727272
X11012601 0.11557788944723618 0.0 0.19298245614035087 0.14285714285714285 0.16083916083916083 0.17391304347826086 0.0 0.0 0.0 0.07692307692307693 0.0 0.0 0.0 0.18181818181818182 0.1282051282051282 0.0 0.0 0.0 0.0 0.0
X11012610 0.29213483146067415 0.19078947368421054 0.30526315789473685 0.13253012048192772 0.24203821656050956 0.2777777777777778 0.2 0.2642857142857143 0.22388059701492538 0.2956521739130435 0.2631578947368421 0.28205128205128205 0.2755905511811024 0.24050632911392406 0.2891566265060241 0.2891566265060241 0.2978723404255319 0.2706766917293233 0.14906832298136646 0.1891891891891892
X11012611 0.14912280701754385 0.3229166666666667 0.2 0.16666666666666666 0.16 0.183206106870229 0.2524271844660194 0.2 0.3181818181818182 0.23232323232323232 0.1642512077294686 0.17894736842105263 0.21794871794871795 0.325 0.2111111111111111 0.1702127659574468 0.15492957746478872 0.23493975903614459 0.22522522522522523 0.2897196261682243
X11012700 0.29411764705882354 0.0 0.0 0.0 0.32142857142857145 0.0 0.0625 0.0 0.0 0.0 0.32432432432432434 0.0 0.0 0.0 0.0 0.0 0.0 0.014492753623188406 0.2222222222222222 0.0
X11012701 0.0 0.0 0.38461538461538464 0.35555555555555557 0.0 0.0 0.0 0.1 0.0 0.0 0.15789473684210525 0.19718309859154928 0.1910828025477707 0.0 0.0 0.08333333333333333 0.0 0.0 0.1836734693877551 0.0
X11012710 0.15789473684210525 0.3023255813953488 0.2236024844720497 0.14285714285714285 0.30337078651685395 0.23170731707317074 0.27522935779816515 0.31645569620253167 0.02531645569620253 0.2857142857142857 0.19444444444444445 0.2235294117647059 0.09852216748768473 0.4186046511627907 0.2767857142857143 0.2916666666666667 0.3728813559322034 0.2831858407079646 0.24358974358974358 0.3684210526315789
X11012711 0.24183006535947713 0.18446601941747573 0.2727272727272727 0.1956521739130435 0.20967741935483872 0.19375 0.2857142857142857 0.15263157894736842 0.20994475138121546 0.20930232558139536 0.21138211382113822 0.14673913043478262 0.1652892561983471 0.1919191919191919 0.29333333333333333 0.22448979591836735 0.20121951219512196 0.23333333333333334 0.2569444444444444 0.20279720279720279
X11013300 0.03333333333333333 0.1111111111111111 0.0 0.0 0.0 0.0 0.0 0.05555555555555555 0.0 0.0 0.0 0.0 0.0 0.0 0.08333333333333333 0.0 0.0 0.2184873949579832 0.0 0.3333333333333333
X11013301 0.18333333333333332 0.0 0.16483516483516483 0.0 0.0 0.0 0.10810810810810811 0.3 0.15086206896551724 0.0 0.18181818181818182 0.0 0.16666666666666666 0.0 0.0 0.0 0.0 0.18518518518518517 0.0 0.0
X11013310 0.2764227642276423 0.26119402985074625 0.3069306930693069 0.23376623376623376 0.2733812949640288 0.22556390977443608 0.2743362831858407 0.28205128205128205 0.2620689655172414 0.1774193548387097 0.3333333333333333 0.2962962962962963 0.29906542056074764 0.30337078651685395 0.2956521739130435 0.33783783783783783 0.25663716814159293 0.27007299270072993 0.31683168316831684 0.22459893048128343
X11013400 0.0 0.0 0.0 0.0 0.37777777777777777 0.0 0.30434782608695654 0.0 0.0 0.0 0.0 0.2857142857142857 0.0 0.0 0.2 0.4375 0.2647058823529412 0.0 0.0 0.0
X11013401 0.17391304347826086 0.19672131147540983 0.3333333333333333 0.17307692307692307 0.19753086419753085 0.0 0.3 0.0 0.16666666666666666 0.0 0.0 0.0 0.0 0.38095238095238093 0.1111111111111111 0.20454545454545456 0.29411764705882354 0.14218009478672985 0.0 0.08333333333333333
X11013410 0.32098765432098764 0.31868131868131866 0.313953488372093 0.27184466019417475 0.30275229357798167 0.3287671232876712 0.29357798165137616 0.2569444444444444 0.3770491803278688 0.3561643835616438 0.3246753246753247 0.3372093023255814 0.3225806451612903 0.2777777777777778 0.18292682926829268 0.2988505747126437 0.3076923076923077 0.32857142857142857 0.34177215189873417 0.390625
X11013411 0.2777777777777778 0.2796610169491525 0.26618705035971224 0.2331288343558282 0.25555555555555554 0.24675324675324675 0.21052631578947367 0.23952095808383234 0.2605633802816901 0.2348993288590604 0.25984251968503935 0.23417721518987342 0.28225806451612906 0.23232323232323232 0.27906976744186046 0.2661290322580645 0.2602739726027397 0.22916666666666666 0.2692307692307692 0.15894039735099338
X11013500 0.0 0.061855670103092786 0.0 0.0 0.0 0.23076923076923078 0.0 0.23529411764705882 0.16666666666666666 0.0 0.0 0.0 0.041666666666666664 0.0 0.0 0.0 0.0 0.0 0.0 0.0
X11013501 0.0 0.36666666666666664 0.0 0.0 0.0 0.0 0.16216216216216217 0.3380281690140845 0.0 0.0 0.2602739726027397 0.0 0.0 0.15789473684210525 0.0 0.0 0.0 0.26666666666666666 0.3333333333333333 0.0
X11013510 0.30612244897959184 0.29906542056074764 0.2807017543859649 0.3225806451612903 0.23478260869565218 0.30275229357798167 0.325 0.3113207547169811 0.16428571428571428 0.25 0.3 0.3191489361702128 0.3020833333333333 0.20666666666666667 0.2764227642276423 0.2857142857142857 0.3333333333333333 0.29133858267716534 0.3103448275862069 0.28440366972477066
X11013511 0.265625 0.16666666666666666 0.28735632183908044 0.2828282828282828 0.2857142857142857 0.23776223776223776 0.25757575757575757 0.3106796116504854 0.288135593220339 0.25196850393700787 0.2517482517482518 0.2892561983471074 0.2962962962962963 0.2845528455284553 0.32941176470588235 0.32710280373831774 0.3333333333333333 0.30864197530864196 0.16030534351145037 0.30392156862745096
X11013600 0.25 0.0 0.0 0.0 0.0 0.0 0.0 0.0 0.0 0.0 0.23684210526315788 0.0 0.0 0.0 0.14965986394557823 0.0 0.0 0.0 0.19230769230769232 0.0
X11013601 0.2073170731707317 0.0 0.0 0.2926829268292683 0.25 0.35294117647058826 0.3333333333333333 0.0 0.0 0.0 0.17777777777777778 0.0 0.0 0.0 0.0 0.15306122448979592 0.3157894736842105 0.0 0.0 0.3
X11013610 0.25477707006369427 0.28448275862068967 0.2605633802816901 0.29457364341085274 0.27835051546391754 0.27835051546391754 0.22033898305084745 0.23636363636363636 0.32038834951456313 0.2857142857142857 0.29133858267716534 0.2727272727272727 0.3137254901960784 0.19576719576719576 0.22388059701492538 0.1791907514450867 0.3103448275862069 0.296 0.30434782608695654 0.24161073825503357
X11013611 0.15753424657534246 0.2803738317757009 0.2661290322580645 0.325 0.2358490566037736 0.25 0.2777777777777778 0.28865979381443296 0.23076923076923078 0.28865979381443296 0.2672413793103448 0.27884615384615385 0.28 0.2605042016806723 0.1952662721893491 0.1773049645390071 0.29245283018867924 0.2542372881355932 0.22941176470588234 0.25287356321839083
X11013700 0.2 0.0 0.0 0.0 0.0 0.2857142857142857 0.0 0.21359223300970873 0.0 0.0 0.0 0.0 0.0 0.0 0.17857142857142858 0.0 0.3333333333333333 0.0 0.07692307692307693 0.23225806451612904
X11013701 0.0 0.3157894736842105 0.2336448598130841 0.125 0.0 0.37142857142857144 0.16071428571428573 0.0 1.0 0.0 0.2823529411764706 0.0 0.0 0.0 0.18791946308724833 0.0 0.0 0.0 0.0 0.0
X11013710 0.2357142857142857 0.2251655629139073 0.25984251968503935 0.23129251700680273 0.2536231884057971 0.3177570093457944 0.19166666666666668 0.19642857142857142 0.23493975903614459 0.2391304347826087 0.2482758620689655 0.2079207920792079 0.21804511278195488 0.29591836734693877 0.22727272727272727 0.3047619047619048 0.2698412698412698 0.25735294117647056 0.25316455696202533 0.29245283018867924
X11013711 0.2066115702479339 0.15625 0.24285714285714285 0.22935779816513763 0.19101123595505617 0.22077922077922077 0.26732673267326734 0.18072289156626506 0.3 0.2875 0.17511520737327188 0.22857142857142856 0.19327731092436976 0.2835820895522388 0.22297297297297297 0.17307692307692307 0.21367521367521367 0.2619047619047619 0.26262626262626265 0.21978021978021978
X11102300 0.0 0.0 0.0 0.0 0.0 0.0 0.0 0.0 0.0 0.0 0.0 0.0 0.0 0.0 0.0 0.0 0.0 0.0 0.0 0.0
X11102301 0.0 0.0 0.0 0.0 0.0 0.0 0.0 0.0 0.0 0.0 0.0 0.0 0.0 0.0 0.0 0.0 0.0 0.0 0.0 0.0
X11102310 0.15081967213114755 0.0 0.0 0.41025641025641024 0.15081967213114755 0.0 0.1513157894736842 0.44 0.0 0.0 0.0 0.02531645569620253 0.15081967213114755 0.15081967213114755 0.0 0.0 0.15081967213114755 0.15081967213114755 0.14893617021276595 0.15081967213114755
X11102311 0.08571428571428572 0.15081967213114755 0.0 0.1513157894736842 0.0 0.15081967213114755 0.15081967213114755 0.15081967213114755 0.0 0.0 0.0 0.0 0.15081967213114755 0.15081967213114755 0.0 0.15081967213114755 0.0 0.0 0.15081967213114755 0.15081967213114755
X11112300 0.0 0.0 0.0 0.0 0.0 0.0 0.0 0.0 0.0 0.0 0.0 0.0 0.0 0.0 0.0 0.0 0.0 0.0 0.0 0.0
X11112301 0.0 0.0 0.0 0.0 0.0 0.0 0.0 0.0 0.0 0.0 0.0 0.0 0.0 0.152317880794702 0.0 0.0 0.0 0.0 0.0 0.1513157894736842
X11112310 0.0 0.0 0.0 0.15081967213114755 0.0 0.15081967213114755 0.15081967213114755 0.0 0.15081967213114755 0.15081967213114755 0.17647058823529413 0.0 0.15081967213114755 0.22727272727272727 0.15081967213114755 0.15081967213114755 0.15081967213114755 0.0 0.2361111111111111 0.0
X11112311 0.15081967213114755 0.07142857142857142 0.0 0.0 0.15081967213114755 0.15081967213114755 0.0 0.0 0.0 0.0 0.15081967213114755 0.0 0.17716535433070865 0.15081967213114755 0.0 0.0 0.15081967213114755 0.15081967213114755 0.2604166666666667 0.014084507042253521
X11112400 0.0 0.0 0.0 0.0 0.0 0.0 0.0 0.0 0.0 0.0 0.0 0.0 0.0 0.0 0.0 0.0 0.0 0.0 0.0 0.0
X11112401 0.0 0.0 0.0 0.0 0.0 0.0 0.0 0.0 0.0 0.0 0.0 0.0 0.15081967213114755 0.0 0.1513157894736842 0.0 0.0 0.0 0.0 0.0
X11112410 0.0 0.0 0.15081967213114755 0.0 0.15081967213114755 0.15081967213114755 0.15081967213114755 0.15081967213114755 0.15081967213114755 0.15081967213114755 0.15081967213114755 0.15081967213114755 0.0 0.15081967213114755 0.15081967213114755 0.0 0.0 0.0 0.15081967213114755 0.2956521739130435
X11112411 0.125 0.15081967213114755 0.0 0.15306122448979592 0.0 0.11688311688311688 0.1513157894736842 0.15081967213114755 0.15081967213114755 0.15081967213114755 0.0 0.0 0.0 0.15081967213114755 0.0 0.25 0.0 0.12727272727272726 0.0 0.15081967213114755
X11112500 0.0 0.0 0.0 0.0 0.0 0.0 0.0 0.0 0.0 0.0 0.0 0.0 0.0 0.0 0.0 0.0 0.0 0.0 0.0 0.0
X11112501 0.0 0.0 0.0 0.0 0.0 0.0 0.0 0.15333333333333332 0.0 0.0 0.0 0.15151515151515152 0.0 0.0 0.0 0.0 0.0 0.0 0.0 0.0
X11112510 0.0 0.0 0.0 0.15081967213114755 0.15081967213114755 0.15081967213114755 0.1513157894736842 0.0 0.19111111111111112 0.32727272727272727 0.0 0.1552346570397112 0.15081967213114755 0.15081967213114755 0.15081967213114755 0.0 0.28205128205128205 0.15081967213114755 0.16544117647058823 0.15081967213114755
X11112511 0.15081967213114755 0.0 0.15081967213114755 0.0 0.0 0.15081967213114755 0.15081967213114755 0.15081967213114755 0.0 0.0 0.15081967213114755 0.0 0.0 0.09803921568627451 0.15081967213114755 0.0 0.0 0.1618705035971223 0.0 0.15081967213114755
X11112600 0.0 0.0 0.0 0.0 0.0 0.0 0.0 0.0 0.0 0.0 0.0 0.0 0.0 0.0 0.0 0.0 0.0 0.0 0.0 0.0
X11112601 0.0 0.0 0.0 0.0 0.0 0.0 0.0 0.0 0.0 0.0 0.0 0.0 0.0 0.0 0.0 0.0 0.0 0.0 0.0 0.0
X11112610 0.15081967213114755 0.15081967213114755 0.0 0.0 0.15081967213114755 0.15081967213114755 0.17647058823529413 0.15081967213114755 0.17045454545454544 0.0 0.0 0.15081967213114755 0.0 0.15081967213114755 0.15081967213114755 0.0 0.15081967213114755 0.15081967213114755 0.15081967213114755 0.15081967213114755
X11112611 0.15081967213114755 0.0 0.2482758620689655 0.0 0.0 0.0 0.0 0.0 0.0 0.0 0.0 0.0 0.0 0.15081967213114755 0.0 0.15081967213114755 0.15081967213114755 0.15081967213114755 0.0 0.0
X11112700 0.0 0.0 0.0 0.0 0.0 0.0 0.0 0.0 0.0 0.0 0.0 0.0 0.0 0.0 0.0 0.0 0.0 0.0 0.0 0.0
X11112701 0.0 0.15081967213114755 0.3333333333333333 0.0 0.0 0.0 0.0 0.0 0.0 0.0 0.0 0.0 0.0 0.0 0.0 0.0 0.0 0.0 0.0 0.0
X11112710 0.0 0.15081967213114755 0.0 0.0 0.15081967213114755 0.0 0.15081967213114755 0.0 0.0 0.15081967213114755 0.15081967213114755 0.15081967213114755 0.22043010752688172 0.0 0.0 0.15081967213114755 0.0 0.20512820512820512 0.0 0.0
X11112711 0.15081967213114755 0.0 0.15699658703071673 0.0 0.15081967213114755 0.0 0.1513157894736842 0.0 0.25 0.0 0.15081967213114755 0.15081967213114755 0.0 0.15081967213114755 0.1513157894736842 0.15081967213114755 0.15081967213114755 0.0 0.0 0.15081967213114755
X11113300 0.0 0.0 0.0 0.0 0.0 0.0 0.0 0.0 0.0 0.0 0.0 0.0 0.0 0.0 0.0 0.0 0.0 0.0 0.0 0.0
X11113301 0.0 0.0 0.0 0.0 0.15081967213114755 0.0 0.0 0.0 0.0 0.0 0.0 0.0 0.0 0.0 0.0 0.0 0.0 0.0 0.0 0.0
X11113310 0.0 0.15081967213114755 0.2331288343558282 0.0 0.15081967213114755 0.15081967213114755 0.0 0.0 0.15081967213114755 0.0 0.0 0.15081967213114755 0.17716535433070865 0.15081967213114755 0.0 0.4 0.0 0.15081967213114755 0.0 0.0
X11113311 0.15081967213114755 0.0 0.0 0.15081967213114755 0.0 0.15081967213114755 0.0 0.0 0.15081967213114755 0.15081967213114755 0.0 0.15081967213114755 0.0 0.0 0.0 0.15081967213114755 0.28735632183908044 0.0 0.0 0.0
X11113400 0.0 0.0 0.0 0.0 0.0 0.0 0.0 0.0 0.0 0.0 0.0 0.0 0.0 0.0 0.0 0.0 0.0 0.0 0.0 0.0
X11113401 0.0 0.0 0.0 0.0 0.0 0.0 0.0 0.0 0.0 0.0 0.0 0.0 0.0 0.21818181818181817 0.0 0.0 0.17467248908296942 0.0 0.0 0.0
X11113410 0.3617021276595745 0.0 0.0 0.17716535433070865 0.0 0.0 0.0 0.15081967213114755 0.15081967213114755 0.0 0.15081967213114755 0.15081967213114755 0.2018348623853211 0.0 0.1513157894736842 0.15081967213114755 0.17886178861788618 0.2696629213483146 0.0 0.0
X11113411 0.15081967213114755 0.0 0.15081967213114755 0.24203821656050956 0.0 0.1513157894736842 0.15081967213114755 0.0 0.15081967213114755 0.0 0.0 0.0 0.0 0.0 0.15172413793103448 0.15081967213114755 0.15081967213114755 0.15081967213114755 0.5 0.15081967213114755
X11113500 0.0 0.0 0.0 0.0 0.0 0.0 0.0 0.0 0.0 0.0 0.0 0.0 0.0 0.0 0.35 0.0 0.0 0.0 0.0 0.0
X11113501 0.0 0.0 0.0 0.0 0.0 0.0 0.0 0.0 0.0 0.0 0.0 0.0 0.0 0.0 0.0 0.0 0.0 0.0 0.0 0.0
X11113510 0.15081967213114755 0.0 0.0 0.15081967213114755 0.0 0.0 0.15081967213114755 0.15081967213114755 0.0 0.0 0.15081967213114755 0.15081967213114755 0.0 0.15081967213114755 0.15081967213114755 0.15081967213114755 0.0 0.15081967213114755 0.15081967213114755 0.0
X11113511 0.26666666666666666 0.0 0.0 0.0 0.15081967213114755 0.15081967213114755 0.15081967213114755 0.15081967213114755 0.15081967213114755 0.15081967213114755 0.15081967213114755 0.42857142857142855 0.0 0.0 0.0 0.0 0.0 0.15081967213114755 0.15081967213114755 0.0
X11113600 0.0 0.0 0.0 0.0 0.0 0.0 0.0 0.0 0.0 0.0 0.0 0.0 0.0 0.0 0.0 0.0 0.0 0.0 0.0 0.0
X11113601 0.0 0.15081967213114755 0.0 0.0 0.0 0.0 0.0 0.0 0.0 0.0 0.0 0.13851351351351351 0.0 0.0 0.0 0.0 0.0 0.15081967213114755 0.0 0.0
X11113610 0.15081967213114755 0.15081967213114755 0.15081967213114755 0.0 0.0 0.15081967213114755 0.15081967213114755 0.0 0.15081967213114755 0.15081967213114755 0.15081967213114755 0.42857142857142855 0.15081967213114755 0.15081967213114755 0.15081967213114755 0.0 0.0 0.0 0.0 0.15081967213114755
X11113611 0.15081967213114755 0.0 0.0 0.15081967213114755 0.0 0.0 0.0 0.0 0.30337078651685395 0.15081967213114755 0.16101694915254236 0.0 0.15081967213114755 0.0 0.0 0.15081967213114755 0.0 0.0 0.0 0.2
X11113700 0.0 0.0 0.0 0.0 0.0 0.0 0.0 0.0 0.0 0.0 0.0 0.0 0.0 0.0 0.0 0.0 0.0 0.0 0.0 0.0
X11113701 0.0 0.0 0.0 0.0 0.0 0.0 0.0 0.0 0.0 0.0 0.0 0.0 0.0 0.0 0.0 0.0 0.0 0.0 0.0 0.15081967213114755
X11113710 0.0 0.15081967213114755 0.0 0.0 0.0 0.0 0.205607476635514 0.0 0.15081967213114755 0.0 0.0 0.0 0.15081967213114755 0.15081967213114755 0.0 0.0 0.15081967213114755 0.15081967213114755 0.0 0.0
X11113711 0.0 0.15081967213114755 0.0 0.0 0.0 0.1417624521072797 0.0 0.15081967213114755 0.15081967213114755 0.15081967213114755 0.0 0.0 0.15081967213114755 0.15081967213114755 0.0 0.0 0.15081967213114755 0.15081967213114755 0.28688524590163933 0.0
X12002300 0.0 0.0 0.625 1.0 0.4375 0.0 0.38461538461538464 0.4 0.0 0.5 0.0 0.32 0.2857142857142857 0.0 0.0 0.5 0.0 0.0 0.0 0.0
X12002301 0.2 1.0 0.25 0.2 0.2 0.25 0.3333333333333333 0.2857142857142857 0.2222222222222222 0.0 0.25 0.5 0.1111111111111111 0.2857142857142857 0.2857142857142857 0.0 0.3333333333333333 0.25 0.6 0.2857142857142857
X12002310 0.325 0.23529411764705882 0.15343915343915343 0.18032786885245902 0.18248175182481752 0.19402985074626866 0.2641509433962264 0.30985915492957744 0.175 0.3611111111111111 0.27906976744186046 0.1935483870967742 0.21739130434782608 0.3269230769230769 0.19298245614035087 0.20175438596491227 0.22033898305084745 0.2619047619047619 0.3684210526315789 0.27380952380952384
X12002311 0.42857142857142855 0.3902439024390244 0.2692307692307692 0.34782608695652173 0.2777777777777778 0.3125 0.35294117647058826 0.4117647058823529 0.3125 0.3333333333333333 0.375 0.3898305084745763 0.42857142857142855 0.21428571428571427 0.2962962962962963 0.2857142857142857 0.425 0.2857142857142857 0.1875 0.25
X12012300 0.0 0.0 0.0 0.21739130434782608 0.0 0.06666666666666667 0.3333333333333333 0.0 0.0 0.0 0.0 0.0 0.0 0.0 0.26506024096385544 0.0 0.0 0.047619047619047616 0.0 0.3793103448275862
X12012301 0.25 0.0 0.0 0.0 0.14285714285714285 0.0 0.13793103448275862 0.22727272727272727 0.0 0.0 0.2833333333333333 0.2916666666666667 0.0 0.17391304347826086 0.0 0.11538461538461539 0.0 0.0 0.0 0.0
X12012310 0.3584905660377358 0.3116883116883117 0.34285714285714286 0.33783783783783783 0.2753623188405797 0.27184466019417475 0.3793103448275862 0.14594594594594595 0.21153846153846154 0.23622047244094488 0.23333333333333334 0.14429530201342283 0.36363636363636365 0.391304347826087 0.19117647058823528 0.2828282828282828 0.18633540372670807 0.2962962962962963 0.40625 0.32786885245901637
X12012311 0.23008849557522124 0.14414414414414414 0.19555555555555557 0.17532467532467533 0.1717171717171717 0.2153846153846154 0.1774193548387097 0.17511520737327188 0.2037037037037037 0.13414634146341464 0.18048780487804877 0.1440677966101695 0.26666666666666666 0.11979166666666667 0.18382352941176472 0.1683673469387755 0.16666666666666666 0.18220338983050846 0.17105263157894737 0.1724137931034483
X12012400 0.0 0.0 0.0 0.18181818181818182 0.175 0.34375 0.2962962962962963 0.0 0.0 0.0 0.0 0.0 0.0 0.0 0.37777777777777777 0.0 0.0 0.0 0.0 0.0
X12012401 0.0 0.0 0.0 0.0 0.0 0.16666666666666666 0.0 0.0 0.0 0.16666666666666666 0.25 0.0 0.0 0.0 0.125 0.0 0.0 0.0 0.0 0.0
X12012410 0.2857142857142857 0.3235294117647059 0.32941176470588235 0.3953488372093023 0.33766233766233766 0.4782608695652174 0.27941176470588236 0.3125 0.2532467532467532 0.2037914691943128 0.3829787234042553 0.45714285714285713 0.3111111111111111 0.35714285714285715 0.37037037037037035 0.1513157894736842 0.40625 0.3333333333333333 0.1610738255033557 0.32558139534883723
X12012411 0.19736842105263158 0.20994475138121546 0.1956521739130435 0.1557377049180328 0.18072289156626506 0.17699115044247787 0.19230769230769232 0.17307692307692307 0.28205128205128205 0.4186046511627907 0.1939655172413793 0.13953488372093023 0.1836734693877551 0.16304347826086957 0.2361111111111111 0.20618556701030927 0.17254901960784313 0.17123287671232876 0.15934065934065933 0.1875
X12012500 0.0 0.0 0.0 0.03333333333333333 0.0 0.0 0.0 0.16666666666666666 0.17647058823529413 0.0 0.0 0.0 0.0 0.0 0.2 0.16666666666666666 0.0 0.0 0.0 0.0
X12012501 0.0 0.0 0.13793103448275862 0.0 0.0 0.0 0.0 0.5 0.0 0.0 0.046511627906976744 0.0 0.0 0.0 0.0 0.0 0.0 0.0 0.041666666666666664 0.0
X12012510 0.28205128205128205 0.25161290322580643 0.3898305084745763 0.1780821917808219 0.30275229357798167 0.3063063063063063 0.26865671641791045 0.1729957805907173 0.2196969696969697 0.2755102040816326 0.2807017543859649 0.32857142857142857 0.275 0.32941176470588235 0.32098765432098764 0.2773109243697479 0.29292929292929293 0.2871287128712871 0.26153846153846155 0.34285714285714286
X12012511 0.18218623481781376 0.3333333333333333 0.24516129032258063 0.211340206185567 0.20454545454545456 0.13855421686746988 0.22941176470588234 0.19718309859154928 0.15517241379310345 0.10119047619047619 0.19883040935672514 0.13245033112582782 0.19642857142857142 0.20853080568720378 0.19230769230769232 0.26573426573426573 0.20967741935483872 0.17509727626459143 0.20212765957446807 0.16923076923076924
X12012600 0.0 0.0 0.0 0.0 0.0 0.07894736842105263 0.0 0.0 0.0 0.0 0.0 0.0 0.0 0.0 0.0 0.21875 0.0 0.34 0.0 0.0
X12012601 0.0 0.0 0.3333333333333333 0.0 0.0 0.21428571428571427 0.0 0.0 0.09090909090909091 0.0 0.05555555555555555 0.06666666666666667 0.1875 0.0 0.0 0.0 0.0 0.11764705882352941 0.2 0.6666666666666666
X12012610 0.17796610169491525 0.29365079365079366 0.3194444444444444 0.30337078651685395 0.30666666666666664 0.28205128205128205 0.3230769230769231 0.17647058823529413 0.30357142857142855 0.3076923076923077 0.2582781456953642 0.3188405797101449 0.23478260869565218 0.2107843137254902 0.3333333333333333 0.28440366972477066 0.32786885245901637 0.3150684931506849 0.27049180327868855 0.27710843373493976
X12012611 0.05813953488372093 0.17857142857142858 0.19457013574660634 0.1015625 0.18584070796460178 0.2 0.19823788546255505 0.1939655172413793 0.182648401826484 0.1111111111111111 0.19473684210526315 0.19642857142857142 0.18072289156626506 0.2289156626506024 0.18617021276595744 0.18067226890756302 0.1875 0.19730941704035873 0.1761006289308176 0.18292682926829268
X12012700 0.0 0.3064516129032258 0.0 0.21428571428571427 0.0 0.0 0.0 0.0 0.0 0.0 0.38095238095238093 0.2878787878787879 0.13953488372093023 0.3442622950819672 0.0 0.0 0.0 0.0 0.2 0.0
X12012701 0.18518518518518517 0.0 0.0 0.0 0.0 0.0 0.0 0.18181818181818182 0.0 0.0 0.0 0.15789473684210525 0.25 0.0 0.19047619047619047 0.0 0.0 0.0 0.18181818181818182 0.0
X12012710 0.30666666666666664 0.15081967213114755 0.2692307692307692 0.20967741935483872 0.38181818181818183 0.28205128205128205 0.11643835616438356 0.3380281690140845 0.32432432432432434 0.32 0.375 0.3055555555555556 0.3068181818181818 0.28846153846153844 0.3076923076923077 0.2465753424657534 0.272 0.27586206896551724 0.32432432432432434 0.2465753424657534
X12012711 0.16393442622950818 0.1888111888111888 0.1859504132231405 0.1981981981981982 0.19148936170212766 0.18218623481781376 0.16597510373443983 0.2 0.30952380952380953 0.20179372197309417 0.18571428571428572 0.1814516129032258 0.1872146118721461 0.1791044776119403 0.0 0.2777777777777778 0.13636363636363635 0.1695906432748538 0.189873417721519 0.13194444444444445
X12013300 0.0 0.0 0.0 0.2 0.0 0.0 0.0 0.0 0.0 0.0 0.0 0.22857142857142856 0.3333333333333333 0.0 0.24 0.0 0.3333333333333333 0.0 0.0 0.0
X12013301 0.125 0.0 0.0 0.0 0.0 0.0 0.0 0.09090909090909091 0.2777777777777778 0.2 0.0 0.0 0.0 0.0 0.0 0.0 0.3333333333333333 0.14285714285714285 0.0 0.0
X12013310 0.3076923076923077 0.24299065420560748 0.23870967741935484 0.33695652173913043 0.2714285714285714 0.24324324324324326 0.23129251700680273 0.32894736842105265 0.2857142857142857 0.3119266055045872 0.275 0.23943661971830985 0.22435897435897437 0.23129251700680273 0.23809523809523808 0.2857142857142857 0.26865671641791045 0.24475524475524477 0.23809523809523808 0.2831858407079646
X12013311 0.22580645161290322 0.25 0.18493150684931506 0.2037037037037037 0.16143497757847533 0.14545454545454545 0.20418848167539266 0.22448979591836735 0.1919191919191919 0.20218579234972678 0.16379310344827586 0.1895424836601307 0.19313304721030042 0.2 0.20526315789473684 0.15469613259668508 0.18518518518518517 0.192090395480226 0.14556962025316456 0.2236024844720497
X12013400 0.0 0.0 0.14285714285714285 0.0 0.3333333333333333 0.23880597014925373 0.0 0.0 0.0 0.0 0.0 0.0 0.0 0.0 0.0 0.0 0.0 0.0 0.4 0.2
X12013401 0.25 0.38461538461538464 0.0 0.0 0.4 0.25 0.0 0.3333333333333333 0.11538461538461539 0.0 0.0 0.3333333333333333 0.6 0.4166666666666667 0.2 0.35 0.0 0.0 0.23529411764705882 0.0
X12013410 0.25 0.34831460674157305 0.3 0.25 0.2265625 0.2962962962962963 0.21374045801526717 0.288135593220339 0.2540983606557377 0.36666666666666664 0.32051282051282054 0.3684210526315789 0.28125 0.20512820512820512 0.30864197530864196 0.2318840579710145 0.27956989247311825 0.345679012345679 0.3368421052631579 0.3283582089552239
X12013411 0.17647058823529413 0.2857142857142857 0.17110266159695817 0.1839080459770115 0.19480519480519481 0.1902654867256637 0.18 0.16988416988416988 0.1875 0.22727272727272727 0.1618705035971223 0.1814516129032258 0.19135802469135801 0.1825726141078838 0.2111801242236025 0.1836734693877551 0.1859504132231405 0.1939655172413793 0.18518518518518517 0.1814516129032258
X12013500 0.0 0.4 0.0 0.0 0.4444444444444444 0.4 0.0 0.4 0.0 0.0 0.0 0.0 0.0 0.0 0.0 0.0 0.3076923076923077 0.0 0.041666666666666664 0.0
X12013501 0.0 0.07142857142857142 0.15384615384615385 0.0 0.0 0.0 0.2 0.0 1.0 0.0 0.0 0.0 0.0 0.4 0.0 0.5 0.0 0.08333333333333333 0.25 0.0
X12013510 0.2550335570469799 0.2426470588235294 0.308411214953271 0.2642857142857143 0.19130434782608696 0.24161073825503357 0.2636363636363636 0.2518518518518518 0.2767857142857143 0.2782608695652174 0.24503311258278146 0.2677165354330709 0.2702702702702703 0.2734375 0.30851063829787234 0.2727272727272727 0.24203821656050956 0.288 0.2727272727272727 0.3020833333333333
X12013511 0.19607843137254902 0.18 0.18181818181818182 0.1891891891891892 0.21910112359550563 0.1875 0.2107843137254902 0.18354430379746836 0.19617224880382775 0.1986754966887417 0.19801980198019803 0.16091954022988506 0.1793478260869565 0.18115942028985507 0.1907514450867052 0.2 0.19626168224299065 0.2019704433497537 0.1941747572815534 0.21354166666666666
X12013600 0.3333333333333333 0.0 0.3055555555555556 0.0 0.037037037037037035 0.0 0.0 0.0 0.0 0.0 0.0 0.0 0.0 0.0 0.0 0.0 0.0 0.0 0.0 0.0
X12013601 0.0 0.0 0.0 0.23076923076923078 0.0 0.0 0.0 1.0 0.0 0.15384615384615385 0.0 0.0 0.0 0.0 0.0 0.0 0.0 0.0 0.0 0.0
X12013610 0.21787709497206703 0.30120481927710846 0.23448275862068965 0.2537313432835821 0.23577235772357724 0.3068181818181818 0.3018867924528302 0.33783783783783783 0.26956521739130435 0.15357142857142858 0.24369747899159663 0.36507936507936506 0.24603174603174602 0.2833333333333333 0.32098765432098764 0.26153846153846155 0.3253012048192771 0.2465753424657534 0.2767857142857143 0.30952380952380953
X12013611 0.21428571428571427 0.1853932584269663 0.3333333333333333 0.17307692307692307 0.14705882352941177 0.19339622641509435 0.15671641791044777 0.3333333333333333 0.19689119170984457 0.1834862385321101 0.23484848484848486 0.1902439024390244 0.20610687022900764 0.21965317919075145 0.2074468085106383 0.2147239263803681 0.211340206185567 0.19310344827586207 0.18518518518518517 0.2111111111111111
X12013700 0.0 0.17105263157894737 0.0 0.0 0.0 0.0 0.07692307692307693 0.0 0.15384615384615385 0.15384615384615385 0.35714285714285715 0.0 0.0 0.2727272727272727 0.0 0.0 0.5 0.0 0.0 0.0
X12013701 0.0 0.0 0.0 0.17647058823529413 0.11627906976744186 0.2692307692307692 0.0 0.2962962962962963 0.0 0.0 0.0 0.0 0.12727272727272726 0.0 0.0 0.0 0.0 0.0 0.0 0.0
X12013710 0.23563218390804597 0.28431372549019607 0.30526315789473685 0.3333333333333333 0.22818791946308725 0.28125 0.2871287128712871 0.2582781456953642 0.2265625 0.2746478873239437 0.2569444444444444 0.24358974358974358 0.3291139240506329 0.23391812865497075 0.25316455696202533 0.24836601307189543 0.3058823529411765 0.32941176470588235 0.26548672566371684 0.2523364485981308
X12013711 0.2215909090909091 0.1826086956521739 0.1509433962264151 0.19138755980861244 0.19444444444444445 0.2 0.19545454545454546 0.1921182266009852 0.21195652173913043 0.19444444444444445 0.21511627906976744 0.19383259911894274 0.20093457943925233 0.1919191919191919 0.1939655172413793 0.26262626262626265 0.23076923076923078 0.2011173184357542 0.18376068376068377 0.15151515151515152
X12102300 0.0 0.0 0.0 0.0 0.0 0.0 0.0 0.0 0.0 0.0 0.0 0.0 0.0 0.0 0.0 0.0 0.0 0.0 0.0 0.0
X12102301 0.0 0.0 0.0 0.0 0.0 0.0 0.0 0.0 0.0 0.0 0.0 0.15384615384615385 0.0 0.0 0.0 0.0 0.0 0.0 0.0 0.16666666666666666
X12102310 0.0 0.15081967213114755 0.1513157894736842 0.15081967213114755 0.15081967213114755 0.15081967213114755 0.0 0.15081967213114755 0.0 0.1513157894736842 0.0 0.15081967213114755 0.15081967213114755 0.15333333333333332 0.0 0.0 0.15081967213114755 0.15181518151815182 0.0 0.0
X12102311 0.15081967213114755 0.0 0.1513157894736842 0.3617021276595745 0.0 0.3508771929824561 0.0 0.4666666666666667 0.4107142857142857 0.15081967213114755 0.2692307692307692 0.15081967213114755 0.15081967213114755 0.0 0.0 0.15081967213114755 0.3225806451612903 0.0 0.3291139240506329 0.0
X12112300 0.0 0.0 0.0 0.0 0.0 0.0 0.0 0.0 0.0 0.0 0.0 0.0 0.0 0.0 0.0 0.0 0.0 0.0 0.0 0.0
X12112301 0.0 0.0 0.0 0.0 0.16666666666666666 0.0 0.0 0.0 0.0 0.0 0.0 0.0 0.0 0.0 0.0 0.0 0.0 0.0 0.0 0.0
X12112310 0.15081967213114755 0.15081967213114755 0.15081967213114755 0.058823529411764705 0.15081967213114755 0.0 0.0 0.15081967213114755 0.0 0.0 0.0 0.0 0.2275449101796407 0.15081967213114755 0.0 0.15081967213114755 0.15081967213114755 0.15081967213114755 0.0 0.15081967213114755
X12112311 0.0 0.15081967213114755 0.15081967213114755 0.15081967213114755 0.15081967213114755 0.15081967213114755 0.15081967213114755 0.16853932584269662 0.1490066225165563 0.15081967213114755 0.15081967213114755 0.0 0.15081967213114755 0.0 0.0 0.15081967213114755 0.0 0.15081967213114755 0.15081967213114755 0.0
X12112400 0.0 0.0 0.0 0.0 0.0 0.0 0.0 0.0 0.0 0.0 0.0 0.0 0.0 0.0 0.0 0.0 0.0 0.0 0.0 0.0
X12112401 0.0 0.0 0.15081967213114755 0.0 0.3333333333333333 0.0 0.0 0.0 0.1513157894736842 0.0 0.0 0.0 0.0 0.0 0.0 0.0 0.15081967213114755 0.0 0.0 0.0
X12112410 0.0 0.0 0.15081967213114755 0.15081967213114755 0.0 0.0 0.0 0.0 0.11023622047244094 0.0 0.21428571428571427 0.15081967213114755 0.0 0.15081967213114755 0.25 0.0 0.0 0.29464285714285715 0.15081967213114755 0.15081967213114755
X12112411 0.0 0.0 0.0 0.0 0.15081967213114755 0.0821917808219178 0.0 0.0 0.0 0.0 0.0 0.0 0.21052631578947367 0.15081967213114755 0.15081967213114755 0.0 0.14074074074074075 0.0 0.15867158671586715 0.0
X12112500 0.0 0.0 0.0 0.0 0.0 0.0 0.0 0.0 0.0 0.0 0.0 0.0 0.0 0.0 0.0 0.0 0.0 0.0 0.0 0.0
X12112501 0.0 0.0 0.0 0.0 0.0 0.0 0.0 0.0 0.0 0.0 0.0 0.0 0.0 0.0 0.0 0.0 0.0 0.0 0.0 0.0
X12112510 0.15081967213114755 0.1981981981981982 0.0 0.15081967213114755 0.15081967213114755 0.17716535433070865 0.0 0.0 0.15081967213114755 0.0 0.0 0.0 0.0 0.15081967213114755 0.0 0.0 0.0 0.15081967213114755 0.0 0.15081967213114755
X12112511 0.15081967213114755 0.0 0.0 0.0 0.0 0.15081967213114755 0.15081967213114755 0.0 0.15081967213114755 0.15699658703071673 0.15081967213114755 0.0 0.15734265734265734 0.0 0.0 0.0 0.15081967213114755 0.15081967213114755 0.15081967213114755 0.0
X12112600 0.0 0.0 0.0 0.0 0.0 0.0 0.0 0.0 0.0 0.0 0.0 0.0 0.0 0.0 0.0 0.0 0.0 0.0 0.0 0.0
X12112601 0.0 0.0 0.0 0.0 0.0 0.0 0.0 0.0 0.0 0.0 0.0 0.0 0.0 0.0 0.0 0.0 0.0 0.0 0.0 0.0
X12112610 0.0 0.0 0.20089285714285715 0.15081967213114755 0.3181818181818182 0.0 0.14726027397260275 0.0 0.0 0.171875 0.15081967213114755 0.13937282229965156 0.15081967213114755 0.3333333333333333 0.0 0.0 0.15081967213114755 0.0 0.0 0.1744186046511628
X12112611 0.15081967213114755 0.0 0.0 0.0 0.0 0.15081967213114755 0.15081967213114755 0.15081967213114755 0.15081967213114755 0.0 0.0 0.0 0.15081967213114755 0.1513157894736842 0.0 0.15081967213114755 0.15081967213114755 0.1564625850340136 0.0 0.0
X12112700 0.0 0.0 0.0 0.0 0.0 0.0 0.0 0.0 0.0 0.0 0.0 0.0 0.0 0.0 0.0 0.0 0.0 0.0 0.0 0.0
X12112701 0.0 0.18064516129032257 0.0 0.0 0.0 0.0 0.0 0.0 0.0 0.0 0.0 0.0 0.0 0.0 0.0 0.0 0.0 0.0 0.0 0.0
X12112710 0.15081967213114755 0.15081967213114755 0.15081967213114755 0.21608040201005024 0.0 0.15081967213114755 0.15081967213114755 0.15081967213114755 0.0 0.0 0.15081967213114755 0.0 0.0 0.15081967213114755 0.15081967213114755 0.07878787878787878 0.15081967213114755 0.15081967213114755 0.0 0.15081967213114755
X12112711 0.15081967213114755 0.0 0.0 0.15081967213114755 0.0 0.0 0.15081967213114755 0.0 0.15081967213114755 0.15081967213114755 0.0 0.15081967213114755 0.0 0.0 0.15081967213114755 0.13310580204778158 0.15081967213114755 0.15081967213114755 0.0 0.0
X12113300 0.0 0.0 0.0 0.0 0.0 0.0 0.0 0.0 0.0 0.0 0.0 0.0 0.0 0.0 0.0 0.0 0.0 0.0 0.0 0.0
X12113301 0.0 0.0 0.0 0.0 0.0 0.1513157894736842 0.0 0.0 0.0 0.0 0.0 0.0 0.0 0.0 0.0 0.0 0.0 0.0 0.0 0.0
X12113310 0.15081967213114755 0.0 0.2097560975609756 0.15081967213114755 0.0 0.17857142857142858 0.16544117647058823 0.17578125 0.1717557251908397 0.0 0.15081967213114755 0.15081967213114755 0.15081967213114755 0.15081967213114755 0.0 0.16917293233082706 0.0 0.0 0.0 0.15081967213114755
X12113311 0.0 0.0 0.0 0.0 0.08139534883720931 0.0 0.15081967213114755 0.0 0.0 0.0 0.15081967213114755 0.0 0.0 0.15081967213114755 0.0 0.0 0.0 0.0 0.0 0.14181818181818182
X12113400 0.0 0.0 0.0 0.0 0.0 0.0 0.0 0.0 0.0 0.0 0.0 0.0 0.0 0.0 0.0 0.0 0.0 0.0 0.0 0.0
X12113401 0.0 0.0 0.0 0.0 0.0 0.0 0.0 0.0 0.0 0.0 0.0 0.0 0.0 0.0 0.0 0.0 0.0 0.0 0.0 0.0
X12113410 0.1774193548387097 0.15081967213114755 0.0 0.0 0.15081967213114755 0.15081967213114755 0.15081967213114755 0.0 0.15081967213114755 0.15081967213114755 0.15081967213114755 0.15081967213114755 0.0 0.15081967213114755 0.15081967213114755 0.0 0.0 0.15081967213114755 0.15081967213114755 0.0
X12113411 0.15081967213114755 0.14285714285714285 0.0 0.6 0.0 0.0 0.15081967213114755 0.15081967213114755 0.15081967213114755 0.0 0.1490066225165563 0.0 0.0 0.15081967213114755 0.0 0.15081967213114755 0.0 0.15081967213114755 0.0 0.0
X12113500 0.0 0.0 0.0 0.0 0.0 0.0 0.0 0.0 0.0 0.0 0.0 0.0 0.0 0.0 0.0 0.0 0.0 0.0 0.0 0.0
X12113501 0.0 0.0 0.0 0.0 0.0 0.0 0.0 0.0 0.0 0.0 0.15081967213114755 0.0 0.08333333333333333 0.0 0.0 0.0 0.0 0.0 0.0 0.0
X12113510 0.029411764705882353 0.0 0.15081967213114755 0.0 0.15081967213114755 0.15081967213114755 0.042105263157894736 0.20673076923076922 0.0 0.0 0.15081967213114755 0.0 0.0 0.15081967213114755 0.3188405797101449 0.15081967213114755 0.15081967213114755 0.15081967213114755 0.0 0.0
X12113511 0.15081967213114755 0.15081967213114755 0.15081967213114755 0.0 0.17716535433070865 0.0 0.15081967213114755 0.15081967213114755 0.18229166666666666 0.06451612903225806 0.15081967213114755 0.0 0.15081967213114755 0.15315315315315314 0.0 0.0 0.0 0.0 0.0 0.0
X12113600 0.0 0.0 0.0 0.0 0.0 0.0 0.0 0.0 0.0 0.0 0.0 0.0 0.0 0.0 0.0 0.0 0.0 0.0 0.0 0.0
X12113601 0.0 0.0 0.0 0.0 0.0 0.0 1.0 0.0 0.0 0.0 0.0 0.0 0.0 0.0 0.0 0.0 0.0 0.0 0.0 0.0
X12113610 0.15081967213114755 0.0 0.0 0.0 0.16853932584269662 0.15081967213114755 0.0 0.15081967213114755 0.15081967213114755 0.15081967213114755 0.15081967213114755 0.15081967213114755 0.0 0.15081967213114755 0.15081967213114755 0.1388888888888889 0.15081967213114755 0.15081967213114755 0.0 0.0
X12113611 0.17037037037037037 0.1553030303030303 0.0 0.0 0.15081967213114755 0.0 0.0 0.15081967213114755 0.15081967213114755 0.0 0.15081967213114755 0.15081967213114755 0.0 0.15081967213114755 0.15081967213114755 0.0 0.0 0.0 0.15081967213114755 0.15081967213114755
X12113700 0.0 0.0 0.0 0.0 0.0 0.0 0.0 0.0 0.0 0.0 0.0 0.0 0.0 0.0 0.0 0.0 0.0 0.0 0.0 0.0
X12113701 0.0 0.0 0.0 0.0 0.0 0.0 0.0 0.0 0.0 0.0 0.0 0.0 0.0 0.0 0.0 0.0 0.0 0.0 0.0 0.0
X12113710 0.15081967213114755 0.15081967213114755 0.0 0.3333333333333333 0.15081967213114755 0.0 0.0 0.15081967213114755 0.15081967213114755 0.15081967213114755 0.0 0.0 0.15081967213114755 0.15081967213114755 0.0 0.41025641025641024 0.0 0.15081967213114755 0.0 0.15081967213114755
X12113711 0.0 0.0 0.0 0.15081967213114755 0.0 0.0 0.0 0.0 0.15081967213114755 0.0 0.0 0.0 0.0 0.15081967213114755 0.15081967213114755 0.15081967213114755 0.0 0.15081967213114755 0.152317880794702 0.0
X13002300 0.5714285714285714 0.5 0.6666666666666666 0.0 1.0 0.4166666666666667 0.4 0.0 0.5 0.0 0.3076923076923077 0.45454545454545453 0.0 0.35 0.0 0.4166666666666667 0.5 0.0 0.35 0.0
X13002301 0.0 0.0 0.0 0.0 0.0 0.0 0.0 0.0 0.0 0.0 0.0 0.0 0.0 0.0 0.0 0.0 0.0 0.0 0.0 0.0
X13002310 0.17346938775510204 0.2545454545454545 0.32 0.234375 0.375 0.1568627450980392 0.21359223300970873 0.3 0.0967741935483871 0.3018867924528302 0.24074074074074073 0.2777777777777778 0.23711340206185566 0.1640625 0.2647058823529412 0.22413793103448276 0.265625 0.18691588785046728 0.16149068322981366 0.21978021978021978
X13002311 0.23076923076923078 0.25 0.125 0.14285714285714285 0.0 0.25 0.16666666666666666 0.25 0.16666666666666666 0.2 0.16666666666666666 0.18181818181818182 0.3333333333333333 0.2897196261682243 0.16666666666666666 0.0 0.0 0.23076923076923078 0.14285714285714285 0.14285714285714285
X13012300 0.0 0.2727272727272727 0.0 0.0 0.0 0.0 0.0 0.0 0.0 0.0 0.3333333333333333 0.0 0.0 0.0 0.0 0.0 0.0 0.0 0.0 0.0
X13012301 0.0 0.0 0.0 0.0 0.0 0.08333333333333333 0.0 0.0 0.0 0.0 0.14285714285714285 0.0 0.125 0.0 0.0 0.0 0.0 0.16666666666666666 0.0 0.0
X13012310 0.3411764705882353 0.25833333333333336 0.42857142857142855 0.26548672566371684 0.21641791044776118 0.35 0.345679012345679 0.23809523809523808 0.24427480916030533 0.2289156626506024 0.17757009345794392 0.18834080717488788 0.2028301886792453 0.17916666666666667 0.0 0.23636363636363636 0.31521739130434784 0.2830188679245283 0.23809523809523808 0.32558139534883723
X13012311 0.17578125 0.18828451882845187 0.16605166051660517 0.14695340501792115 0.17716535433070865 0.17716535433070865 0.17647058823529413 0.3333333333333333 0.16022099447513813 0.16428571428571428 0.18235294117647058 0.08333333333333333 0.05 0.17045454545454544 0.18433179723502305 0.0 0.07142857142857142 0.125 0.1696969696969697 0.1647940074906367
X13012400 0.4 0.0 0.3684210526315789 0.0 0.0 0.2857142857142857 0.0 0.0 0.0 0.0 0.0 0.0 0.0 0.0 0.40540540540540543 0.0 0.0 0.0 0.5333333333333333 0.0
X13012401 0.0 0.0 0.0 0.0 0.0 0.0 0.2 0.0 0.0 0.3333333333333333 0.0 0.0 0.0 0.0 0.0 0.0 0.0 0.0 0.0 0.0
X13012410 0.23780487804878048 0.2222222222222222 0.3793103448275862 0.30434782608695654 0.30666666666666664 0.22674418604651161 0.23780487804878048 0.25165562913907286 0.29906542056074764 0.23275862068965517 0.33783783783783783 0.3333333333333333 0.3424657534246575 0.33707865168539325 0.25925925925925924 0.2736842105263158 0.23134328358208955 0.38095238095238093 0.2988505747126437 0.24
X13012411 0.18072289156626506 0.1794871794871795 0.16923076923076924 0.1685823754789272 0.16153846153846155 0.1762295081967213 0.16666666666666666 0.171875 0.16942148760330578 0.175 0.16728624535315986 0.16417910447761194 0.17647058823529413 0.1308411214953271 0.17578125 0.17131474103585656 0.17578125 0.1724137931034483 0.16981132075471697 0.1728395061728395
X13012500 0.2727272727272727 0.0 0.0 0.0 0.0 0.0 0.0 0.0 0.0 0.0 0.0 0.0 0.0 0.0 0.0 0.0 0.0 0.0 0.0 0.0
