X01002300 0.1956521739130435 0.1956521739130435 0.1956521739130435 0.1956521739130435 0.1956521739130435 0.1956521739130435 0.1956521739130435 0.1956521739130435 0.1956521739130435 0.1956521739130435 0.1956521739130435 0.1956521739130435 0.1956521739130435 0.1956521739130435 0.1956521739130435 0.1956521739130435 0.1956521739130435 0.1956521739130435 0.1956521739130435 0.1956521739130435
X01002310 0.1956521739130435 0.1956521739130435 0.1956521739130435 0.1956521739130435 0.1956521739130435 0.1956521739130435 0.1956521739130435 0.1956521739130435 0.1956521739130435 0.1956521739130435 0.1956521739130435 0.1956521739130435 0.1956521739130435 0.1956521739130435 0.1956521739130435 0.1956521739130435 0.1956521739130435 0.1956521739130435 0.1956521739130435 0.1956521739130435
X01012300 0.043478260869565216 0.043478260869565216 0.043478260869565216 0.043478260869565216 0.043478260869565216 0.043478260869565216 0.043478260869565216 0.043478260869565216 0.043478260869565216 0.043478260869565216 0.043478260869565216 0.043478260869565216 0.043478260869565216 0.043478260869565216 0.043478260869565216 0.043478260869565216 0.043478260869565216 0.043478260869565216 0.043478260869565216 0.043478260869565216
X01012310 0.32608695652173914 0.32608695652173914 0.32608695652173914 0.32608695652173914 0.32608695652173914 0.32608695652173914 0.32608695652173914 0.32608695652173914 0.32608695652173914 0.32608695652173914 0.32608695652173914 0.32608695652173914 0.32608695652173914 0.32608695652173914 0.32608695652173914 0.32608695652173914 0.32608695652173914 0.32608695652173914 0.32608695652173914 0.32608695652173914
X01012400 0.043478260869565216 0.043478260869565216 0.043478260869565216 0.043478260869565216 0.043478260869565216 0.043478260869565216 0.043478260869565216 0.043478260869565216 0.043478260869565216 0.043478260869565216 0.043478260869565216 0.043478260869565216 0.043478260869565216 0.043478260869565216 0.043478260869565216 0.043478260869565216 0.043478260869565216 0.043478260869565216 0.043478260869565216 0.043478260869565216
X01012410 0.4782608695652174 0.4782608695652174 0.4782608695652174 0.4782608695652174 0.4782608695652174 0.4782608695652174 0.4782608695652174 0.4782608695652174 0.4782608695652174 0.4782608695652174 0.4782608695652174 0.4782608695652174 0.4782608695652174 0.4782608695652174 0.4782608695652174 0.4782608695652174 0.4782608695652174 0.4782608695652174 0.4782608695652174 0.4782608695652174
X01012500 0.10869565217391304 0.10869565217391304 0.10869565217391304 0.10869565217391304 0.10869565217391304 0.10869565217391304 0.10869565217391304 0.10869565217391304 0.10869565217391304 0.10869565217391304 0.10869565217391304 0.10869565217391304 0.10869565217391304 0.10869565217391304 0.10869565217391304 0.10869565217391304 0.10869565217391304 0.10869565217391304 0.10869565217391304 0.10869565217391304
X01012510 0.43478260869565216 0.43478260869565216 0.43478260869565216 0.43478260869565216 0.43478260869565216 0.43478260869565216 0.43478260869565216 0.43478260869565216 0.43478260869565216 0.43478260869565216 0.43478260869565216 0.43478260869565216 0.43478260869565216 0.43478260869565216 0.43478260869565216 0.43478260869565216 0.43478260869565216 0.43478260869565216 0.43478260869565216 0.43478260869565216
X01012600 0.043478260869565216 0.043478260869565216 0.043478260869565216 0.043478260869565216 0.043478260869565216 0.043478260869565216 0.043478260869565216 0.043478260869565216 0.043478260869565216 0.043478260869565216 0.043478260869565216 0.043478260869565216 0.043478260869565216 0.043478260869565216 0.043478260869565216 0.043478260869565216 0.043478260869565216 0.043478260869565216 0.043478260869565216 0.043478260869565216
X01012610 0.34782608695652173 0.34782608695652173 0.34782608695652173 0.34782608695652173 0.34782608695652173 0.34782608695652173 0.34782608695652173 0.34782608695652173 0.34782608695652173 0.34782608695652173 0.34782608695652173 0.34782608695652173 0.34782608695652173 0.34782608695652173 0.34782608695652173 0.34782608695652173 0.34782608695652173 0.34782608695652173 0.34782608695652173 0.34782608695652173
X01012700 0.15217391304347827 0.15217391304347827 0.15217391304347827 0.15217391304347827 0.15217391304347827 0.15217391304347827 0.15217391304347827 0.15217391304347827 0.15217391304347827 0.15217391304347827 0.15217391304347827 0.15217391304347827 0.15217391304347827 0.15217391304347827 0.15217391304347827 0.15217391304347827 0.15217391304347827 0.15217391304347827 0.15217391304347827 0.15217391304347827
X01012710 0.2608695652173913 0.2608695652173913 0.2608695652173913 0.2608695652173913 0.2608695652173913 0.2608695652173913 0.2608695652173913 0.2608695652173913 0.2608695652173913 0.2608695652173913 0.2608695652173913 0.2608695652173913 0.2608695652173913 0.2608695652173913 0.2608695652173913 0.2608695652173913 0.2608695652173913 0.2608695652173913 0.2608695652173913 0.2608695652173913
X01013300 0.08695652173913043 0.08695652173913043 0.08695652173913043 0.08695652173913043 0.08695652173913043 0.08695652173913043 0.08695652173913043 0.08695652173913043 0.08695652173913043 0.08695652173913043 0.08695652173913043 0.08695652173913043 0.08695652173913043 0.08695652173913043 0.08695652173913043 0.08695652173913043 0.08695652173913043 0.08695652173913043 0.08695652173913043 0.08695652173913043
X01013310 0.2391304347826087 0.2391304347826087 0.2391304347826087 0.2391304347826087 0.2391304347826087 0.2391304347826087 0.2391304347826087 0.2391304347826087 0.2391304347826087 0.2391304347826087 0.2391304347826087 0.2391304347826087 0.2391304347826087 0.2391304347826087 0.2391304347826087 0.2391304347826087 0.2391304347826087 0.2391304347826087 0.2391304347826087 0.2391304347826087
X01013400 0.08695652173913043 0.08695652173913043 0.08695652173913043 0.08695652173913043 0.08695652173913043 0.08695652173913043 0.08695652173913043 0.08695652173913043 0.08695652173913043 0.08695652173913043 0.08695652173913043 0.08695652173913043 0.08695652173913043 0.08695652173913043 0.08695652173913043 0.08695652173913043 0.08695652173913043 0.08695652173913043 0.08695652173913043 0.08695652173913043
X01013410 0.30434782608695654 0.30434782608695654 0.30434782608695654 0.30434782608695654 0.30434782608695654 0.30434782608695654 0.30434782608695654 0.30434782608695654 0.30434782608695654 0.30434782608695654 0.30434782608695654 0.30434782608695654 0.30434782608695654 0.30434782608695654 0.30434782608695654 0.30434782608695654 0.30434782608695654 0.30434782608695654 0.30434782608695654 0.30434782608695654
X01013500 0.043478260869565216 0.043478260869565216 0.043478260869565216 0.043478260869565216 0.043478260869565216 0.043478260869565216 0.043478260869565216 0.043478260869565216 0.043478260869565216 0.043478260869565216 0.043478260869565216 0.043478260869565216 0.043478260869565216 0.043478260869565216 0.043478260869565216 0.043478260869565216 0.043478260869565216 0.043478260869565216 0.043478260869565216 0.043478260869565216
X01013510 0.2391304347826087 0.2391304347826087 0.2391304347826087 0.2391304347826087 0.2391304347826087 0.2391304347826087 0.2391304347826087 0.2391304347826087 0.2391304347826087 0.2391304347826087 0.2391304347826087 0.2391304347826087 0.2391304347826087 0.2391304347826087 0.2391304347826087 0.2391304347826087 0.2391304347826087 0.2391304347826087 0.2391304347826087 0.2391304347826087
X01013600 0.0 0.0 0.0 0.0 0.0 0.0 0.0 0.0 0.0 0.0 0.0 0.0 0.0 0.0 0.0 0.0 0.0 0.0 0.0 0.0
X01013610 0.41304347826086957 0.41304347826086957 0.41304347826086957 0.41304347826086957 0.41304347826086957 0.41304347826086957 0.41304347826086957 0.41304347826086957 0.41304347826086957 0.41304347826086957 0.41304347826086957 0.41304347826086957 0.41304347826086957 0.41304347826086957 0.41304347826086957 0.41304347826086957 0.41304347826086957 0.41304347826086957 0.41304347826086957 0.41304347826086957
X01013700 0.021739130434782608 0.021739130434782608 0.021739130434782608 0.021739130434782608 0.021739130434782608 0.021739130434782608 0.021739130434782608 0.021739130434782608 0.021739130434782608 0.021739130434782608 0.021739130434782608 0.021739130434782608 0.021739130434782608 0.021739130434782608 0.021739130434782608 0.021739130434782608 0.021739130434782608 0.021739130434782608 0.021739130434782608 0.021739130434782608
X01013710 0.2826086956521739 0.2826086956521739 0.2826086956521739 0.2826086956521739 0.2826086956521739 0.2826086956521739 0.2826086956521739 0.2826086956521739 0.2826086956521739 0.2826086956521739 0.2826086956521739 0.2826086956521739 0.2826086956521739 0.2826086956521739 0.2826086956521739 0.2826086956521739 0.2826086956521739 0.2826086956521739 0.2826086956521739 0.2826086956521739
X01002300 0.1956521739130435 0.1956521739130435 0.1956521739130435 0.1956521739130435 0.1956521739130435 0.1956521739130435 0.1956521739130435 0.1956521739130435 0.1956521739130435 0.1956521739130435 0.1956521739130435 0.1956521739130435 0.1956521739130435 0.1956521739130435 0.1956521739130435 0.1956521739130435 0.1956521739130435 0.1956521739130435 0.1956521739130435 0.1956521739130435
X01002310 0.15217391304347827 0.15217391304347827 0.15217391304347827 0.15217391304347827 0.15217391304347827 0.15217391304347827 0.15217391304347827 0.15217391304347827 0.15217391304347827 0.15217391304347827 0.15217391304347827 0.15217391304347827 0.15217391304347827 0.15217391304347827 0.15217391304347827 0.15217391304347827 0.15217391304347827 0.15217391304347827 0.15217391304347827 0.15217391304347827
X01012300 0.08695652173913043 0.08695652173913043 0.08695652173913043 0.08695652173913043 0.08695652173913043 0.08695652173913043 0.08695652173913043 0.08695652173913043 0.08695652173913043 0.08695652173913043 0.08695652173913043 0.08695652173913043 0.08695652173913043 0.08695652173913043 0.08695652173913043 0.08695652173913043 0.08695652173913043 0.08695652173913043 0.08695652173913043 0.08695652173913043
X01012310 0.391304347826087 0.391304347826087 0.391304347826087 0.391304347826087 0.391304347826087 0.391304347826087 0.391304347826087 0.391304347826087 0.391304347826087 0.391304347826087 0.391304347826087 0.391304347826087 0.391304347826087 0.391304347826087 0.391304347826087 0.391304347826087 0.391304347826087 0.391304347826087 0.391304347826087 0.391304347826087
X01012400 0.13043478260869565 0.13043478260869565 0.13043478260869565 0.13043478260869565 0.13043478260869565 0.13043478260869565 0.13043478260869565 0.13043478260869565 0.13043478260869565 0.13043478260869565 0.13043478260869565 0.13043478260869565 0.13043478260869565 0.13043478260869565 0.13043478260869565 0.13043478260869565 0.13043478260869565 0.13043478260869565 0.13043478260869565 0.13043478260869565
X01012410 0.1956521739130435 0.1956521739130435 0.1956521739130435 0.1956521739130435 0.1956521739130435 0.1956521739130435 0.1956521739130435 0.1956521739130435 0.1956521739130435 0.1956521739130435 0.1956521739130435 0.1956521739130435 0.1956521739130435 0.1956521739130435 0.1956521739130435 0.1956521739130435 0.1956521739130435 0.1956521739130435 0.1956521739130435 0.1956521739130435
X01012500 0.13043478260869565 0.13043478260869565 0.13043478260869565 0.13043478260869565 0.13043478260869565 0.13043478260869565 0.13043478260869565 0.13043478260869565 0.13043478260869565 0.13043478260869565 0.13043478260869565 0.13043478260869565 0.13043478260869565 0.13043478260869565 0.13043478260869565 0.13043478260869565 0.13043478260869565 0.13043478260869565 0.13043478260869565 0.13043478260869565
X01012510 0.391304347826087 0.391304347826087 0.391304347826087 0.391304347826087 0.391304347826087 0.391304347826087 0.391304347826087 0.391304347826087 0.391304347826087 0.391304347826087 0.391304347826087 0.391304347826087 0.391304347826087 0.391304347826087 0.391304347826087 0.391304347826087 0.391304347826087 0.391304347826087 0.391304347826087 0.391304347826087
X01012600 0.043478260869565216 0.043478260869565216 0.043478260869565216 0.043478260869565216 0.043478260869565216 0.043478260869565216 0.043478260869565216 0.043478260869565216 0.043478260869565216 0.043478260869565216 0.043478260869565216 0.043478260869565216 0.043478260869565216 0.043478260869565216 0.043478260869565216 0.043478260869565216 0.043478260869565216 0.043478260869565216 0.043478260869565216 0.043478260869565216
X01012610 0.2826086956521739 0.2826086956521739 0.2826086956521739 0.2826086956521739 0.2826086956521739 0.2826086956521739 0.2826086956521739 0.2826086956521739 0.2826086956521739 0.2826086956521739 0.2826086956521739 0.2826086956521739 0.2826086956521739 0.2826086956521739 0.2826086956521739 0.2826086956521739 0.2826086956521739 0.2826086956521739 0.2826086956521739 0.2826086956521739
X01012700 0.08695652173913043 0.08695652173913043 0.08695652173913043 0.08695652173913043 0.08695652173913043 0.08695652173913043 0.08695652173913043 0.08695652173913043 0.08695652173913043 0.08695652173913043 0.08695652173913043 0.08695652173913043 0.08695652173913043 0.08695652173913043 0.08695652173913043 0.08695652173913043 0.08695652173913043 0.08695652173913043 0.08695652173913043 0.08695652173913043
X01012710 0.21739130434782608 0.21739130434782608 0.21739130434782608 0.21739130434782608 0.21739130434782608 0.21739130434782608 0.21739130434782608 0.21739130434782608 0.21739130434782608 0.21739130434782608 0.21739130434782608 0.21739130434782608 0.21739130434782608 0.21739130434782608 0.21739130434782608 0.21739130434782608 0.21739130434782608 0.21739130434782608 0.21739130434782608 0.21739130434782608
X01013300 0.10869565217391304 0.10869565217391304 0.10869565217391304 0.10869565217391304 0.10869565217391304 0.10869565217391304 0.10869565217391304 0.10869565217391304 0.10869565217391304 0.10869565217391304 0.10869565217391304 0.10869565217391304 0.10869565217391304 0.10869565217391304 0.10869565217391304 0.10869565217391304 0.10869565217391304 0.10869565217391304 0.10869565217391304 0.10869565217391304
X01013310 0.32608695652173914 0.32608695652173914 0.32608695652173914 0.32608695652173914 0.32608695652173914 0.32608695652173914 0.32608695652173914 0.32608695652173914 0.32608695652173914 0.32608695652173914 0.32608695652173914 0.32608695652173914 0.32608695652173914 0.32608695652173914 0.32608695652173914 0.32608695652173914 0.32608695652173914 0.32608695652173914 0.32608695652173914 0.32608695652173914
X01013400 0.06521739130434782 0.06521739130434782 0.06521739130434782 0.06521739130434782 0.06521739130434782 0.06521739130434782 0.06521739130434782 0.06521739130434782 0.06521739130434782 0.06521739130434782 0.06521739130434782 0.06521739130434782 0.06521739130434782 0.06521739130434782 0.06521739130434782 0.06521739130434782 0.06521739130434782 0.06521739130434782 0.06521739130434782 0.06521739130434782
X01013410 0.2826086956521739 0.2826086956521739 0.2826086956521739 0.2826086956521739 0.2826086956521739 0.2826086956521739 0.2826086956521739 0.2826086956521739 0.2826086956521739 0.2826086956521739 0.2826086956521739 0.2826086956521739 0.2826086956521739 0.2826086956521739 0.2826086956521739 0.2826086956521739 0.2826086956521739 0.2826086956521739 0.2826086956521739 0.2826086956521739
X01013500 0.06521739130434782 0.06521739130434782 0.06521739130434782 0.06521739130434782 0.06521739130434782 0.06521739130434782 0.06521739130434782 0.06521739130434782 0.06521739130434782 0.06521739130434782 0.06521739130434782 0.06521739130434782 0.06521739130434782 0.06521739130434782 0.06521739130434782 0.06521739130434782 0.06521739130434782 0.06521739130434782 0.06521739130434782 0.06521739130434782
X01013510 0.2391304347826087 0.2391304347826087 0.2391304347826087 0.2391304347826087 0.2391304347826087 0.2391304347826087 0.2391304347826087 0.2391304347826087 0.2391304347826087 0.2391304347826087 0.2391304347826087 0.2391304347826087 0.2391304347826087 0.2391304347826087 0.2391304347826087 0.2391304347826087 0.2391304347826087 0.2391304347826087 0.2391304347826087 0.2391304347826087
X01013600 0.06521739130434782 0.06521739130434782 0.06521739130434782 0.06521739130434782 0.06521739130434782 0.06521739130434782 0.06521739130434782 0.06521739130434782 0.06521739130434782 0.06521739130434782 0.06521739130434782 0.06521739130434782 0.06521739130434782 0.06521739130434782 0.06521739130434782 0.06521739130434782 0.06521739130434782 0.06521739130434782 0.06521739130434782 0.06521739130434782
X01013610 0.21739130434782608 0.21739130434782608 0.21739130434782608 0.21739130434782608 0.21739130434782608 0.21739130434782608 0.21739130434782608 0.21739130434782608 0.21739130434782608 0.21739130434782608 0.21739130434782608 0.21739130434782608 0.21739130434782608 0.21739130434782608 0.21739130434782608 0.21739130434782608 0.21739130434782608 0.21739130434782608 0.21739130434782608 0.21739130434782608
X01013700 0.021739130434782608 0.021739130434782608 0.021739130434782608 0.021739130434782608 0.021739130434782608 0.021739130434782608 0.021739130434782608 0.021739130434782608 0.021739130434782608 0.021739130434782608 0.021739130434782608 0.021739130434782608 0.021739130434782608 0.021739130434782608 0.021739130434782608 0.021739130434782608 0.021739130434782608 0.021739130434782608 0.021739130434782608 0.021739130434782608
X01013710 0.2608695652173913 0.2608695652173913 0.2608695652173913 0.2608695652173913 0.2608695652173913 0.2608695652173913 0.2608695652173913 0.2608695652173913 0.2608695652173913 0.2608695652173913 0.2608695652173913 0.2608695652173913 0.2608695652173913 0.2608695652173913 0.2608695652173913 0.2608695652173913 0.2608695652173913 0.2608695652173913 0.2608695652173913 0.2608695652173913
X11002300 0.0 0.0 0.0 0.0 0.043478260869565216 0.0 0.0 0.021739130434782608 0.0 0.0 0.0 0.0 0.021739130434782608 0.0 0.0 0.0 0.0 0.0 0.0 0.0
X11002301 0.2826086956521739 0.391304347826087 0.34782608695652173 0.21739130434782608 0.34782608695652173 0.30434782608695654 0.3695652173913043 0.391304347826087 0.391304347826087 0.34782608695652173 0.391304347826087 0.41304347826086957 0.391304347826087 0.34782608695652173 0.3695652173913043 0.34782608695652173 0.34782608695652173 0.32608695652173914 0.34782608695652173 0.08695652173913043
X11002310 0.5 0.45652173913043476 0.4782608695652174 0.34782608695652173 0.5434782608695652 0.45652173913043476 0.391304347826087 0.45652173913043476 0.391304347826087 0.5 0.30434782608695654 0.41304347826086957 0.5 0.41304347826086957 0.45652173913043476 0.391304347826087 0.5 0.41304347826086957 0.4782608695652174 0.2391304347826087
X11002311 0.43478260869565216 0.3695652173913043 0.3695652173913043 0.45652173913043476 0.43478260869565216 0.45652173913043476 0.41304347826086957 0.34782608695652173 0.43478260869565216 0.43478260869565216 0.45652173913043476 0.43478260869565216 0.43478260869565216 0.391304347826087 0.391304347826087 0.41304347826086957 0.3695652173913043 0.43478260869565216 0.45652173913043476 0.45652173913043476
X11012301 0.0 0.0 0.45652173913043476 0.10869565217391304 0.0 0.0 0.0 0.0 0.8478260869565217 0.0 0.0 0.9565217391304348 0.0 0.0 0.0 0.0 0.043478260869565216 0.06521739130434782 0.0 0.13043478260869565
X11012310 0.7608695652173914 0.5652173913043478 0.5217391304347826 0.6956521739130435 0.7608695652173914 0.6521739130434783 0.6521739130434783 0.8260869565217391 0.10869565217391304 0.8695652173913043 0.782608695652174 0.6086956521739131 0.021739130434782608 0.06521739130434782 0.7608695652173914 0.6956521739130435 0.10869565217391304 0.782608695652174 0.5652173913043478 0.8043478260869565
X11012311 0.4782608695652174 0.5 0.391304347826087 0.6304347826086957 0.5652173913043478 0.7391304347826086 0.41304347826086957 0.6521739130434783 0.6086956521739131 0.9130434782608695 0.8695652173913043 0.8478260869565217 0.5869565217391305 0.5869565217391305 0.8695652173913043 0.6086956521739131 0.5217391304347826 0.717391304347826 0.391304347826087 0.45652173913043476
X11012400 0.021739130434782608 0.0 0.43478260869565216 0.0 0.0 0.21739130434782608 0.5434782608695652 0.2391304347826087 0.0 0.0 0.021739130434782608 0.0 0.0 0.0 0.08695652173913043 0.0 0.391304347826087 0.0 0.13043478260869565 0.021739130434782608
X11012401 0.0 0.0 0.043478260869565216 0.5434782608695652 0.0 0.0 0.0 0.2391304347826087 0.0 0.0 0.9347826086956522 0.0 0.021739130434782608 0.0 0.0 0.6739130434782609 0.021739130434782608 0.8478260869565217 0.0 0.0
X11012410 0.6956521739130435 0.6521739130434783 0.8913043478260869 0.5217391304347826 0.43478260869565216 0.717391304347826 0.5217391304347826 0.782608695652174 0.6521739130434783 0.7608695652173914 0.8260869565217391 0.5217391304347826 0.6956521739130435 0.6521739130434783 0.717391304347826 0.717391304347826 0.7391304347826086 0.8478260869565217 0.782608695652174 0.5217391304347826
X11012411 0.5434782608695652 0.2608695652173913 0.6739130434782609 0.5434782608695652 0.7391304347826086 0.6956521739130435 0.5 0.7608695652173914 0.8043478260869565 0.5434782608695652 0.5869565217391305 0.5869565217391305 0.7608695652173914 0.6521739130434783 0.8260869565217391 0.43478260869565216 0.45652173913043476 0.6086956521739131 0.5217391304347826 0.8043478260869565
X11012500 0.391304347826087 0.0 0.0 0.2826086956521739 0.45652173913043476 0.41304347826086957 0.0 0.0 0.0 0.021739130434782608 0.0 0.2826086956521739 0.021739130434782608 0.0 0.45652173913043476 0.021739130434782608 0.717391304347826 0.0 0.0 0.0
X11012501 0.0 0.0 0.30434782608695654 0.0 0.0 0.0 0.0 0.0 0.17391304347826086 0.7608695652173914 0.0 0.5652173913043478 0.0 0.0 0.0 0.8913043478260869 0.0 0.7391304347826086 0.0 0.0
X11012510 0.7391304347826086 0.8043478260869565 0.8260869565217391 0.8913043478260869 0.8260869565217391 0.9347826086956522 0.10869565217391304 0.8260869565217391 0.5652173913043478 0.8260869565217391 0.6304347826086957 0.45652173913043476 0.8695652173913043 0.5652173913043478 0.6956521739130435 0.5217391304347826 0.5 0.6086956521739131 0.8043478260869565 0.45652173913043476
X11012511 0.3695652173913043 0.5217391304347826 0.5 0.2826086956521739 0.41304347826086957 0.6521739130434783 0.32608695652173914 0.5434782608695652 0.43478260869565216 0.5434782608695652 0.4782608695652174 0.5652173913043478 0.7608695652173914 0.5434782608695652 0.6956521739130435 0.5652173913043478 0.8043478260869565 0.5217391304347826 0.782608695652174 0.5
X11012600 0.10869565217391304 0.0 0.0 0.0 0.0 0.0 0.0 0.43478260869565216 0.1956521739130435 0.0 0.0 0.0 0.0 0.0 0.0 0.0 0.0 0.0 0.0 0.08695652173913043
X11012601 0.5 0.0 0.4782608695652174 0.021739130434782608 0.5 0.34782608695652173 0.0 0.0 0.0 0.021739130434782608 0.0 0.0 0.0 0.043478260869565216 0.10869565217391304 0.0 0.0 0.0 0.0 0.0
X11012610 0.5652173913043478 0.6304347826086957 0.6304347826086957 0.4782608695652174 0.8260869565217391 0.7608695652173914 0.6304347826086957 0.8043478260869565 0.32608695652173914 0.7391304347826086 0.7608695652173914 0.717391304347826 0.7608695652173914 0.8260869565217391 0.5217391304347826 0.5217391304347826 0.6086956521739131 0.782608695652174 0.5217391304347826 0.6086956521739131
X11012611 0.3695652173913043 0.6739130434782609 0.8260869565217391 0.4782608695652174 0.34782608695652173 0.5217391304347826 0.5652173913043478 0.6304347826086957 0.7608695652173914 0.5 0.7391304347826086 0.3695652173913043 0.3695652173913043 0.5652173913043478 0.41304347826086957 0.5217391304347826 0.4782608695652174 0.8478260869565217 0.5434782608695652 0.6739130434782609
X11012700 0.32608695652173914 0.0 0.0 0.0 0.391304347826087 0.0 0.10869565217391304 0.0 0.0 0.0 0.5217391304347826 0.0 0.0 0.0 0.0 0.0 0.0 0.021739130434782608 0.043478260869565216 0.0
X11012701 0.0 0.0 0.10869565217391304 0.34782608695652173 0.0 0.0 0.0 0.021739130434782608 0.0 0.0 0.5869565217391305 0.6086956521739131 0.6521739130434783 0.0 0.0 0.043478260869565216 0.0 0.0 0.1956521739130435 0.0
X11012710 0.5217391304347826 0.5652173913043478 0.782608695652174 0.32608695652173914 0.5869565217391305 0.41304347826086957 0.6521739130434783 0.5434782608695652 0.043478260869565216 0.6521739130434783 0.9130434782608695 0.41304347826086957 0.43478260869565216 0.391304347826087 0.6739130434782609 0.6086956521739131 0.4782608695652174 0.6956521739130435 0.41304347826086957 0.30434782608695654
X11012711 0.8043478260869565 0.41304347826086957 0.391304347826087 0.391304347826087 0.8478260869565217 0.6739130434782609 0.782608695652174 0.6304347826086957 0.8260869565217391 0.391304347826087 0.5652173913043478 0.5869565217391305 0.43478260869565216 0.41304347826086957 0.4782608695652174 0.4782608695652174 0.717391304347826 0.45652173913043476 0.8043478260869565 0.6304347826086957
X11013300 0.021739130434782608 0.06521739130434782 0.0 0.0 0.0 0.0 0.0 0.10869565217391304 0.0 0.0 0.0 0.0 0.0 0.0 0.021739130434782608 0.0 0.0 0.5652173913043478 0.0 0.021739130434782608
X11013301 0.2391304347826087 0.0 0.6521739130434783 0.0 0.0 0.0 0.08695652173913043 0.2608695652173913 0.7608695652173914 0.0 0.5217391304347826 0.0 0.021739130434782608 0.0 0.0 0.0 0.0 0.10869565217391304 0.0 0.0
X11013310 0.7391304347826086 0.7608695652173914 0.6739130434782609 0.782608695652174 0.8260869565217391 0.6521739130434783 0.6739130434782609 0.717391304347826 0.8260869565217391 0.4782608695652174 0.5869565217391305 0.6956521739130435 0.6956521739130435 0.5869565217391305 0.7391304347826086 0.5434782608695652 0.6304347826086957 0.8043478260869565 0.6956521739130435 0.9130434782608695
X11013400 0.0 0.0 0.0 0.0 0.3695652173913043 0.0 0.30434782608695654 0.0 0.0 0.0 0.0 0.43478260869565216 0.0 0.0 0.043478260869565216 0.15217391304347827 0.391304347826087 0.0 0.0 0.0
X11013401 0.17391304347826086 0.2608695652173913 0.021739130434782608 0.391304347826087 0.34782608695652173 0.0 0.2608695652173913 0.0 0.021739130434782608 0.0 0.0 0.0 0.0 0.17391304347826086 0.021739130434782608 0.391304347826087 0.10869565217391304 0.6521739130434783 0.0 0.021739130434782608
X11013410 0.5652173913043478 0.6304347826086957 0.5869565217391305 0.6086956521739131 0.717391304347826 0.5217391304347826 0.6956521739130435 0.8043478260869565 0.5 0.5652173913043478 0.5434782608695652 0.6304347826086957 0.6521739130434783 0.6521739130434783 0.9782608695652174 0.5652173913043478 0.6956521739130435 0.5 0.5869565217391305 0.5434782608695652
X11013411 0.7608695652173914 0.717391304347826 0.8043478260869565 0.8260869565217391 0.5 0.8260869565217391 0.34782608695652173 0.8695652173913043 0.8043478260869565 0.7608695652173914 0.717391304347826 0.8043478260869565 0.7608695652173914 0.5 0.782608695652174 0.717391304347826 0.8260869565217391 0.4782608695652174 0.7608695652173914 0.5217391304347826
X11013500 0.0 0.13043478260869565 0.0 0.0 0.0 0.06521739130434782 0.0 0.43478260869565216 0.15217391304347827 0.0 0.0 0.0 0.043478260869565216 0.0 0.0 0.0 0.0 0.0 0.0 0.0
X11013501 0.0 0.2391304347826087 0.0 0.0 0.0 0.0 0.13043478260869565 0.5217391304347826 0.0 0.0 0.41304347826086957 0.0 0.0 0.717391304347826 0.0 0.0 0.0 0.08695652173913043 0.021739130434782608 0.0
X11013510 0.6521739130434783 0.6956521739130435 0.6956521739130435 0.6521739130434783 0.5869565217391305 0.717391304347826 0.5652173913043478 0.717391304347826 0.5 0.5652173913043478 0.782608695652174 0.6521739130434783 0.6304347826086957 0.6739130434782609 0.7391304347826086 0.30434782608695654 0.5652173913043478 0.8043478260869565 0.1956521739130435 0.6739130434782609
X11013511 0.7391304347826086 0.5434782608695652 0.5434782608695652 0.6086956521739131 0.5217391304347826 0.7391304347826086 0.7391304347826086 0.6956521739130435 0.7391304347826086 0.6956521739130435 0.782608695652174 0.7608695652173914 0.6956521739130435 0.7608695652173914 0.6086956521739131 0.7608695652173914 0.717391304347826 0.5434782608695652 0.45652173913043476 0.6739130434782609
X11013600 0.08695652173913043 0.0 0.0 0.0 0.0 0.0 0.0 0.0 0.0 0.0 0.782608695652174 0.0 0.0 0.0 0.4782608695652174 0.0 0.0 0.0 0.10869565217391304 0.0
X11013601 0.3695652173913043 0.0 0.0 0.2608695652173913 0.15217391304347827 0.13043478260869565 0.5 0.0 0.0 0.0 0.17391304347826086 0.0 0.0 0.0 0.0 0.32608695652173914 0.13043478260869565 0.0 0.0 0.06521739130434782
X11013610 0.8695652173913043 0.717391304347826 0.8043478260869565 0.8260869565217391 0.5869565217391305 0.5869565217391305 0.5652173913043478 0.8478260869565217 0.717391304347826 0.782608695652174 0.8043478260869565 0.5869565217391305 0.6956521739130435 0.8043478260869565 0.6521739130434783 0.6739130434782609 0.5869565217391305 0.8043478260869565 0.6086956521739131 0.782608695652174
X11013611 0.5 0.6521739130434783 0.717391304347826 0.5652173913043478 0.5434782608695652 0.5 0.6521739130434783 0.6086956521739131 0.5217391304347826 0.6086956521739131 0.6739130434782609 0.6304347826086957 0.6086956521739131 0.6739130434782609 0.717391304347826 0.5434782608695652 0.6739130434782609 0.6521739130434783 0.8478260869565217 0.4782608695652174
X11013700 0.13043478260869565 0.0 0.0 0.0 0.0 0.17391304347826086 0.0 0.4782608695652174 0.0 0.0 0.0 0.0 0.0 0.0 0.10869565217391304 0.0 0.08695652173913043 0.0 0.08695652173913043 0.782608695652174
X11013701 0.0 0.13043478260869565 0.5434782608695652 0.021739130434782608 0.0 0.2826086956521739 0.5869565217391305 0.0 0.021739130434782608 0.0 0.5217391304347826 0.0 0.0 0.0 0.6086956521739131 0.0 0.0 0.0 0.0 0.0
X11013710 0.717391304347826 0.7391304347826086 0.717391304347826 0.7391304347826086 0.7608695652173914 0.7391304347826086 0.5 0.4782608695652174 0.8478260869565217 0.717391304347826 0.782608695652174 0.45652173913043476 0.6304347826086957 0.6304347826086957 0.7608695652173914 0.6956521739130435 0.7391304347826086 0.7608695652173914 0.43478260869565216 0.6739130434782609
X11013711 0.5434782608695652 0.5434782608695652 0.3695652173913043 0.5434782608695652 0.7391304347826086 0.3695652173913043 0.5869565217391305 0.6521739130434783 0.5869565217391305 0.5 0.8260869565217391 0.6956521739130435 0.5 0.8260869565217391 0.717391304347826 0.1956521739130435 0.5434782608695652 0.717391304347826 0.5652173913043478 0.43478260869565216
X11102300 0.0 0.0 0.0 0.0 0.0 0.0 0.0 0.0 0.0 0.0 0.0 0.0 0.0 0.0 0.0 0.0 0.0 0.0 0.0 0.0
X11102301 0.0 0.0 0.0 0.0 0.0 0.0 0.0 0.0 0.0 0.0 0.0 0.0 0.0 0.0 0.0 0.0 0.0 0.0 0.0 0.0
X11102310 1.0 0.0 0.0 0.34782608695652173 1.0 0.0 1.0 0.2391304347826087 0.0 0.0 0.0 0.043478260869565216 1.0 1.0 0.0 0.0 1.0 1.0 0.9130434782608695 1.0
X11102311 0.06521739130434782 1.0 0.0 1.0 0.0 1.0 1.0 1.0 0.0 0.0 0.0 0.0 1.0 1.0 0.0 1.0 0.0 0.0 1.0 1.0
X11112300 0.0 0.0 0.0 0.0 0.0 0.0 0.0 0.0 0.0 0.0 0.0 0.0 0.0 0.0 0.0 0.0 0.0 0.0 0.0 0.0
X11112301 0.0 0.0 0.0 0.0 0.0 0.0 0.0 0.0 0.0 0.0 0.0 0.0 0.0 1.0 0.0 0.0 0.0 0.0 0.0 1.0
X11112310 0.0 0.0 0.0 1.0 0.0 1.0 1.0 0.0 1.0 1.0 0.9782608695652174 0.0 1.0 0.10869565217391304 1.0 1.0 1.0 0.0 0.7391304347826086 0.0
X11112311 1.0 0.13043478260869565 0.0 0.0 1.0 1.0 0.0 0.0 0.0 0.0 1.0 0.0 0.9782608695652174 1.0 0.0 0.0 1.0 1.0 0.5434782608695652 0.021739130434782608
X11112400 0.0 0.0 0.0 0.0 0.0 0.0 0.0 0.0 0.0 0.0 0.0 0.0 0.0 0.0 0.0 0.0 0.0 0.0 0.0 0.0
X11112401 0.0 0.0 0.0 0.0 0.0 0.0 0.0 0.0 0.0 0.0 0.0 0.0 1.0 0.0 1.0 0.0 0.0 0.0 0.0 0.0
X11112410 0.0 0.0 1.0 0.0 1.0 1.0 1.0 1.0 1.0 1.0 1.0 1.0 0.0 1.0 1.0 0.0 0.0 0.0 1.0 0.7391304347826086
X11112411 0.021739130434782608 1.0 0.0 0.9782608695652174 0.0 0.391304347826087 1.0 1.0 1.0 1.0 0.0 0.0 0.0 1.0 0.0 0.021739130434782608 0.0 0.7608695652173914 0.0 1.0
X11112500 0.0 0.0 0.0 0.0 0.0 0.0 0.0 0.0 0.0 0.0 0.0 0.0 0.0 0.0 0.0 0.0 0.0 0.0 0.0 0.0
X11112501 0.0 0.0 0.0 0.0 0.0 0.0 0.0 1.0 0.0 0.0 0.0 0.9782608695652174 0.0 0.0 0.0 0.0 0.0 0.0 0.0 0.0
X11112510 0.0 0.0 0.0 1.0 1.0 1.0 1.0 0.0 0.9347826086956522 0.782608695652174 0.0 0.9347826086956522 1.0 1.0 1.0 0.0 0.717391304347826 1.0 0.9782608695652174 1.0
X11112511 1.0 0.0 1.0 0.0 0.0 1.0 1.0 1.0 0.0 0.0 1.0 0.0 0.0 0.10869565217391304 1.0 0.0 0.0 0.9782608695652174 0.0 1.0
X11112600 0.0 0.0 0.0 0.0 0.0 0.0 0.0 0.0 0.0 0.0 0.0 0.0 0.0 0.0 0.0 0.0 0.0 0.0 0.0 0.0
X11112601 0.0 0.0 0.0 0.0 0.0 0.0 0.0 0.0 0.0 0.0 0.0 0.0 0.0 0.0 0.0 0.0 0.0 0.0 0.0 0.0
X11112610 1.0 1.0 0.0 0.0 1.0 1.0 0.9782608695652174 1.0 0.9782608695652174 0.0 0.0 1.0 0.0 1.0 1.0 0.0 1.0 1.0 1.0 1.0
X11112611 1.0 0.0 0.782608695652174 0.0 0.0 0.0 0.0 0.0 0.0 0.0 0.0 0.0 0.0 1.0 0.0 1.0 1.0 1.0 0.0 0.0
X11112700 0.0 0.0 0.0 0.0 0.0 0.0 0.0 0.0 0.0 0.0 0.0 0.0 0.0 0.0 0.0 0.0 0.0 0.0 0.0 0.0
X11112701 0.0 1.0 0.08695652173913043 0.0 0.0 0.0 0.0 0.0 0.0 0.0 0.0 0.0 0.0 0.0 0.0 0.0 0.0 0.0 0.0 0.0
X11112710 0.0 1.0 0.0 0.0 1.0 0.0 1.0 0.0 0.0 1.0 1.0 1.0 0.8913043478260869 0.0 0.0 1.0 0.0 0.8695652173913043 0.0 0.0
X11112711 1.0 0.0 1.0 0.0 1.0 0.0 1.0 0.0 0.021739130434782608 0.0 1.0 1.0 0.0 1.0 1.0 1.0 1.0 0.0 0.0 1.0
X11113300 0.0 0.0 0.0 0.0 0.0 0.0 0.0 0.0 0.0 0.0 0.0 0.0 0.0 0.0 0.0 0.0 0.0 0.0 0.0 0.0
X11113301 0.0 0.0 0.0 0.0 1.0 0.0 0.0 0.0 0.0 0.0 0.0 0.0 0.0 0.0 0.0 0.0 0.0 0.0 0.0 0.0
X11113310 0.0 1.0 0.8260869565217391 0.0 1.0 1.0 0.0 0.0 1.0 0.0 0.0 1.0 0.9782608695652174 1.0 0.0 0.043478260869565216 0.0 1.0 0.0 0.0
X11113311 1.0 0.0 0.0 1.0 0.0 1.0 0.0 0.0 1.0 1.0 0.0 1.0 0.0 0.0 0.0 1.0 0.5434782608695652 0.0 0.0 0.0
X11113400 0.0 0.0 0.0 0.0 0.0 0.0 0.0 0.0 0.0 0.0 0.0 0.0 0.0 0.0 0.0 0.0 0.0 0.0 0.0 0.0
X11113401 0.0 0.0 0.0 0.0 0.0 0.0 0.0 0.0 0.0 0.0 0.0 0.0 0.0 0.5217391304347826 0.0 0.0 0.8695652173913043 0.0 0.0 0.0
X11113410 0.3695652173913043 0.0 0.0 0.9782608695652174 0.0 0.0 0.0 1.0 1.0 0.0 1.0 1.0 0.9565217391304348 0.0 1.0 1.0 0.9565217391304348 0.5217391304347826 0.0 0.0
X11113411 1.0 0.0 1.0 0.8260869565217391 0.0 1.0 1.0 0.0 1.0 0.0 0.0 0.0 0.0 0.0 0.9565217391304348 1.0 1.0 1.0 0.021739130434782608 1.0
X11113500 0.0 0.0 0.0 0.0 0.0 0.0 0.0 0.0 0.0 0.0 0.0 0.0 0.0 0.0 0.15217391304347827 0.0 0.0 0.0 0.0 0.0
X11113501 0.0 0.0 0.0 0.0 0.0 0.0 0.0 0.0 0.0 0.0 0.0 0.0 0.0 0.0 0.0 0.0 0.0 0.0 0.0 0.0
X11113510 1.0 0.0 0.0 1.0 0.0 0.0 1.0 1.0 0.0 0.0 1.0 1.0 0.0 1.0 1.0 1.0 0.0 1.0 1.0 0.0
X11113511 0.43478260869565216 0.0 0.0 0.0 1.0 1.0 1.0 1.0 1.0 1.0 1.0 0.06521739130434782 0.0 0.0 0.0 0.0 0.0 1.0 1.0 0.0
X11113600 0.0 0.0 0.0 0.0 0.0 0.0 0.0 0.0 0.0 0.0 0.0 0.0 0.0 0.0 0.0 0.0 0.0 0.0 0.0 0.0
X11113601 0.0 1.0 0.0 0.0 0.0 0.0 0.0 0.0 0.0 0.0 0.0 0.8913043478260869 0.0 0.0 0.0 0.0 0.0 1.0 0.0 0.0
X11113610 1.0 1.0 1.0 0.0 0.0 1.0 1.0 0.0 1.0 1.0 1.0 0.13043478260869565 1.0 1.0 1.0 0.0 0.0 0.0 0.0 1.0
X11113611 1.0 0.0 0.0 1.0 0.0 0.0 0.0 0.0 0.5869565217391305 1.0 0.8260869565217391 0.0 1.0 0.0 0.0 1.0 0.0 0.0 0.0 0.8913043478260869
X11113700 0.0 0.0 0.0 0.0 0.0 0.0 0.0 0.0 0.0 0.0 0.0 0.0 0.0 0.0 0.0 0.0 0.0 0.0 0.0 0.0
X11113701 0.0 0.0 0.0 0.0 0.0 0.0 0.0 0.0 0.0 0.0 0.0 0.0 0.0 0.0 0.0 0.0 0.0 0.0 0.0 1.0
X11113710 0.0 1.0 0.0 0.0 0.0 0.0 0.9565217391304348 0.0 1.0 0.0 0.0 0.0 1.0 1.0 0.0 0.0 1.0 1.0 0.0 0.0
X11113711 0.0 1.0 0.0 0.0 0.0 0.8043478260869565 0.0 1.0 1.0 1.0 0.0 0.0 1.0 1.0 0.0 0.0 1.0 1.0 0.7608695652173914 0.0
X12002300 0.0 0.0 0.10869565217391304 0.021739130434782608 0.15217391304347827 0.0 0.10869565217391304 0.08695652173913043 0.0 0.021739130434782608 0.0 0.17391304347826086 0.13043478260869565 0.0 0.0 0.021739130434782608 0.0 0.0 0.0 0.0
X12002301 0.043478260869565216 0.043478260869565216 0.043478260869565216 0.043478260869565216 0.043478260869565216 0.021739130434782608 0.043478260869565216 0.043478260869565216 0.043478260869565216 0.0 0.043478260869565216 0.021739130434782608 0.021739130434782608 0.043478260869565216 0.043478260869565216 0.0 0.043478260869565216 0.021739130434782608 0.06521739130434782 0.043478260869565216
X12002310 0.2826086956521739 0.5217391304347826 0.6304347826086957 0.4782608695652174 0.5434782608695652 0.2826086956521739 0.30434782608695654 0.4782608695652174 0.45652173913043476 0.2826086956521739 0.2608695652173913 0.391304347826087 0.5434782608695652 0.3695652173913043 0.2391304347826087 0.5 0.2826086956521739 0.2391304347826087 0.15217391304347827 0.5
X12002311 0.391304347826087 0.34782608695652173 0.15217391304347827 0.17391304347826086 0.10869565217391304 0.10869565217391304 0.13043478260869565 0.15217391304347827 0.10869565217391304 0.21739130434782608 0.2608695652173913 0.5 0.2608695652173913 0.06521739130434782 0.17391304347826086 0.21739130434782608 0.3695652173913043 0.4782608695652174 0.06521739130434782 0.08695652173913043
X12012300 0.0 0.0 0.0 0.10869565217391304 0.0 0.021739130434782608 0.1956521739130435 0.0 0.0 0.0 0.0 0.0 0.0 0.0 0.4782608695652174 0.0 0.0 0.043478260869565216 0.0 0.4782608695652174
X12012301 0.021739130434782608 0.0 0.0 0.0 0.08695652173913043 0.0 0.08695652173913043 0.10869565217391304 0.0 0.0 0.3695652173913043 0.15217391304347827 0.0 0.08695652173913043 0.0 0.06521739130434782 0.0 0.0 0.0 0.0
X12012310 0.41304347826086957 0.5217391304347826 0.5217391304347826 0.5434782608695652 0.8260869565217391 0.6086956521739131 0.4782608695652174 0.5869565217391305 0.717391304347826 0.6521739130434783 0.9130434782608695 0.9347826086956522 0.5217391304347826 0.391304347826087 0.5652173913043478 0.6086956521739131 0.6521739130434783 0.6956521739130435 0.2826086956521739 0.43478260869565216
X12012311 0.5652173913043478 0.34782608695652173 0.9565217391304348 0.5869565217391305 0.7391304347826086 0.9130434782608695 0.4782608695652174 0.8260869565217391 0.2391304347826087 0.2391304347826087 0.8043478260869565 0.3695652173913043 0.43478260869565216 0.5 0.5434782608695652 0.717391304347826 0.5217391304347826 0.9347826086956522 0.8478260869565217 0.21739130434782608
X12012400 0.0 0.0 0.0 0.043478260869565216 0.15217391304347827 0.2391304347826087 0.17391304347826086 0.0 0.0 0.0 0.0 0.0 0.0 0.0 0.3695652173913043 0.0 0.0 0.0 0.0 0.0
X12012401 0.0 0.0 0.0 0.0 0.0 0.06521739130434782 0.0 0.0 0.0 0.06521739130434782 0.043478260869565216 0.0 0.0 0.0 0.021739130434782608 0.0 0.0 0.0 0.0 0.0
X12012410 0.7391304347826086 0.4782608695652174 0.6086956521739131 0.3695652173913043 0.5652173913043478 0.4782608695652174 0.8260869565217391 0.32608695652173914 0.8478260869565217 0.9347826086956522 0.391304347826087 0.34782608695652173 0.6086956521739131 0.5434782608695652 0.21739130434782608 1.0 0.5652173913043478 0.41304347826086957 0.5217391304347826 0.6086956521739131
X12012411 0.9782608695652174 0.8260869565217391 0.9782608695652174 0.41304347826086957 0.9782608695652174 0.8695652173913043 0.9782608695652174 0.9782608695652174 0.2391304347826087 0.391304347826087 0.9782608695652174 0.391304347826087 0.9782608695652174 0.32608695652173914 0.3695652173913043 0.8695652173913043 0.9565217391304348 0.5434782608695652 0.6304347826086957 0.9782608695652174
X12012500 0.0 0.0 0.0 0.021739130434782608 0.0 0.0 0.0 0.021739130434782608 0.06521739130434782 0.0 0.0 0.0 0.0 0.0 0.021739130434782608 0.021739130434782608 0.0 0.0 0.0 0.0
X12012501 0.0 0.0 0.17391304347826086 0.0 0.0 0.0 0.0 0.021739130434782608 0.0 0.0 0.08695652173913043 0.0 0.0 0.0 0.0 0.0 0.0 0.0 0.021739130434782608 0.0
X12012510 0.4782608695652174 0.8478260869565217 0.5 0.8478260869565217 0.717391304347826 0.7391304347826086 0.782608695652174 0.8913043478260869 0.6304347826086957 0.5869565217391305 0.6956521739130435 0.5 0.717391304347826 0.6086956521739131 0.5652173913043478 0.717391304347826 0.6304347826086957 0.6304347826086957 0.7391304347826086 0.5217391304347826
X12012511 0.9782608695652174 0.2391304347826087 0.8260869565217391 0.8913043478260869 0.1956521739130435 0.5 0.8478260869565217 0.9130434782608695 0.5869565217391305 0.3695652173913043 0.7391304347826086 0.43478260869565216 0.9565217391304348 0.9565217391304348 0.9782608695652174 0.8260869565217391 0.5652173913043478 0.9782608695652174 0.41304347826086957 0.9565217391304348
X12012600 0.0 0.0 0.0 0.0 0.0 0.06521739130434782 0.0 0.0 0.0 0.0 0.0 0.0 0.0 0.0 0.0 0.30434782608695654 0.0 0.3695652173913043 0.0 0.0
X12012601 0.0 0.0 0.06521739130434782 0.0 0.0 0.06521739130434782 0.0 0.0 0.021739130434782608 0.0 0.021739130434782608 0.021739130434782608 0.06521739130434782 0.0 0.0 0.0 0.0 0.043478260869565216 0.2391304347826087 0.043478260869565216
X12012610 0.9130434782608695 0.8043478260869565 0.5 0.5869565217391305 0.5 0.717391304347826 0.45652173913043476 0.9130434782608695 0.7391304347826086 0.6086956521739131 0.8478260869565217 0.4782608695652174 0.5869565217391305 0.9347826086956522 0.43478260869565216 0.6739130434782609 0.43478260869565216 0.5 0.717391304347826 0.5
X12012611 0.10869565217391304 0.43478260869565216 0.9347826086956522 0.2826086956521739 0.9130434782608695 0.8695652173913043 0.9782608695652174 0.9782608695652174 0.8695652173913043 0.021739130434782608 0.8043478260869565 0.9565217391304348 0.9782608695652174 0.8260869565217391 0.7608695652173914 0.9347826086956522 0.9130434782608695 0.9565217391304348 0.6086956521739131 0.9782608695652174
X12012700 0.0 0.41304347826086957 0.0 0.06521739130434782 0.0 0.0 0.0 0.0 0.0 0.0 0.34782608695652173 0.41304347826086957 0.13043478260869565 0.45652173913043476 0.0 0.0 0.0 0.0 0.06521739130434782 0.0
X12012701 0.43478260869565216 0.0 0.0 0.0 0.0 0.0 0.0 0.043478260869565216 0.0 0.0 0.0 0.13043478260869565 0.15217391304347827 0.0 0.34782608695652173 0.0 0.0 0.0 0.08695652173913043 0.0
X12012710 0.5 1.0 0.6086956521739131 0.8478260869565217 0.45652173913043476 0.717391304347826 0.3695652173913043 0.5217391304347826 0.5217391304347826 0.5217391304347826 0.5217391304347826 0.4782608695652174 0.5869565217391305 0.6521739130434783 0.5217391304347826 0.782608695652174 0.7391304347826086 0.5217391304347826 0.5217391304347826 0.782608695652174
X12012711 0.43478260869565216 0.5869565217391305 0.9782608695652174 0.9565217391304348 0.9782608695652174 0.9782608695652174 0.8695652173913043 0.06521739130434782 0.2826086956521739 0.9782608695652174 0.5652173913043478 0.9782608695652174 0.8913043478260869 0.2608695652173913 0.0 0.32608695652173914 0.717391304347826 0.6304347826086957 0.9782608695652174 0.41304347826086957
X12013300 0.0 0.0 0.0 0.021739130434782608 0.0 0.0 0.0 0.0 0.0 0.0 0.0 0.17391304347826086 0.021739130434782608 0.0 0.13043478260869565 0.0 0.021739130434782608 0.0 0.0 0.0
X12013301 0.021739130434782608 0.0 0.0 0.0 0.0 0.0 0.0 0.021739130434782608 0.10869565217391304 0.17391304347826086 0.0 0.0 0.0 0.0 0.0 0.0 0.021739130434782608 0.021739130434782608 0.0 0.0
X12013310 0.6086956521739131 0.5652173913043478 0.8043478260869565 0.6739130434782609 0.41304347826086957 0.782608695652174 0.7391304347826086 0.5434782608695652 0.6956521739130435 0.7391304347826086 0.4782608695652174 0.7391304347826086 0.7608695652173914 0.7391304347826086 0.8695652173913043 0.6086956521739131 0.782608695652174 0.7608695652173914 0.5434782608695652 0.6956521739130435
X12013311 0.45652173913043476 0.782608695652174 0.5869565217391305 0.4782608695652174 0.782608695652174 0.17391304347826086 0.8478260869565217 0.717391304347826 0.8260869565217391 0.8043478260869565 0.41304347826086957 0.6304347826086957 0.9782608695652174 0.41304347826086957 0.8478260869565217 0.6086956521739131 0.9782608695652174 0.7391304347826086 0.5 0.782608695652174
X12013400 0.0 0.0 0.021739130434782608 0.0 0.021739130434782608 0.34782608695652173 0.0 0.0 0.0 0.0 0.0 0.0 0.0 0.0 0.0 0.0 0.0 0.0 0.043478260869565216 0.021739130434782608
X12013401 0.021739130434782608 0.10869565217391304 0.0 0.0 0.043478260869565216 0.021739130434782608 0.0 0.021739130434782608 0.06521739130434782 0.0 0.0 0.021739130434782608 0.06521739130434782 0.10869565217391304 0.043478260869565216 0.15217391304347827 0.0 0.0 0.08695652173913043 0.0
X12013410 0.8478260869565217 0.6739130434782609 0.782608695652174 0.7608695652173914 0.6304347826086957 0.5217391304347826 0.6086956521739131 0.3695652173913043 0.6739130434782609 0.4782608695652174 0.5434782608695652 0.45652173913043476 0.5869565217391305 0.5217391304347826 0.5434782608695652 0.6956521739130435 0.5652173913043478 0.6086956521739131 0.6956521739130435 0.4782608695652174
X12013411 0.9782608695652174 0.13043478260869565 0.9782608695652174 0.6956521739130435 0.9782608695652174 0.9347826086956522 0.9782608695652174 0.9565217391304348 0.9782608695652174 0.10869565217391304 0.9782608695652174 0.9782608695652174 0.6739130434782609 0.9565217391304348 0.7391304347826086 0.9782608695652174 0.9782608695652174 0.9782608695652174 0.9782608695652174 0.9782608695652174
X12013500 0.0 0.043478260869565216 0.0 0.0 0.17391304347826086 0.043478260869565216 0.0 0.08695652173913043 0.0 0.0 0.0 0.0 0.0 0.0 0.0 0.0 0.34782608695652173 0.0 0.021739130434782608 0.0
X12013501 0.0 0.021739130434782608 0.043478260869565216 0.0 0.0 0.0 0.043478260869565216 0.0 0.021739130434782608 0.0 0.0 0.0 0.0 0.043478260869565216 0.0 0.021739130434782608 0.0 0.021739130434782608 0.08695652173913043 0.0
X12013510 0.8260869565217391 0.717391304347826 0.717391304347826 0.8043478260869565 0.9565217391304348 0.782608695652174 0.6304347826086957 0.7391304347826086 0.6739130434782609 0.6956521739130435 0.8043478260869565 0.7391304347826086 0.6521739130434783 0.7608695652173914 0.6304347826086957 0.717391304347826 0.8260869565217391 0.782608695652174 0.782608695652174 0.6304347826086957
X12013511 0.8695652173913043 0.5869565217391305 0.8260869565217391 0.6086956521739131 0.8478260869565217 0.5869565217391305 0.9347826086956522 0.6304347826086957 0.8913043478260869 0.6521739130434783 0.8695652173913043 0.30434782608695654 0.717391304347826 0.5434782608695652 0.717391304347826 0.10869565217391304 0.9130434782608695 0.8913043478260869 0.8695652173913043 0.8913043478260869
X12013600 0.06521739130434782 0.0 0.2391304347826087 0.0 0.021739130434782608 0.0 0.0 0.0 0.0 0.0 0.0 0.0 0.0 0.0 0.0 0.0 0.0 0.0 0.0 0.0
X12013601 0.0 0.0 0.0 0.06521739130434782 0.0 0.0 0.0 0.021739130434782608 0.0 0.043478260869565216 0.0 0.0 0.0 0.0 0.0 0.0 0.0 0.0 0.0 0.0
X12013610 0.8478260869565217 0.5434782608695652 0.7391304347826086 0.7391304347826086 0.6304347826086957 0.5869565217391305 0.6956521739130435 0.5434782608695652 0.6739130434782609 0.9347826086956522 0.6304347826086957 0.5 0.6739130434782609 0.7391304347826086 0.5652173913043478 0.7391304347826086 0.5869565217391305 0.782608695652174 0.6739130434782609 0.5652173913043478
X12013611 0.5217391304347826 0.717391304347826 0.021739130434782608 0.9782608695652174 0.10869565217391304 0.8913043478260869 0.45652173913043476 0.2391304347826087 0.8260869565217391 0.8695652173913043 0.6739130434782609 0.8478260869565217 0.5869565217391305 0.8260869565217391 0.8478260869565217 0.7608695652173914 0.8913043478260869 0.6086956521739131 0.8695652173913043 0.8260869565217391
X12013700 0.0 0.2826086956521739 0.0 0.0 0.0 0.0 0.021739130434782608 0.0 0.08695652173913043 0.043478260869565216 0.32608695652173914 0.0 0.0 0.13043478260869565 0.0 0.0 0.021739130434782608 0.0 0.0 0.0
X12013701 0.0 0.0 0.0 0.1956521739130435 0.21739130434782608 0.15217391304347827 0.0 0.34782608695652173 0.0 0.0 0.0 0.0 0.15217391304347827 0.0 0.0 0.0 0.0 0.0 0.0 0.0
X12013710 0.8913043478260869 0.6304347826086957 0.6304347826086957 0.5869565217391305 0.7391304347826086 0.5869565217391305 0.6304347826086957 0.8478260869565217 0.6304347826086957 0.8478260869565217 0.8043478260869565 0.8260869565217391 0.5652173913043478 0.8695652173913043 0.8695652173913043 0.8260869565217391 0.5652173913043478 0.6086956521739131 0.6521739130434783 0.5869565217391305
X12013711 0.8478260869565217 0.9130434782608695 0.5217391304347826 0.8695652173913043 0.7608695652173914 0.8913043478260869 0.9347826086956522 0.8478260869565217 0.8478260869565217 0.9130434782608695 0.8043478260869565 0.9565217391304348 0.9347826086956522 0.8260869565217391 0.9782608695652174 0.5652173913043478 0.5869565217391305 0.782608695652174 0.9347826086956522 0.5434782608695652
X12102300 0.0 0.0 0.0 0.0 0.0 0.0 0.0 0.0 0.0 0.0 0.0 0.0 0.0 0.0 0.0 0.0 0.0 0.0 0.0 0.0
X12102301 0.0 0.0 0.0 0.0 0.0 0.0 0.0 0.0 0.0 0.0 0.0 0.043478260869565216 0.0 0.0 0.0 0.0 0.0 0.0 0.0 0.043478260869565216
X12102310 0.0 1.0 1.0 1.0 1.0 1.0 0.0 1.0 0.0 1.0 0.0 1.0 1.0 1.0 0.0 0.0 1.0 1.0 0.0 0.0
X12102311 1.0 0.0 1.0 0.3695652173913043 0.0 0.43478260869565216 0.0 0.30434782608695654 0.5 1.0 0.15217391304347827 1.0 1.0 0.0 0.0 1.0 0.21739130434782608 0.0 0.5652173913043478 0.0
X12112300 0.0 0.0 0.0 0.0 0.0 0.0 0.0 0.0 0.0 0.0 0.0 0.0 0.0 0.0 0.0 0.0 0.0 0.0 0.0 0.0
X12112301 0.0 0.0 0.0 0.0 0.06521739130434782 0.0 0.0 0.0 0.0 0.0 0.0 0.0 0.0 0.0 0.0 0.0 0.0 0.0 0.0 0.0
X12112310 1.0 1.0 1.0 0.2391304347826087 1.0 0.0 0.0 1.0 0.0 0.0 0.0 0.0 0.8260869565217391 1.0 0.0 1.0 1.0 1.0 0.0 1.0
X12112311 0.0 1.0 1.0 1.0 1.0 1.0 1.0 0.9782608695652174 0.9782608695652174 1.0 1.0 0.0 1.0 0.0 0.0 1.0 0.0 1.0 1.0 0.0
X12112400 0.0 0.0 0.0 0.0 0.0 0.0 0.0 0.0 0.0 0.0 0.0 0.0 0.0 0.0 0.0 0.0 0.0 0.0 0.0 0.0
X12112401 0.0 0.0 1.0 0.0 0.5217391304347826 0.0 0.0 0.0 1.0 0.0 0.0 0.0 0.0 0.0 0.0 0.0 1.0 0.0 0.0 0.0
X12112410 0.0 0.0 1.0 1.0 0.0 0.0 0.0 0.0 0.6086956521739131 0.0 0.06521739130434782 1.0 0.0 1.0 0.043478260869565216 0.0 0.0 0.717391304347826 1.0 1.0
X12112411 0.0 0.0 0.0 0.0 1.0 0.2608695652173913 0.0 0.0 0.0 0.0 0.0 0.0 0.08695652173913043 1.0 1.0 0.0 0.8260869565217391 0.0 0.9347826086956522 0.0
X12112500 0.0 0.0 0.0 0.0 0.0 0.0 0.0 0.0 0.0 0.0 0.0 0.0 0.0 0.0 0.0 0.0 0.0 0.0 0.0 0.0
X12112501 0.0 0.0 0.0 0.0 0.0 0.0 0.0 0.0 0.0 0.0 0.0 0.0 0.0 0.0 0.0 0.0 0.0 0.0 0.0 0.0
X12112510 1.0 0.9565217391304348 0.0 1.0 1.0 0.9782608695652174 0.0 0.0 1.0 0.0 0.0 0.0 0.0 1.0 0.0 0.0 0.0 1.0 0.0 1.0
X12112511 1.0 0.0 0.0 0.0 0.0 1.0 1.0 0.0 1.0 1.0 1.0 0.0 0.9782608695652174 0.0 0.0 0.0 1.0 1.0 1.0 0.0
X12112600 0.0 0.0 0.0 0.0 0.0 0.0 0.0 0.0 0.0 0.0 0.0 0.0 0.0 0.0 0.0 0.0 0.0 0.0 0.0 0.0
X12112601 0.0 0.0 0.0 0.0 0.0 0.0 0.0 0.0 0.0 0.0 0.0 0.0 0.0 0.0 0.0 0.0 0.0 0.0 0.0 0.0
X12112610 0.0 0.0 0.9782608695652174 1.0 0.15217391304347827 0.0 0.9347826086956522 0.0 0.0 0.9565217391304348 1.0 0.8695652173913043 1.0 0.06521739130434782 0.0 0.0 1.0 0.0 0.0 0.9782608695652174
X12112611 1.0 0.0 0.0 0.0 0.0 1.0 1.0 1.0 1.0 0.0 0.0 0.0 1.0 1.0 0.0 1.0 1.0 1.0 0.0 0.0
X12112700 0.0 0.0 0.0 0.0 0.0 0.0 0.0 0.0 0.0 0.0 0.0 0.0 0.0 0.0 0.0 0.0 0.0 0.0 0.0 0.0
X12112701 0.0 0.6086956521739131 0.0 0.0 0.0 0.0 0.0 0.0 0.0 0.0 0.0 0.0 0.0 0.0 0.0 0.0 0.0 0.0 0.0 0.0
X12112710 1.0 1.0 1.0 0.9347826086956522 0.0 1.0 1.0 1.0 0.0 0.0 1.0 0.0 0.0 1.0 1.0 0.2826086956521739 1.0 1.0 0.0 1.0
X12112711 1.0 0.0 0.0 1.0 0.0 0.0 1.0 0.0 1.0 1.0 0.0 1.0 0.0 0.0 1.0 0.8478260869565217 1.0 1.0 0.0 0.0
X12113300 0.0 0.0 0.0 0.0 0.0 0.0 0.0 0.0 0.0 0.0 0.0 0.0 0.0 0.0 0.0 0.0 0.0 0.0 0.0 0.0
X12113301 0.0 0.0 0.0 0.0 0.0 1.0 0.0 0.0 0.0 0.0 0.0 0.0 0.0 0.0 0.0 0.0 0.0 0.0 0.0 0.0
X12113310 1.0 0.0 0.9347826086956522 1.0 0.0 0.9782608695652174 0.9782608695652174 0.9782608695652174 0.9782608695652174 0.0 1.0 1.0 1.0 1.0 0.0 0.9782608695652174 0.0 0.0 0.0 1.0
X12113311 0.0 0.0 0.0 0.0 0.15217391304347827 0.0 1.0 0.0 0.0 0.0 1.0 0.0 0.0 1.0 0.0 0.0 0.0 0.0 0.0 0.8478260869565217
X12113400 0.0 0.0 0.0 0.0 0.0 0.0 0.0 0.0 0.0 0.0 0.0 0.0 0.0 0.0 0.0 0.0 0.0 0.0 0.0 0.0
X12113401 0.0 0.0 0.0 0.0 0.0 0.0 0.0 0.0 0.0 0.0 0.0 0.0 0.0 0.0 0.0 0.0 0.0 0.0 0.0 0.0
X12113410 0.9565217391304348 1.0 0.0 0.0 1.0 1.0 1.0 0.0 1.0 1.0 1.0 1.0 0.0 1.0 1.0 0.0 0.0 1.0 1.0 0.0
X12113411 1.0 0.021739130434782608 0.0 0.13043478260869565 0.0 0.0 1.0 1.0 1.0 0.0 0.9782608695652174 0.0 0.0 1.0 0.0 1.0 0.0 1.0 0.0 0.0
X12113500 0.0 0.0 0.0 0.0 0.0 0.0 0.0 0.0 0.0 0.0 0.0 0.0 0.0 0.0 0.0 0.0 0.0 0.0 0.0 0.0
X12113501 0.0 0.0 0.0 0.0 0.0 0.0 0.0 0.0 0.0 0.0 1.0 0.0 0.10869565217391304 0.0 0.0 0.0 0.0 0.0 0.0 0.0
X12113510 0.021739130434782608 0.0 1.0 0.0 1.0 1.0 0.08695652173913043 0.9347826086956522 0.0 0.0 1.0 0.0 0.0 1.0 0.4782608695652174 1.0 1.0 1.0 0.0 0.0
X12113511 1.0 1.0 1.0 0.0 0.9782608695652174 0.0 1.0 1.0 0.7608695652173914 0.13043478260869565 1.0 0.0 1.0 0.3695652173913043 0.0 0.0 0.0 0.0 0.0 0.0
X12113600 0.0 0.0 0.0 0.0 0.0 0.0 0.0 0.0 0.0 0.0 0.0 0.0 0.0 0.0 0.0 0.0 0.0 0.0 0.0 0.0
X12113601 0.0 0.0 0.0 0.0 0.0 0.0 0.021739130434782608 0.0 0.0 0.0 0.0 0.0 0.0 0.0 0.0 0.0 0.0 0.0 0.0 0.0
X12113610 1.0 0.0 0.0 0.0 0.9782608695652174 1.0 0.0 1.0 1.0 1.0 1.0 1.0 0.0 1.0 1.0 0.10869565217391304 1.0 1.0 0.0 0.0
X12113611 1.0 0.8913043478260869 0.0 0.0 1.0 0.0 0.0 1.0 1.0 0.0 1.0 1.0 0.0 1.0 1.0 0.0 0.0 0.0 1.0 1.0
X12113700 0.0 0.0 0.0 0.0 0.0 0.0 0.0 0.0 0.0 0.0 0.0 0.0 0.0 0.0 0.0 0.0 0.0 0.0 0.0 0.0
X12113701 0.0 0.0 0.0 0.0 0.0 0.0 0.0 0.0 0.0 0.0 0.0 0.0 0.0 0.0 0.0 0.0 0.0 0.0 0.0 0.0
X12113710 1.0 1.0 0.0 0.06521739130434782 1.0 0.0 0.0 1.0 1.0 1.0 0.0 0.0 1.0 1.0 0.0 0.34782608695652173 0.0 1.0 0.0 1.0
X12113711 0.0 0.0 0.0 1.0 0.0 0.0 0.0 0.0 1.0 0.0 0.0 0.0 0.0 1.0 1.0 1.0 0.0 1.0 1.0 0.0
X13002300 0.08695652173913043 0.021739130434782608 0.043478260869565216 0.0 0.021739130434782608 0.10869565217391304 0.08695652173913043 0.0 0.021739130434782608 0.0 0.08695652173913043 0.10869565217391304 0.0 0.15217391304347827 0.0 0.10869565217391304 0.043478260869565216 0.0 0.15217391304347827 0.0
X13002301 0.0 0.0 0.0 0.0 0.0 0.0 0.0 0.0 0.0 0.0 0.0 0.0 0.0 0.0 0.0 0.0 0.0 0.0 0.0 0.0
X13002310 0.3695652173913043 0.30434782608695654 0.34782608695652173 0.32608695652173914 0.1956521739130435 0.34782608695652173 0.4782608695652174 0.1956521739130435 0.1956521739130435 0.34782608695652173 0.2826086956521739 0.32608695652173914 0.5 0.45652173913043476 0.1956521739130435 0.2826086956521739 0.3695652173913043 0.43478260869565216 0.5652173913043478 0.43478260869565216
X13002311 0.06521739130434782 0.043478260869565216 0.021739130434782608 0.021739130434782608 0.0 0.043478260869565216 0.021739130434782608 0.043478260869565216 0.021739130434782608 0.021739130434782608 0.021739130434782608 0.043478260869565216 0.043478260869565216 0.6739130434782609 0.021739130434782608 0.0 0.0 0.06521739130434782 0.021739130434782608 0.021739130434782608
X13012300 0.0 0.06521739130434782 0.0 0.0 0.0 0.0 0.0 0.0 0.0 0.0 0.021739130434782608 0.0 0.0 0.0 0.0 0.0 0.0 0.0 0.0 0.0
X13012301 0.0 0.0 0.0 0.0 0.0 0.021739130434782608 0.0 0.0 0.0 0.0 0.021739130434782608 0.0 0.021739130434782608 0.0 0.0 0.0 0.0 0.021739130434782608 0.0 0.0
X13012310 0.6304347826086957 0.6739130434782609 0.13043478260869565 0.6521739130434783 0.6304347826086957 0.45652173913043476 0.6086956521739131 0.8695652173913043 0.6956521739130435 0.8260869565217391 0.8260869565217391 0.9130434782608695 0.9347826086956522 0.9347826086956522 0.0 0.8478260869565217 0.6304347826086957 0.6521739130434783 0.7608695652173914 0.6086956521739131
X13012311 0.9782608695652174 0.9782608695652174 0.9782608695652174 0.8913043478260869 0.9782608695652174 0.9782608695652174 0.9782608695652174 0.021739130434782608 0.6304347826086957 1.0 0.6739130434782609 0.021739130434782608 0.021739130434782608 0.9782608695652174 0.8695652173913043 0.0 0.021739130434782608 0.021739130434782608 0.6086956521739131 0.9565217391304348
X13012400 0.043478260869565216 0.0 0.45652173913043476 0.0 0.0 0.043478260869565216 0.0 0.0 0.0 0.0 0.0 0.0 0.0 0.0 0.32608695652173914 0.0 0.0 0.0 0.17391304347826086 0.0
X13012401 0.0 0.0 0.0 0.0 0.0 0.0 0.021739130434782608 0.0 0.0 0.043478260869565216 0.0 0.0 0.0 0.0 0.0 0.0 0.0 0.0 0.0 0.0
X13012410 0.8478260869565217 0.9130434782608695 0.4782608695652174 0.15217391304347827 0.5 0.8478260869565217 0.8478260869565217 0.8260869565217391 0.6956521739130435 0.5869565217391305 0.5434782608695652 0.5217391304347826 0.5434782608695652 0.6521739130434783 0.6086956521739131 0.5652173913043478 0.6739130434782609 0.17391304347826086 0.5652173913043478 0.782608695652174
X13012411 0.9782608695652174 0.9130434782608695 0.9565217391304348 0.9565217391304348 0.9130434782608695 0.9347826086956522 0.2608695652173913 0.9565217391304348 0.8913043478260869 0.9130434782608695 0.9782608695652174 0.9565217391304348 0.9130434782608695 0.30434782608695654 0.9782608695652174 0.9347826086956522 0.9782608695652174 0.9782608695652174 0.9782608695652174 0.9130434782608695
X13012500 0.13043478260869565 0.0 0.0 0.0 0.0 0.0 0.0 0.0 0.0 0.0 0.0 0.0 0.0 0.0 0.0 0.0 0.0 0.0 0.0 0.0
X13012501 0.0 0.0 0.0 0.0 0.0 0.0 0.0 0.0 0.0 0.0 0.0 0.0 0.0 0.0 0.0 0.0 0.0 0.0 0.0 0.0
X13012510 0.8260869565217391 0.6521739130434783 0.43478260869565216 0.8695652173913043 0.5217391304347826 0.8478260869565217 0.43478260869565216 0.8913043478260869 0.2608695652173913 0.8695652173913043 0.8695652173913043 0.6521739130434783 0.7608695652173914 0.782608695652174 0.5434782608695652 0.2608695652173913 0.7391304347826086 0.8478260869565217 0.7608695652173914 0.43478260869565216
X13012511 0.9347826086956522 0.0 0.9565217391304348 0.9782608695652174 0.5 0.9782608695652174 0.9782608695652174 0.9565217391304348 0.9565217391304348 0.0 0.021739130434782608 0.9565217391304348 0.9565217391304348 0.043478260869565216 0.9347826086956522 0.9565217391304348 0.9782608695652174 0.9565217391304348 0.021739130434782608 0.021739130434782608
X13012600 0.0 0.0 0.13043478260869565 0.0 0.0 0.0 0.0 0.0 0.0 0.0 0.0 0.0 0.0 0.0 0.0 0.10869565217391304 0.0 0.0 0.0 0.8043478260869565
X13012601 0.0 0.021739130434782608 0.0 0.021739130434782608 0.0 0.0 0.0 0.0 0.0 0.021739130434782608 0.0 0.0 0.021739130434782608 0.021739130434782608 0.021739130434782608 0.0 0.0 0.021739130434782608 0.0 0.0
X13012610 0.6739130434782609 0.6521739130434783 0.5217391304347826 0.6739130434782609 0.6521739130434783 0.9130434782608695 0.5 0.6521739130434783 0.45652173913043476 0.6086956521739131 0.1956521739130435 0.8478260869565217 0.6739130434782609 0.7391304347826086 0.391304347826087 0.6956521739130435 0.7608695652173914 0.6304347826086957 0.21739130434782608 0.5217391304347826
X13012611 0.9565217391304348 0.9782608695652174 0.9347826086956522 0.15217391304347827 0.0 0.9782608695652174 0.9565217391304348 0.9782608695652174 0.9782608695652174 0.8913043478260869 0.41304347826086957 0.9782608695652174 0.021739130434782608 0.0 0.15217391304347827 0.9347826086956522 0.0 0.15217391304347827 0.9565217391304348 0.043478260869565216
X13012700 0.2608695652173913 0.0 0.0 0.0 0.0 0.0 0.0 0.0 0.0 0.0 0.0 0.0 0.0 0.0 0.08695652173913043 0.0 0.0 0.21739130434782608 0.0 0.0
X13012701 0.0 0.0 0.0 0.0 0.0 0.0 0.021739130434782608 0.0 0.0 0.0 0.0 0.0 0.0 0.0 0.0 0.0 0.0 0.0 0.0 0.0
X13012710 0.5869565217391305 0.45652173913043476 0.5869565217391305 0.7391304347826086 0.5869565217391305 0.6304347826086957 0.5434782608695652 0.7608695652173914 0.6521739130434783 0.5652173913043478 0.5217391304347826 0.9565217391304348 0.45652173913043476 0.6086956521739131 0.782608695652174 0.5217391304347826 0.5217391304347826 0.6956521739130435 0.7391304347826086 0.8260869565217391
X13012711 0.8695652173913043 0.9565217391304348 0.021739130434782608 0.9565217391304348 0.9782608695652174 0.0 0.0 0.9782608695652174 0.9565217391304348 0.9565217391304348 0.9565217391304348 0.8260869565217391 0.8913043478260869 0.9565217391304348 0.9565217391304348 0.9782608695652174 0.9565217391304348 0.9565217391304348 1.0 0.9782608695652174
X13013300 0.0 0.0 0.0 0.0 0.15217391304347827 0.0 0.0 0.0 0.043478260869565216 0.021739130434782608 0.21739130434782608 0.0 0.021739130434782608 0.0 0.0 0.0 0.0 0.0 0.0 0.15217391304347827
X13013301 0.0 0.0 0.0 0.0 0.0 0.0 0.0 0.0 0.021739130434782608 0.021739130434782608 0.0 0.0 0.0 0.0 0.0 0.0 0.0 0.0 0.0 0.0
X13013310 0.6956521739130435 0.717391304347826 0.45652173913043476 0.41304347826086957 0.5 0.717391304347826 0.8043478260869565 0.5869565217391305 0.34782608695652173 0.717391304347826 0.6521739130434783 0.7391304347826086 0.43478260869565216 0.6956521739130435 0.6304347826086957 0.30434782608695654 0.6739130434782609 0.4782608695652174 0.6304347826086957 0.6304347826086957
X13013311 0.2608695652173913 0.9782608695652174 0.0 0.9782608695652174 0.0 0.043478260869565216 0.9782608695652174 0.9782608695652174 0.0 0.9782608695652174 0.9782608695652174 1.0 0.9782608695652174 1.0 0.9782608695652174 0.9782608695652174 0.9782608695652174 0.0 0.9782608695652174 0.021739130434782608
X13013400 0.1956521739130435 0.0 0.0 0.0 0.06521739130434782 0.0 0.15217391304347827 0.0 0.043478260869565216 0.0 0.0 0.021739130434782608 0.21739130434782608 0.0 0.0 0.0 0.0 0.0 0.0 0.0
X13013401 0.0 0.0 0.0 0.0 0.0 0.0 0.0 0.0 0.06521739130434782 0.0 0.0 0.0 0.0 0.0 0.0 0.0 0.0 0.021739130434782608 0.0 0.021739130434782608
X13013410 0.782608695652174 0.8260869565217391 0.717391304347826 0.45652173913043476 0.8260869565217391 0.8695652173913043 0.8043478260869565 0.41304347826086957 0.391304347826087 0.8478260869565217 0.8478260869565217 0.7608695652173914 0.5652173913043478 0.6304347826086957 0.8260869565217391 0.4782608695652174 0.782608695652174 0.6739130434782609 0.7608695652173914 0.34782608695652173
X13013411 0.9565217391304348 0.8695652173913043 0.9782608695652174 0.9782608695652174 0.9782608695652174 0.9782608695652174 0.9565217391304348 0.9782608695652174 0.9782608695652174 1.0 0.9782608695652174 0.9782608695652174 0.9565217391304348 1.0 0.9565217391304348 0.021739130434782608 0.9782608695652174 0.8478260869565217 1.0 0.0
X13013500 0.0 0.0 0.0 0.0 0.0 0.0 0.043478260869565216 0.0 0.0 0.0 0.06521739130434782 0.021739130434782608 0.10869565217391304 0.043478260869565216 0.0 0.08695652173913043 0.0 0.0 0.0 0.13043478260869565
X13013501 0.0 0.0 0.0 0.043478260869565216 0.0 0.043478260869565216 0.0 0.021739130434782608 0.0 0.0 0.021739130434782608 0.06521739130434782 0.0 0.0 0.0 0.021739130434782608 0.0 0.0 0.0 0.0
X13013510 0.5 0.5869565217391305 0.6739130434782609 0.7391304347826086 0.6739130434782609 0.717391304347826 0.5652173913043478 0.6956521739130435 0.8695652173913043 0.6739130434782609 0.6304347826086957 0.6739130434782609 0.43478260869565216 0.717391304347826 0.6521739130434783 0.6304347826086957 0.6086956521739131 0.7391304347826086 0.5 0.5869565217391305
X13013511 0.043478260869565216 0.9782608695652174 0.3695652173913043 0.5434782608695652 0.0 0.9782608695652174 0.9782608695652174 0.10869565217391304 0.9782608695652174 0.9782608695652174 0.9782608695652174 0.9782608695652174 1.0 0.9782608695652174 0.9782608695652174 0.08695652173913043 0.9782608695652174 0.9782608695652174 0.34782608695652173 0.9782608695652174
X13013600 0.0 0.0 0.43478260869565216 0.0 0.0 0.0 0.0 0.0 0.0 0.0 0.021739130434782608 0.13043478260869565 0.0 0.06521739130434782 0.0 0.0 0.0 0.0 0.06521739130434782 0.0
X13013601 0.0 0.021739130434782608 0.021739130434782608 0.0 0.0 0.0 0.0 0.0 0.0 0.0 0.0 0.0 0.0 0.0 0.0 0.0 0.0 0.0 0.0 0.0
X13013610 0.5 0.5652173913043478 0.7608695652173914 0.8478260869565217 0.5434782608695652 0.5434782608695652 0.717391304347826 0.782608695652174 0.7391304347826086 0.6956521739130435 0.391304347826087 0.2826086956521739 0.782608695652174 0.8913043478260869 0.8478260869565217 0.5869565217391305 0.7608695652173914 0.717391304347826 0.34782608695652173 0.5652173913043478
X13013611 0.43478260869565216 0.391304347826087 0.10869565217391304 0.9782608695652174 0.9782608695652174 0.9347826086956522 0.30434782608695654 0.9782608695652174 0.9782608695652174 1.0 0.9782608695652174 0.9347826086956522 0.9782608695652174 0.9782608695652174 0.9347826086956522 0.08695652173913043 0.9782608695652174 0.9782608695652174 0.06521739130434782 1.0
X13013700 0.043478260869565216 0.13043478260869565 0.0 0.0 0.0 0.0 0.32608695652173914 0.15217391304347827 0.021739130434782608 0.0 0.0 0.0 0.0 0.15217391304347827 0.0 0.0 0.0 0.043478260869565216 0.0 0.0
X13013701 0.021739130434782608 0.0 0.0 0.021739130434782608 0.0 0.0 0.0 0.0 0.0 0.0 0.0 0.0 0.021739130434782608 0.0 0.0 0.0 0.0 0.0 0.0 0.0
X13013710 0.2826086956521739 0.6739130434782609 0.8043478260869565 0.3695652173913043 0.5652173913043478 0.8043478260869565 0.5 0.391304347826087 0.30434782608695654 0.8043478260869565 0.30434782608695654 0.8478260869565217 0.5 0.7608695652173914 0.30434782608695654 0.6304347826086957 0.6739130434782609 0.41304347826086957 0.6521739130434783 0.30434782608695654
X13013711 0.9565217391304348 0.9565217391304348 0.9782608695652174 0.9782608695652174 0.8695652173913043 0.9565217391304348 0.9782608695652174 0.9782608695652174 0.9565217391304348 0.9782608695652174 0.0 0.9565217391304348 0.2826086956521739 0.9347826086956522 0.9565217391304348 0.9565217391304348 0.32608695652173914 0.9565217391304348 0.9782608695652174 0.9565217391304348
X13102300 0.0 0.0 0.0 0.0 0.0 0.0 0.0 0.0 0.0 0.0 0.0 0.0 0.0 0.0 0.0 0.0 0.0 0.0 0.0 0.0
X13102301 0.0 0.0 0.0 0.0 0.0 0.0 0.0 0.0 0.0 0.0 0.0 0.0 0.0 0.0 0.0 0.0 0.0 0.0 0.0 0.0
X13102310 1.0 1.0 0.5869565217391305 0.0 1.0 1.0 1.0 0.0 0.0 1.0 1.0 1.0 0.10869565217391304 1.0 0.0 0.21739130434782608 1.0 1.0 0.0 1.0
X13102311 1.0 0.043478260869565216 0.021739130434782608 0.043478260869565216 0.043478260869565216 0.021739130434782608 0.043478260869565216 0.021739130434782608 0.043478260869565216 0.021739130434782608 0.021739130434782608 0.021739130434782608 0.043478260869565216 0.021739130434782608 0.0 0.0 1.0 0.043478260869565216 0.043478260869565216 0.043478260869565216
X13112300 0.0 0.0 0.0 0.0 0.0 0.0 0.0 0.0 0.0 0.0 0.0 0.0 0.0 0.0 0.0 0.0 0.0 0.0 0.0 0.0
X13112301 0.0 0.0 0.0 1.0 0.0 0.0 1.0 0.0 0.0 0.0 0.0 0.0 1.0 0.0 0.0 0.0 0.0 1.0 0.0 0.0
X13112310 0.41304347826086957 1.0 1.0 0.0 0.2391304347826087 1.0 0.0 1.0 1.0 0.6521739130434783 1.0 1.0 1.0 1.0 0.0 0.9565217391304348 0.0 0.0 0.0 0.0
X13112311 1.0 1.0 0.0 1.0 0.9130434782608695 0.9782608695652174 0.9782608695652174 0.0 0.9782608695652174 0.0 0.9782608695652174 1.0 1.0 0.0 0.0 1.0 0.0 1.0 0.0 0.0
X13112400 0.0 0.0 0.0 0.0 0.0 0.0 1.0 0.0 0.0 0.0 0.0 0.0 0.0 0.0 0.0 0.0 0.0 0.0 0.0 0.0
X13112401 0.0 0.0 0.0 0.0 0.0 0.0 0.0 0.0 0.0 0.0 0.0 0.0 0.0 0.0 0.0 0.0 0.0 0.0 0.0 0.0
X13112410 0.9565217391304348 1.0 0.8913043478260869 0.0 1.0 1.0 0.0 0.0 0.0 0.0 1.0 1.0 0.0 0.0 1.0 0.0 0.0 0.0 1.0 1.0
X13112411 0.0 1.0 0.0 1.0 0.0 0.41304347826086957 0.9782608695652174 1.0 1.0 0.0 0.0 0.0 1.0 1.0 0.0 1.0 0.9565217391304348 0.0 0.0 1.0
X13112500 0.0 0.0 0.0 0.0 0.0 0.0 0.0 0.0 0.0 0.0 0.0 0.0 0.0 0.0 0.0 0.0 0.0 0.0 0.0 0.0
X13112501 0.0 0.0 0.0 0.021739130434782608 0.0 0.0 0.0 0.0 0.0 0.0 0.0 0.0 0.0 0.0 0.0 0.0 0.0 0.0 0.0 0.0
X13112510 0.0 1.0 1.0 0.0 0.21739130434782608 1.0 1.0 1.0 0.0 0.043478260869565216 0.0 1.0 1.0 0.0 0.0 0.0 1.0 0.7391304347826086 0.0 1.0
X13112511 1.0 1.0 0.0 1.0 0.9565217391304348 0.0 1.0 1.0 1.0 0.0 0.0 1.0 0.0 1.0 1.0 0.0 1.0 0.0 0.9565217391304348 0.0
X13112600 0.0 0.0 0.0 0.0 0.0 0.0 0.0 0.0 0.0 0.0 0.0 0.0 0.0 0.0 0.0 0.0 0.0 0.0 0.0 0.0
X13112601 0.0 0.0 0.0 0.0 0.9782608695652174 0.45652173913043476 0.0 0.0 0.0 0.06521739130434782 0.0 0.0 0.0 0.0 0.0 0.0 0.15217391304347827 0.0 1.0 0.0
X13112610 1.0 1.0 0.391304347826087 1.0 0.15217391304347827 0.0 1.0 0.0 1.0 0.0 1.0 0.0 0.0 0.9782608695652174 1.0 0.0 0.0 0.9565217391304348 0.0 0.0
X13112611 1.0 0.9782608695652174 1.0 0.0 0.9130434782608695 0.0 0.0 0.9782608695652174 1.0 0.5652173913043478 0.8913043478260869 0.0 0.0 1.0 0.0 0.717391304347826 0.8260869565217391 0.9782608695652174 0.0 0.0
X13112700 0.0 0.0 0.0 0.0 0.0 0.0 0.0 0.0 0.0 0.0 0.0 0.0 0.0 0.0 0.0 0.0 0.0 0.0 0.0 0.0
X13112701 0.0 0.0 0.0 0.0 0.0 0.0 0.0 0.0 0.0 0.0 0.0 0.0 0.0 0.0 0.0 0.0 0.0 0.0 0.0 0.0
X13112710 1.0 0.0 0.0 1.0 1.0 0.0 0.0 0.391304347826087 1.0 0.0 1.0 1.0 0.0 1.0 1.0 0.0 0.0 0.043478260869565216 1.0 0.0
X13112711 0.782608695652174 0.0 1.0 1.0 1.0 0.9782608695652174 1.0 0.0 0.021739130434782608 0.6086956521739131 0.0 1.0 0.0 0.0 0.9565217391304348 0.8695652173913043 0.0 1.0 1.0 1.0
