X11012410_20 2.642688035964966 2.6982264518737793 2.7784829139709473 2.79185152053833 2.901135206222534 3.2203316688537598 2.9931459426879883 3.0893218517303467 3.1880459785461426 3.1512818336486816 3.2433080673217773 3.3097896575927734 3.4243035316467285 3.443579912185669 3.458383083343506 3.5650010108947754 3.699669122695923 3.7194340229034424 3.7616608142852783 3.8469815254211426
X11012410_50 4.0053112506866455 4.013660669326782 4.143541097640991 4.214216947555542 4.269397735595703 4.354624032974243 4.8509886264801025 4.49985408782959 4.580122947692871 4.646423816680908 4.741228342056274 4.77644944190979 4.808284759521484 4.860608816146851 4.966636657714844 5.038811206817627 5.044783115386963 5.119077444076538 5.1917760372161865 5.211839914321899
X11012410_100 5.419365406036377 5.572901725769043 5.466336488723755 5.662870645523071 5.7497923374176025 5.763556241989136 5.8702497482299805 5.922171592712402 5.99212908744812 6.071756362915039 6.1126134395599365 6.242476940155029 6.250791311264038 6.660336971282959 6.361978769302368 6.492239713668823 6.568161964416504 6.583798885345459 6.681294679641724 6.724452495574951
X11012410_250 7.365134000778198 7.42694878578186 7.492872714996338 7.584183692932129 7.619577646255493 7.629833459854126 7.965460777282715 7.8275146484375 7.91146445274353 7.988985538482666 8.056692600250244 8.168638944625854 8.208898067474365 8.237714767456055 8.16914677619934 8.313323497772217 8.57347846031189 8.57842469215393 8.576761960983276 8.605112075805664
X11012410_500 9.736793518066406 9.875845432281494 9.807679414749146 9.838529109954834 10.47676682472229 9.971710920333862 10.075086116790771 10.21029543876648 10.179658889770508 10.30469536781311 10.329746723175049 10.429651021957397 10.53479814529419 10.578728437423706 10.671870470046997 10.458379983901978 10.664222478866577 10.78015661239624 10.795369148254395 10.8176429271698
X11012410_750 11.692601680755615 12.05042839050293 12.06516408920288 12.189831972122192 12.16305422782898 12.221075773239136 12.40946888923645 12.407961368560791 12.41405177116394 12.449633836746216 12.54905366897583 12.66499400138855 12.826022624969482 12.784029245376587 12.906901121139526 13.02787470817566 13.040216445922852 13.046024322509766 13.135638952255249 13.196545124053955
X11012410_1000 14.345868587493896 14.429402828216553 14.53974723815918 14.270341157913208 14.55076813697815 14.482413530349731 14.642039775848389 14.828871488571167 14.711084604263306 14.806864976882935 14.919412851333618 15.072780847549438 15.202712297439575 15.331279277801514 15.237229585647583 15.393833875656128 15.455943584442139 15.540213823318481 15.656244039535522 15.970036506652832
X11002311_20 12.248100757598877 12.40234899520874 12.45832347869873 12.63222861289978 12.6198251247406 12.738811016082764 12.864326477050781 12.95241641998291 12.959150791168213 13.165273189544678 12.975341796875 13.232354164123535 13.241066455841064 13.481953144073486 13.508667945861816 13.39925742149353 13.555307865142822 13.562748908996582 13.584764957427979 13.596842527389526
X11002311_50 13.689337015151978 13.94680905342102 14.267417907714844 14.022665977478027 13.817765474319458 13.975810527801514 14.60855746269226 14.620269775390625 14.655515670776367 14.811467409133911 14.84326434135437 14.861243963241577 14.82929539680481 14.944035053253174 15.071090698242188 15.047777891159058 15.218990087509155 15.308547735214233 15.313366413116455 15.512717485427856
X11002311_100 15.502592086791992 15.72431492805481 15.680384397506714 15.564177751541138 15.557760953903198 15.710750102996826 15.80722165107727 15.84859299659729 15.72859501838684 15.938177347183228 15.919912815093994 16.01923632621765 15.915770053863525 16.054664134979248 16.159109354019165 16.086833477020264 16.341578245162964 16.249351978302002 16.368108987808228 16.29851508140564
X11002311_250 17.076723337173462 17.19700598716736 16.91168475151062 17.095033168792725 17.23025107383728 17.36336874961853 17.215837001800537 17.273686408996582 17.52351212501526 17.506886959075928 17.446181774139404 17.797353267669678 17.65928363800049 17.452200889587402 17.606989860534668 17.79168152809143 17.835189819335938 17.943317413330078 18.230114698410034 18.051387310028076
X11002311_500 19.07306742668152 19.611226320266724 19.379570484161377 19.418884992599487 19.581507682800293 19.623293161392212 19.71430468559265 19.883507251739502 19.752591848373413 19.732216596603394 19.797321796417236 20.02368664741516 19.921838760375977 20.07862162590027 19.995134353637695 20.152560710906982 20.18468713760376 20.050740957260132 20.107218027114868 20.191544771194458
X11002311_750 21.521633625030518 21.503356218338013 21.85446333885193 21.647096395492554 21.634336709976196 21.690753936767578 21.68558430671692 21.949119091033936 22.118282794952393 22.0110867023468 22.508158206939697 22.086989641189575 22.087239503860474 22.198334455490112 22.510733127593994 22.588144302368164 22.767698049545288 22.502182245254517 22.59537649154663 22.80523920059204
X11002311_1000 24.262430906295776 23.93069887161255 24.278247117996216 24.453260898590088 24.15631341934204 24.320491552352905 24.07823157310486 24.414670705795288 24.41677975654602 24.573514938354492 24.650131464004517 24.929666757583618 24.748008251190186 24.744309425354004 25.05936312675476 24.94243311882019 24.851572513580322 25.02243995666504 24.73963952064514 25.23169493675232
X11012310_20 20.987537622451782 21.24722695350647 21.353621006011963 21.302003622055054 21.363317251205444 21.400770902633667 21.408719301223755 21.22395420074463 21.525568962097168 21.46991729736328 21.4981632232666 21.52921485900879 21.7863290309906 21.772482872009277 21.719297647476196 21.64425230026245 22.05315351486206 22.060666799545288 22.022289752960205 22.103070974349976
X11012310_50 22.066522121429443 22.260056734085083 22.37090563774109 22.32667112350464 22.489319324493408 22.69348168373108 22.902151584625244 22.810855388641357 23.015816688537598 22.91429877281189 23.25607442855835 23.265527486801147 23.397538661956787 23.413708686828613 23.271039962768555 23.28694987297058 23.443068027496338 23.445701599121094 23.867964506149292 23.730261087417603
X11012310_100 24.147898197174072 24.298266410827637 24.323550701141357 24.47002625465393 24.507264137268066 25.740445375442505 24.992177963256836 25.185535430908203 25.07428741455078 25.316195964813232 25.081546306610107 25.038246870040894 25.309579133987427 25.295010089874268 25.53666043281555 25.589550256729126 25.574901819229126 25.169856786727905 25.196281671524048 25.147647619247437
X11012310_250 25.961551904678345 25.904157638549805 26.035831451416016 25.82034921646118 25.7185001373291 25.26530957221985 25.8336923122406 25.708555698394775 25.49440097808838 25.461210012435913 25.691380739212036 25.61245059967041 25.64752984046936 25.621970176696777 25.7109797000885 26.10088014602661 25.76338791847229 26.061811208724976 26.26047396659851 26.694588899612427
X11012310_500 29.177478551864624 29.04000973701477 28.935442686080933 29.135958671569824 29.0298593044281 28.901862859725952 28.955906867980957 28.99091625213623 29.256622791290283 29.21406602859497 29.50604271888733 29.367700815200806 29.4440016746521 29.40456247329712 29.695124864578247 30.264711618423462 30.129859924316406 30.416908740997314 30.41637945175171 29.79954433441162
X11012310_750 31.804769277572632 31.60074472427368 31.56164312362671 31.67471694946289 32.203835010528564 32.41697597503662 32.556896448135376 32.850937604904175 32.91712403297424 33.05358552932739 33.12282061576843 33.085015535354614 33.42323112487793 33.50396490097046 33.44910287857056 34.002763748168945 33.861321687698364 33.74054932594299 33.8285026550293 34.11507987976074
X11012310_1000 35.917222023010254 35.73263382911682 35.914459228515625 36.07381796836853 36.34098219871521 36.18118739128113 36.134413957595825 36.433488607406616 36.683064699172974 36.53285527229309 36.54402780532837 36.743252754211426 36.62575912475586 36.776474475860596 36.806658029556274 36.82162690162659 37.0645170211792 37.02569270133972 37.01953864097595 37.32488203048706
X11013310_20 32.279919147491455 32.247689723968506 32.24420499801636 32.32627558708191 32.42558288574219 32.39771580696106 32.50819420814514 32.69626712799072 32.750720739364624 32.70064926147461 32.7950873374939 32.81482219696045 32.88028001785278 33.05216979980469 33.113794565200806 33.01674294471741 33.11237621307373 33.236039876937866 33.390604734420776 33.36929774284363
X11013310_50 33.81241583824158 33.900514364242554 34.012346506118774 34.129311084747314 34.25374794006348 34.34999132156372 34.48022389411926 34.38134050369263 34.471035957336426 34.64420008659363 34.47933220863342 34.54000449180603 34.6767213344574 34.885563135147095 34.82922053337097 34.97034406661987 34.912439584732056 34.96063590049744 35.039982318878174 35.11753535270691
X11013310_100 35.13522243499756 35.05837941169739 35.16342353820801 35.285247564315796 35.23317551612854 35.37004899978638 35.504979610443115 35.657326459884644 35.600775480270386 35.80963730812073 35.76025915145874 35.75335240364075 35.744235038757324 35.6117787361145 35.48720932006836 35.901933908462524 35.80066156387329 35.91903352737427 35.95229172706604 36.15359306335449
X11013310_250 37.38612985610962 37.13419461250305 37.337000608444214 37.28041386604309 37.465245962142944 37.456342697143555 37.43355464935303 37.27893590927124 37.44648003578186 37.41966366767883 37.407500982284546 37.676003217697144 37.74082326889038 38.03588557243347 37.737735748291016 37.93426871299744 38.011629819869995 37.703837871551514 37.761250257492065 38.02907943725586
X11013310_500 40.19176745414734 40.228649377822876 39.93074822425842 40.40039420127869 40.19812893867493 40.166292667388916 40.413039207458496 40.625197649002075 40.801493883132935 41.02548432350159 40.86240196228027 41.06149458885193 41.080464601516724 41.49371910095215 41.400794506073 41.32284760475159 41.32111954689026 41.533066749572754 41.457813024520874 41.49562478065491
X11013310_750 43.630321979522705 43.54758834838867 43.633833169937134 44.04845595359802 43.83640694618225 44.279786586761475 44.07636618614197 44.133185386657715 44.275017499923706 44.17517685890198 44.196670055389404 44.39320373535156 44.59130597114563 44.741682052612305 44.76709055900574 44.79329037666321 44.73757553100586 46.25640344619751 44.95221138000488 45.14106750488281
X11013310_1000 46.89050102233887 46.61088991165161 46.79057574272156 46.86911463737488 46.92788648605347 46.85170245170593 46.90938591957092 46.74729323387146 46.78353142738342 46.752562522888184 47.24297308921814 46.96629214286804 47.1750864982605 47.17712426185608 47.53366303443909 47.42609930038452 47.33603048324585 47.44389319419861 47.51413559913635 47.68456482887268
X11012510_20 42.31841254234314 42.524755239486694 42.63164210319519 42.526825189590454 42.48057413101196 42.678884983062744 42.77151083946228 42.760029315948486 42.6765992641449 42.61096215248108 42.827115297317505 42.96271371841431 43.17670941352844 43.26630258560181 43.49837636947632 43.61593222618103 43.51168656349182 43.67513036727905 43.744927644729614 43.80248665809631
X11012510_50 43.85677456855774 43.59362268447876 43.97136092185974 43.91435217857361 44.08902883529663 44.038466691970825 44.34575533866882 44.248494148254395 44.31152820587158 44.506627559661865 44.47826671600342 44.37631702423096 44.45966672897339 44.677624464035034 44.80920600891113 44.7596800327301 45.00619077682495 44.95016598701477 44.991472482681274 45.137341260910034
X11012510_100 45.63774251937866 45.616199254989624 45.69352054595947 45.71959829330444 45.644882917404175 45.871909856796265 45.86276388168335 45.9109365940094 45.967955112457275 46.157254219055176 46.1221821308136 46.2434446811676 46.4222936630249 46.585362911224365 46.68932580947876 47.00620985031128 46.957637310028076 47.088841676712036 47.313512325286865 47.35684418678284
X11012510_250 48.44030213356018 48.49761152267456 48.26931095123291 48.250417947769165 48.24193000793457 48.40485644340515 48.44615316390991 48.268423080444336 48.49045991897583 48.623329639434814 48.74362778663635 48.78485703468323 48.793073415756226 48.934327125549316 48.62494945526123 48.985700368881226 49.2524995803833 49.107219219207764 49.146488189697266 49.192408323287964
X11012510_500 51.65790843963623 51.491575956344604 51.57475399971008 51.59052085876465 51.54741406440735 51.97359347343445 52.05119061470032 51.922566175460815 52.14598035812378 52.152819871902466 51.978275299072266 52.233397006988525 52.07874393463135 52.345643043518066 52.3459734916687 52.26806950569153 52.375377893447876 52.49510717391968 52.551830530166626 52.600218296051025
X11012510_750 54.416491746902466 54.8251850605011 54.72442126274109 54.96123790740967 55.113704681396484 55.10320019721985 54.993651390075684 55.22264051437378 55.10625648498535 55.39291024208069 55.52403998374939 55.44814324378967 55.736948013305664 55.51536464691162 55.75666379928589 55.6262321472168 55.651840686798096 55.92413544654846 55.69444179534912 55.868016481399536
X11012510_1000 58.610963106155396 58.38919377326965 58.35227560997009 58.28903579711914 58.62545824050903 58.39437127113342 58.56684494018555 58.9102897644043 58.75966286659241 58.8076446056366 58.99487829208374 58.71514940261841 59.14711284637451 58.952128887176514 59.280407190322876 59.233436822891235 59.242111682891846 59.24851393699646 59.29149413108826 59.38100504875183
X11013510_20 52.82921600341797 52.70097231864929 52.93437600135803 52.82038164138794 52.91501569747925 52.861180543899536 53.099775314331055 53.16228151321411 53.21550416946411 53.30742120742798 53.30749297142029 53.26201033592224 53.32310390472412 53.451749086380005 53.54168701171875 53.66157102584839 53.4582314491272 53.741820335388184 53.77026677131653 53.81729531288147
X11013510_50 53.9653205871582 54.1697416305542 54.35721707344055 54.26926589012146 54.332048416137695 54.45288920402527 54.47210717201233 54.59112524986267 54.62541961669922 54.71840238571167 54.90798211097717 54.80434536933899 55.05265283584595 55.05428671836853 55.041271924972534 55.18840289115906 55.22619271278381 54.90939521789551 55.37546443939209 55.43620538711548
X11013510_100 55.92770719528198 55.938631772994995 55.95970344543457 56.07069706916809 56.105828046798706 56.174471378326416 56.29553699493408 56.26529860496521 56.407411098480225 56.45131754875183 56.536741971969604 56.32665228843689 56.59496259689331 56.63486862182617 56.8446524143219 56.90092206001282 57.08612871170044 56.915871143341064 57.06523013114929 57.33928942680359
X11013510_250 59.04712414741516 58.809404134750366 59.11137533187866 59.51330637931824 59.07929515838623 59.15841031074524 59.40279221534729 59.57777714729309 59.65231227874756 59.807212114334106 59.94733762741089 60.35259795188904 59.996219635009766 60.17777681350708 60.284812688827515 60.25395083427429 60.317617416381836 60.388516902923584 60.5035343170166 60.50356411933899
X11013510_500 62.74406123161316 62.70003318786621 62.893531799316406 63.01575756072998 63.06851840019226 63.36264395713806 63.25724267959595 63.3989737033844 63.5120267868042 63.83177065849304 64.35679364204407 64.44407868385315 64.28714275360107 64.29528450965881 64.57835292816162 63.96765732765198 63.9294753074646 64.12818384170532 64.24890995025635 64.30855059623718
X11013510_750 66.96314978599548 66.93871593475342 66.95982670783997 67.0456657409668 67.05613684654236 67.14482998847961 67.29840111732483 67.6229395866394 67.3592586517334 67.50289678573608 67.73794364929199 67.65758347511292 67.97544074058533 68.15372800827026 67.8095908164978 67.72242331504822 67.90742778778076 68.7062554359436 68.77693009376526 68.25258612632751
X11013510_1000 71.55250692367554 71.23057746887207 71.30325984954834 71.44841623306274 71.73247027397156 71.72878742218018 71.48955988883972 71.42909216880798 71.92550754547119 71.87000131607056 71.55025053024292 71.68913555145264 71.58531475067139 72.11340403556824 72.69886374473572 72.35092854499817 72.04966878890991 72.15248441696167 72.7232506275177 72.64815044403076
X11013410_20 64.74738574028015 64.50254011154175 64.18758416175842 64.47423076629639 64.45568490028381 64.69063878059387 64.68376564979553 64.87217688560486 64.87976622581482 64.9933443069458 65.16642165184021 65.1127769947052 65.00129461288452 65.32746720314026 65.14068031311035 64.9330587387085 64.71939158439636 65.27317428588867 65.05103516578674 65.42366147041321
X11013410_50 65.85952544212341 65.61666703224182 65.42728686332703 65.1803650856018 64.93796110153198 65.65897154808044 65.56812953948975 65.130863904953 65.05488348007202 64.80120754241943 65.1379234790802 65.32566261291504 65.68410515785217 66.0284686088562 66.63392281532288 66.54136395454407 66.67035841941833 66.4689826965332 66.61585831642151 66.28238439559937
X11013410_100 67.24817037582397 66.97924613952637 67.10813283920288 67.27926731109619 66.85946702957153 67.25358653068542 67.26714324951172 66.87205982208252 66.952800989151 67.43407940864563 67.4752242565155 67.49869322776794 66.8590874671936 66.74479389190674 66.92796230316162 67.17491436004639 67.47763800621033 67.357736825943 66.88075637817383 67.08740711212158
X11013410_250 68.36636972427368 68.24866509437561 68.07074904441833 68.45484805107117 68.13701939582825 67.8003978729248 68.54751777648926 68.88432359695435 69.1179895401001 69.01789665222168 69.31664037704468 68.93375635147095 69.24757099151611 68.52835392951965 68.7265682220459 68.40302443504333 67.80183219909668 68.34605097770691 67.98565149307251 68.194589138031
X11013410_500 71.93671560287476 71.74378371238708 74.14691734313965 74.11378192901611 74.37803888320923 74.75754570960999 74.81540703773499 74.98261904716492 75.13812208175659 75.07203435897827 75.22752618789673 75.41536617279053 75.88002824783325 75.90714979171753 75.85360813140869 76.08442711830139 76.00852918624878 75.8901846408844 76.42440462112427 76.30673789978027
X11013410_750 78.68860149383545 78.90596866607666 79.10127115249634 79.37470269203186 78.56304502487183 79.04896831512451 79.14857220649719 79.45026636123657 79.83929705619812 79.63962054252625 79.55958604812622 79.74917769432068 79.67948579788208 79.99271416664124 80.04666137695312 80.0723443031311 80.69880533218384 80.32152438163757 80.50396490097046 80.4453763961792
X11013410_1000 83.51493048667908 83.1558837890625 83.54421925544739 83.60853862762451 83.6766905784607 83.80268573760986 83.87928128242493 83.71303415298462 83.97306752204895 84.21017146110535 84.13067698478699 83.98949146270752 83.80611109733582 84.4718987941742 84.32786726951599 84.57749342918396 84.95763301849365 84.73464822769165 85.06069016456604 84.86631846427917
X11002310_20 1.3068737983703613 0.5998218059539795 0.7104897499084473 0.9476010799407959 0.8407289981842041 0.9760897159576416 1.0401012897491455 1.0705556869506836 0.9629154205322266 1.2467706203460693 1.0924198627471924 1.1046319007873535 1.1507914066314697 1.208897590637207 1.2868373394012451 1.4826111793518066 1.3777873516082764 1.4321699142456055 1.4734952449798584 1.5432684421539307
X11002310_50 1.6269018650054932 1.6752760410308838 1.7437868118286133 1.827976942062378 1.94146728515625 2.0351459980010986 1.9673383235931396 2.1583645343780518 2.3772542476654053 2.8933017253875732 3.2820868492126465 2.6523385047912598 2.336169719696045 2.734477996826172 3.145810842514038 2.5176587104797363 2.5812385082244873 2.6904327869415283 2.72853946685791 3.0643625259399414
X11002310_100 2.763343572616577 2.853661298751831 3.097632646560669 2.924511671066284 3.3291029930114746 3.1207733154296875 3.403472900390625 3.303623914718628 3.5520944595336914 4.18218469619751 3.768291711807251 3.383291482925415 3.478361129760742 3.5398287773132324 4.542028903961182 4.129678010940552 3.7246153354644775 3.827605962753296 4.927687168121338 5.098528146743774
X11002310_250 4.792134761810303 4.740936279296875 4.924844264984131 4.382864475250244 4.3898069858551025 5.410119295120239 4.711431980133057 4.822966814041138 5.321645498275757 5.4621262550354 6.548133134841919 4.839538335800171 4.897043228149414 4.9439537525177 5.027713060379028 6.152971029281616 5.7526421546936035 6.477874040603638 6.844476222991943 5.723160743713379
X11002310_500 5.699996471405029 5.810537815093994 5.859122037887573 6.12850546836853 5.976428985595703 7.451227426528931 7.346595525741577 6.785809755325317 6.275184869766235 6.498941421508789 6.361133575439453 7.031860113143921 8.345408916473389 7.131042957305908 7.763226270675659 7.687111139297485 6.919379472732544 7.082214117050171 8.154454469680786 7.025616645812988
X11002310_750 8.021559476852417 8.01790976524353 8.713291883468628 7.5934226512908936 7.62987756729126 8.201593399047852 8.692647457122803 9.706885814666748 8.084132432937622 9.138276100158691 9.999622821807861 9.079691886901855 10.864625692367554 10.58952808380127 11.567138910293579 9.605011463165283 9.934010028839111 10.74875020980835 8.828149795532227 10.09286642074585
X11002310_1000 9.947573184967041 9.667626857757568 10.363110065460205 10.336530208587646 10.75266718864441 10.579679727554321 11.794214963912964 10.511104822158813 11.150635004043579 13.37298035621643 12.602827072143555 10.337453603744507 10.41633415222168 11.790530681610107 11.275336742401123 11.455365180969238 10.902020692825317 11.162352561950684 13.49134373664856 12.027788162231445
X11002301_20 9.74156904220581 9.11025094985962 9.539453983306885 10.188640356063843 10.165472507476807 9.83372449874878 10.231845617294312 10.16373324394226 10.031080722808838 10.306501388549805 11.997270822525024 9.80429458618164 10.175294399261475 10.587993621826172 12.087515830993652 10.838512659072876 10.95339560508728 11.17779016494751 12.006565570831299 11.03983998298645
X11002301_50 10.231053352355957 10.703338623046875 13.789102554321289 11.7928466796875 10.4222891330719 11.163060426712036 12.775290966033936 11.741107940673828 10.767548084259033 11.109368085861206 14.207446575164795 13.17658281326294 11.485263347625732 12.774912595748901 13.426123142242432 11.8499436378479 11.164055585861206 12.468060970306396 13.161856174468994 11.844494581222534
X11002301_100 11.403559684753418 12.776044607162476 13.655001640319824 11.657068014144897 12.442384243011475 12.616777181625366 14.519134759902954 12.045414447784424 12.464571714401245 13.840702533721924 13.673321723937988 12.448194026947021 13.390595436096191 14.858721256256104 12.497889995574951 12.756103515625 13.512617111206055 14.547442436218262 12.741558313369751 13.15661358833313
X11002301_250 15.854349374771118 14.508330345153809 13.754889011383057 16.50841760635376 15.11020278930664 13.538722038269043 15.267134189605713 15.302342653274536 13.99724268913269 14.824444055557251 16.640347003936768 13.792290687561035 14.828736066818237 15.845921516418457 15.215204954147339 14.111843347549438 18.012320041656494 14.530398607254028 15.305327653884888 16.849093198776245
X11002301_500 17.07297110557556 16.068766593933105 20.442355394363403 16.08680772781372 17.773054838180542 17.10564351081848 16.965067148208618 17.487833976745605 17.145729541778564 18.446693658828735 18.333688259124756 18.475085258483887 18.391140699386597 18.138148069381714 17.4884090423584 17.749603748321533 19.53369450569153 18.337503910064697 19.043156623840332 18.817390203475952
X11002301_750 18.926141262054443 19.92282772064209 18.606014251708984 21.80054759979248 21.572195291519165 20.98563575744629 21.80320405960083 19.176754474639893 20.47104525566101 20.950669050216675 21.466997385025024 23.49132513999939 22.68563747406006 22.20366096496582 21.5570547580719 22.519392013549805 20.778724908828735 24.220072031021118 20.428263664245605 23.181437253952026
X11002301_1000 21.65475869178772 24.419278144836426 23.269841194152832 22.290724754333496 22.074227333068848 24.490185737609863 22.418835639953613 23.807442665100098 24.678925275802612 23.544819355010986 25.193113803863525 22.635662317276 23.04043674468994 24.299575567245483 24.808017253875732 26.255114316940308 22.8001492023468 23.93618631362915 24.168111324310303 24.91855216026306
