   1  X11002300 (*-                       |                        ), 0.000,  0.000,  0.000,  0.000,  0.041
   1  X11012301 (*------------            |                        ), 0.000,  0.000,  0.000,  0.094,  0.273
   1  X11012401 (*--------------          |                        ), 0.000,  0.000,  0.000,  0.060,  0.308
   1  X11012501 (*------------            |                        ), 0.000,  0.000,  0.000,  0.172,  0.276
   1  X11012600 (*---------               |                        ), 0.000,  0.000,  0.000,  0.000,  0.217
   1  X11012601 (*-----------             |                        ), 0.000,  0.000,  0.000,  0.070,  0.243
   1  X11012700 (*----------------        |                        ), 0.000,  0.000,  0.000,  0.017,  0.353
   1  X11012701 (*-------------           |                        ), 0.000,  0.000,  0.000,  0.169,  0.298
   1  X11013300 (*---                     |                        ), 0.000,  0.000,  0.000,  0.026,  0.082
   1  X11013301 (*------------            |                        ), 0.000,  0.000,  0.000,  0.137,  0.270
   1  X11013400 (*----------------        |                        ), 0.000,  0.000,  0.000,  0.071,  0.345
   1  X11013500 (*------                  |                        ), 0.000,  0.000,  0.000,  0.000,  0.159
   1  X11013501 (*--------------          |                        ), 0.000,  0.000,  0.000,  0.131,  0.319
   1  X11013600 (*----------              |                        ), 0.000,  0.000,  0.000,  0.000,  0.228
   1  X11013601 (*------------            |                        ), 0.000,  0.000,  0.000,  0.189,  0.276
   1  X11013700 (*-------------           |                        ), 0.000,  0.000,  0.000,  0.135,  0.295
   1  X11013701 (*---------------         |                        ), 0.000,  0.000,  0.000,  0.185,  0.327
   1  X11102300 (*                        |                        ), 0.000,  0.000,  0.000,  0.000,  0.000
   1  X11102301 (*                        |                        ), 0.000,  0.000,  0.000,  0.000,  0.000
   1  X11112300 (*                        |                        ), 0.000,  0.000,  0.000,  0.000,  0.000
   1  X11112301 (*------------            |                        ), 0.000,  0.000,  0.000,  0.000,  0.263
   1  X11112400 (*                        |                        ), 0.000,  0.000,  0.000,  0.000,  0.000
   1  X11112401 (*------------            |                        ), 0.000,  0.000,  0.000,  0.000,  0.262
   1  X11112500 (*                        |                        ), 0.000,  0.000,  0.000,  0.000,  0.000
   1  X11112501 (*------------            |                        ), 0.000,  0.000,  0.000,  0.000,  0.262
   1  X11112600 (*                        |                        ), 0.000,  0.000,  0.000,  0.000,  0.000
   1  X11112601 (*                        |                        ), 0.000,  0.000,  0.000,  0.000,  0.000
   1  X11112611 (*------------            |                        ), 0.000,  0.000,  0.000,  0.262,  0.262
   1  X11112700 (*                        |                        ), 0.000,  0.000,  0.000,  0.000,  0.000
   1  X11112701 (*-----                   |                        ), 0.000,  0.000,  0.000,  0.000,  0.138
   1  X11112710 (*---------------         |                        ), 0.000,  0.000,  0.000,  0.262,  0.332
   1  X11113300 (*                        |                        ), 0.000,  0.000,  0.000,  0.000,  0.000
   1  X11113301 (*                        |                        ), 0.000,  0.000,  0.000,  0.000,  0.000
   1  X11113311 (*------------            |                        ), 0.000,  0.000,  0.000,  0.262,  0.262
   1  X11113400 (*                        |                        ), 0.000,  0.000,  0.000,  0.000,  0.000
   1  X11113401 (*-------------           |                        ), 0.000,  0.000,  0.000,  0.000,  0.291
   1  X11113500 (*                        |                        ), 0.000,  0.000,  0.000,  0.000,  0.000
   1  X11113501 (*                        |                        ), 0.000,  0.000,  0.000,  0.000,  0.000
   1  X11113600 (*                        |                        ), 0.000,  0.000,  0.000,  0.000,  0.000
   1  X11113601 (*------------            |                        ), 0.000,  0.000,  0.000,  0.000,  0.262
   1  X11113611 (*---------------         |                        ), 0.000,  0.000,  0.000,  0.262,  0.327
   1  X11113700 (*                        |                        ), 0.000,  0.000,  0.000,  0.000,  0.000
   1  X11113701 (*                        |                        ), 0.000,  0.000,  0.000,  0.000,  0.000
   1  X11113710 (*------------            |                        ), 0.000,  0.000,  0.000,  0.262,  0.262
   1  X12002300 (*----------              |                        ), 0.000,  0.000,  0.000,  0.143,  0.225
   1  X12012300 (*----------------        |                        ), 0.000,  0.000,  0.000,  0.033,  0.341
   1  X12012301 (*--------                |                        ), 0.000,  0.000,  0.000,  0.107,  0.200
   1  X12012400 (*-------------           |                        ), 0.000,  0.000,  0.000,  0.000,  0.282
   1  X12012401 (*---                     |                        ), 0.000,  0.000,  0.000,  0.000,  0.094
   1  X12012500 (*                        |                        ), 0.000,  0.000,  0.000,  0.000,  0.039
   1  X12012501 (*--                      |                        ), 0.000,  0.000,  0.000,  0.000,  0.061
   1  X12012600 (*-----------             |                        ), 0.000,  0.000,  0.000,  0.000,  0.255
   1  X12012601 (*----                    |                        ), 0.000,  0.000,  0.000,  0.063,  0.109
   1  X12012700 (*-----------------       |                        ), 0.000,  0.000,  0.000,  0.100,  0.364
   1  X12012701 (*-----------             |                        ), 0.000,  0.000,  0.000,  0.070,  0.246
   1  X12013300 (*-------                 |                        ), 0.000,  0.000,  0.000,  0.000,  0.169
   1  X12013301 (*------                  |                        ), 0.000,  0.000,  0.000,  0.035,  0.156
   1  X12013400 (*--                      |                        ), 0.000,  0.000,  0.000,  0.000,  0.078
   1  X12013500 (*-----------             |                        ), 0.000,  0.000,  0.000,  0.029,  0.250
   1  X12013501 (*--                      |                        ), 0.000,  0.000,  0.000,  0.042,  0.078
   1  X12013600 (*----                    |                        ), 0.000,  0.000,  0.000,  0.000,  0.109
   1  X12013601 (*--                      |                        ), 0.000,  0.000,  0.000,  0.000,  0.068
   1  X12013700 (*---------               |                        ), 0.000,  0.000,  0.000,  0.042,  0.213
   1  X12013701 (*--------                |                        ), 0.000,  0.000,  0.000,  0.000,  0.194
   1  X12102300 (*                        |                        ), 0.000,  0.000,  0.000,  0.000,  0.000
   1  X12102301 (*--                      |                        ), 0.000,  0.000,  0.000,  0.000,  0.068
   1  X12112300 (*                        |                        ), 0.000,  0.000,  0.000,  0.000,  0.000
   1  X12112301 (*                        |                        ), 0.000,  0.000,  0.000,  0.000,  0.000
   1  X12112400 (*                        |                        ), 0.000,  0.000,  0.000,  0.000,  0.000
   1  X12112401 (*------------            |                        ), 0.000,  0.000,  0.000,  0.000,  0.263
   1  X12112411 (*------------            |                        ), 0.000,  0.000,  0.000,  0.125,  0.262
   1  X12112500 (*                        |                        ), 0.000,  0.000,  0.000,  0.000,  0.000
   1  X12112501 (*                        |                        ), 0.000,  0.000,  0.000,  0.000,  0.000
   1  X12112510 (*-------------           |                        ), 0.000,  0.000,  0.000,  0.262,  0.300
   1  X12112600 (*                        |                        ), 0.000,  0.000,  0.000,  0.000,  0.000
   1  X12112601 (*                        |                        ), 0.000,  0.000,  0.000,  0.000,  0.000
   1  X12112700 (*                        |                        ), 0.000,  0.000,  0.000,  0.000,  0.000
   1  X12112701 (*                        |                        ), 0.000,  0.000,  0.000,  0.000,  0.000
   1  X12113300 (*                        |                        ), 0.000,  0.000,  0.000,  0.000,  0.000
   1  X12113301 (*                        |                        ), 0.000,  0.000,  0.000,  0.000,  0.000
   1  X12113311 (*------------            |                        ), 0.000,  0.000,  0.000,  0.000,  0.262
   1  X12113400 (*                        |                        ), 0.000,  0.000,  0.000,  0.000,  0.000
   1  X12113401 (*                        |                        ), 0.000,  0.000,  0.000,  0.000,  0.000
   1  X12113500 (*                        |                        ), 0.000,  0.000,  0.000,  0.000,  0.000
   1  X12113501 (*---                     |                        ), 0.000,  0.000,  0.000,  0.000,  0.094
   1  X12113600 (*                        |                        ), 0.000,  0.000,  0.000,  0.000,  0.000
   1  X12113601 (*                        |                        ), 0.000,  0.000,  0.000,  0.000,  0.000
   1  X12113700 (*                        |                        ), 0.000,  0.000,  0.000,  0.000,  0.000
   1  X12113701 (*                        |                        ), 0.000,  0.000,  0.000,  0.000,  0.000
   1  X12113711 (*------------            |                        ), 0.000,  0.000,  0.000,  0.262,  0.262
   1  X13002301 (*                        |                        ), 0.000,  0.000,  0.000,  0.000,  0.000
   1  X13012300 (*-                       |                        ), 0.000,  0.000,  0.000,  0.000,  0.041
   1  X13012301 (*                        |                        ), 0.000,  0.000,  0.000,  0.000,  0.038
   1  X13012400 (*-----------------       |                        ), 0.000,  0.000,  0.000,  0.000,  0.361
   1  X13012401 (*                        |                        ), 0.000,  0.000,  0.000,  0.000,  0.039
   1  X13012500 (*                        |                        ), 0.000,  0.000,  0.000,  0.000,  0.000
   1  X13012501 (*                        |                        ), 0.000,  0.000,  0.000,  0.000,  0.000
   1  X13012600 (*-------                 |                        ), 0.000,  0.000,  0.000,  0.000,  0.162
   1  X13012601 (*-                       |                        ), 0.000,  0.000,  0.000,  0.032,  0.041
   1  X13012700 (*-------                 |                        ), 0.000,  0.000,  0.000,  0.000,  0.171
   1  X13012701 (*                        |                        ), 0.000,  0.000,  0.000,  0.000,  0.000
   2  X13013300 (*--------                |                        ), 0.000,  0.000,  0.000,  0.027,  0.200
   2  X13013301 (*                        |                        ), 0.000,  0.000,  0.000,  0.000,  0.038
   2  X13013400 (*-----------             |                        ), 0.000,  0.000,  0.000,  0.038,  0.247
   2  X13013401 (*                        |                        ), 0.000,  0.000,  0.000,  0.000,  0.040
   2  X13013500 (*-------                 |                        ), 0.000,  0.000,  0.000,  0.070,  0.164
   2  X13013501 (*--                      |                        ), 0.000,  0.000,  0.000,  0.036,  0.078
   2  X13013600 (*-------                 |                        ), 0.000,  0.000,  0.000,  0.000,  0.167
   2  X13013601 (*                        |                        ), 0.000,  0.000,  0.000,  0.000,  0.038
   2  X13013700 (*----------              |                        ), 0.000,  0.000,  0.000,  0.070,  0.237
   2  X13013701 (*                        |                        ), 0.000,  0.000,  0.000,  0.000,  0.036
   2  X13102300 (*                        |                        ), 0.000,  0.000,  0.000,  0.000,  0.000
   2  X13102301 (*                        |                        ), 0.000,  0.000,  0.000,  0.000,  0.000
   2  X13112300 (*                        |                        ), 0.000,  0.000,  0.000,  0.000,  0.000
   2  X13112301 (*------------            |                        ), 0.000,  0.000,  0.000,  0.000,  0.262
   2  X13112400 (*                        |                        ), 0.000,  0.000,  0.000,  0.000,  0.000
   2  X13112401 (*                        |                        ), 0.000,  0.000,  0.000,  0.000,  0.000
   2  X13112500 (*                        |                        ), 0.000,  0.000,  0.000,  0.000,  0.000
   2  X13112501 (*                        |                        ), 0.000,  0.000,  0.000,  0.000,  0.000
   2  X13112600 (*                        |                        ), 0.000,  0.000,  0.000,  0.000,  0.000
   2  X13112601 (*------------            |                        ), 0.000,  0.000,  0.000,  0.000,  0.262
   2  X13112700 (*                        |                        ), 0.000,  0.000,  0.000,  0.000,  0.000
   2  X13112701 (*                        |                        ), 0.000,  0.000,  0.000,  0.000,  0.000
   2  X13113300 (*                        |                        ), 0.000,  0.000,  0.000,  0.000,  0.000
   2  X13113301 (*-                       |                        ), 0.000,  0.000,  0.000,  0.000,  0.043
   2  X13113400 (*                        |                        ), 0.000,  0.000,  0.000,  0.000,  0.000
   2  X13113401 (*                        |                        ), 0.000,  0.000,  0.000,  0.000,  0.000
   2  X13113500 (*                        |                        ), 0.000,  0.000,  0.000,  0.000,  0.000
   2  X13113501 (*                        |                        ), 0.000,  0.000,  0.000,  0.000,  0.000
   3  X13113511 (*------------            |                        ), 0.000,  0.000,  0.000,  0.262,  0.270
   3  X13113600 (*                        |                        ), 0.000,  0.000,  0.000,  0.000,  0.000
   4  X13113601 (*                        |                        ), 0.000,  0.000,  0.000,  0.000,  0.000
   5  X13113700 (*                        |                        ), 0.000,  0.000,  0.000,  0.000,  0.000
   5  X13113701 (*                        |                        ), 0.000,  0.000,  0.000,  0.000,  0.000
   6  X11012500 (-*------------------     |                        ), 0.000,  0.000,  0.020,  0.289,  0.420
   6  X11012400 (-*---------------        |                        ), 0.000,  0.000,  0.031,  0.136,  0.357
   6  X12113411 (-*-----------            |                        ), 0.000,  0.000,  0.038,  0.262,  0.262
   6  X13002311 ( *---                    |                        ), 0.000,  0.038,  0.038,  0.074,  0.102
   7  X01013700 ( *                       |                        ), 0.038,  0.038,  0.040,  0.040,  0.040
   8  X11013401 (--*----------            |                        ), 0.000,  0.000,  0.041,  0.233,  0.269
   8  X12013401 (--*-----                 |                        ), 0.000,  0.000,  0.041,  0.083,  0.172
   8  X13102311 ( --*---------            |                        ), 0.037,  0.039,  0.070,  0.071,  0.263
   9  X12002301 (   *                     |                        ), 0.036,  0.071,  0.074,  0.075,  0.083
  10  X12112410 (---*---------            |                        ), 0.000,  0.000,  0.074,  0.262,  0.262
  10  X11113310 (---*----------           |                        ), 0.000,  0.000,  0.078,  0.262,  0.300
  10  X01012600 (   *                     |                        ), 0.077,  0.077,  0.080,  0.080,  0.080
  10  X13002300 (---*------               |                        ), 0.000,  0.000,  0.080,  0.151,  0.212
  10  X11112311 (----*---------           |                        ), 0.000,  0.000,  0.092,  0.262,  0.300
  10  X11112511 (-----*-------            |                        ), 0.000,  0.000,  0.103,  0.262,  0.262
  10  X01013600 (-----*                   |                        ), 0.000,  0.000,  0.111,  0.111,  0.111
  11  X01013500 (   --*                   |                        ), 0.073,  0.073,  0.115,  0.115,  0.115
  12  X01013400 (     -*                  |                        ), 0.107,  0.107,  0.133,  0.133,  0.133
  12  X01012300 (   ---*                  |                        ), 0.073,  0.073,  0.136,  0.136,  0.136
  13  X01013300 (      --*                |                        ), 0.129,  0.129,  0.175,  0.175,  0.175
  13  X11112411 (--------*----            |                        ), 0.000,  0.000,  0.180,  0.262,  0.263
  14  X01012400 (   -------*              |                        ), 0.075,  0.075,  0.203,  0.203,  0.203
  14  X12112610 (----------*---           |                        ), 0.000,  0.000,  0.206,  0.262,  0.296
  15  X01012500 (        --*              |                        ), 0.179,  0.179,  0.214,  0.214,  0.214
  16  X12113511 (----------*---           |                        ), 0.000,  0.000,  0.217,  0.262,  0.294
  16  X12112711 (-----------*-            |                        ), 0.000,  0.000,  0.230,  0.262,  0.262
  17  X12002311 (         --*--------     |                        ), 0.129,  0.190,  0.232,  0.324,  0.409
  18  X01012700 (       ----*             |                        ), 0.154,  0.154,  0.237,  0.237,  0.237
  18  X11113711 (------------*            |                        ), 0.000,  0.000,  0.241,  0.262,  0.262
  18  X13112510 (------------*            |                        ), 0.000,  0.000,  0.241,  0.262,  0.262
  19  X01013510 (          --*            |                        ), 0.214,  0.214,  0.253,  0.253,  0.253
  20  X01002310 (          --*            |                        ), 0.203,  0.203,  0.254,  0.254,  0.254
  21  X01013710 (            *            |                        ), 0.250,  0.250,  0.255,  0.255,  0.255
  22  X01002300 (             *           |                        ), 0.261,  0.261,  0.261,  0.261,  0.261
  22  X01012710 (          ---*           |                        ), 0.213,  0.213,  0.261,  0.261,  0.261
  23  X13002310 (            -*--         |                        ), 0.225,  0.250,  0.261,  0.295,  0.323
  24  X11102310 (-------------*-          |                        ), 0.000,  0.000,  0.262,  0.262,  0.310
  24  X11102311 (-------------*           |                        ), 0.000,  0.000,  0.262,  0.262,  0.262
  24  X11112310 (-------------*           |                        ), 0.000,  0.000,  0.262,  0.262,  0.299
  24  X11112410 (-------------*           |                        ), 0.000,  0.000,  0.262,  0.262,  0.262
  24  X11112510 (             *------     |                        ), 0.000,  0.262,  0.262,  0.263,  0.405
  24  X11112610 (             *           |                        ), 0.000,  0.262,  0.262,  0.262,  0.290
  24  X11112711 (-------------*           |                        ), 0.000,  0.000,  0.262,  0.262,  0.263
  24  X11113410 (-------------*---        |                        ), 0.000,  0.000,  0.262,  0.263,  0.356
  24  X11113411 (-------------*           |                        ), 0.000,  0.000,  0.262,  0.262,  0.263
  24  X11113510 (-------------*           |                        ), 0.000,  0.000,  0.262,  0.262,  0.262
  24  X11113511 (-------------*           |                        ), 0.000,  0.000,  0.262,  0.262,  0.262
  24  X11113610 (-------------*           |                        ), 0.000,  0.000,  0.262,  0.262,  0.262
  24  X12102310 (-------------*           |                        ), 0.000,  0.000,  0.262,  0.262,  0.264
  24  X12102311 (-------------*------     |                        ), 0.000,  0.000,  0.262,  0.263,  0.416
  24  X12112310 (-------------*           |                        ), 0.000,  0.000,  0.262,  0.262,  0.262
  24  X12112311 (            -*           |                        ), 0.000,  0.259,  0.262,  0.262,  0.262
  24  X12112511 (-------------*           |                        ), 0.000,  0.000,  0.262,  0.262,  0.271
  24  X12112611 (-------------*           |                        ), 0.000,  0.000,  0.262,  0.262,  0.263
  24  X12112710 (      -------*           |                        ), 0.000,  0.123,  0.262,  0.262,  0.262
  24  X12113310 (-------------*-          |                        ), 0.000,  0.000,  0.262,  0.283,  0.302
  24  X12113410 (-------------*           |                        ), 0.000,  0.000,  0.262,  0.262,  0.262
  24  X12113510 (-------------*--         |                        ), 0.000,  0.000,  0.262,  0.262,  0.339
  24  X12113610 (-------------*           |                        ), 0.000,  0.000,  0.262,  0.262,  0.262
  24  X12113611 (-------------*           |                        ), 0.000,  0.000,  0.262,  0.262,  0.265
  24  X12113710 (-------------*           |                        ), 0.000,  0.000,  0.262,  0.262,  0.262
  24  X13102310 (            -*           |                        ), 0.000,  0.253,  0.262,  0.262,  0.262
  24  X13112310 (-------------*           |                        ), 0.000,  0.000,  0.262,  0.262,  0.267
  24  X13112311 (-------------*-          |                        ), 0.000,  0.000,  0.262,  0.262,  0.310
  24  X13112410 (-------------*           |                        ), 0.000,  0.000,  0.262,  0.262,  0.293
  24  X13112411 (-------------*--         |                        ), 0.000,  0.000,  0.262,  0.262,  0.333
  24  X13112511 (-------------*           |                        ), 0.000,  0.000,  0.262,  0.262,  0.294
  24  X13112610 (-------------*---        |                        ), 0.000,  0.000,  0.262,  0.262,  0.348
  24  X13112611 (-------------*-          |                        ), 0.000,  0.000,  0.262,  0.287,  0.317
  24  X13112710 (-------------*           |                        ), 0.000,  0.000,  0.262,  0.262,  0.262
  24  X13112711 (  -----------*--         |                        ), 0.000,  0.042,  0.262,  0.262,  0.327
  24  X13113310 (-------------*           |                        ), 0.000,  0.000,  0.262,  0.262,  0.288
  24  X13113410 (-------------*           |                        ), 0.000,  0.000,  0.262,  0.262,  0.287
  24  X13113411 (-------------*           |                        ), 0.000,  0.000,  0.262,  0.262,  0.288
  24  X13113510 (             *           |                        ), 0.000,  0.262,  0.262,  0.262,  0.292
  24  X13113610 (-------------*           |                        ), 0.000,  0.000,  0.262,  0.262,  0.262
  24  X13113611 (-------------*-          |                        ), 0.000,  0.000,  0.262,  0.262,  0.305
  24  X13113710 (-------------*--         |                        ), 0.000,  0.000,  0.262,  0.262,  0.330
  25  X13113311 (             *-          |                        ), 0.040,  0.262,  0.263,  0.274,  0.302
  26  X13013311 (         ----*           |                        ), 0.000,  0.192,  0.264,  0.280,  0.288
  27  X12002310 (            -*---        |                        ), 0.230,  0.253,  0.273,  0.311,  0.354
  27  X12012311 (            -*--         |                        ), 0.193,  0.253,  0.275,  0.295,  0.331
  27  X13013511 (             *           |                        ), 0.101,  0.270,  0.280,  0.291,  0.299
  27  X13013611 (             -*          |                        ), 0.152,  0.276,  0.280,  0.286,  0.295
  27  X13012511 (            --*          |                        ), 0.026,  0.257,  0.282,  0.294,  0.314
  27  X13012311 (            --*          |                        ), 0.033,  0.252,  0.282,  0.298,  0.304
  28  X01013310 (             -*          |                        ), 0.265,  0.265,  0.283,  0.283,  0.283
  29  X13012711 (             -*          |                        ), 0.024,  0.278,  0.284,  0.290,  0.298
  29  X13012611 (       -------*          |                        ), 0.000,  0.159,  0.284,  0.297,  0.312
  29  X13013411 (              *          |                        ), 0.270,  0.284,  0.287,  0.290,  0.299
  30  X13012411 (              *          |                        ), 0.275,  0.287,  0.291,  0.296,  0.300
  31  X11012311 (              *-----     |                        ), 0.271,  0.286,  0.295,  0.362,  0.404
  31  X12012711 (             -*-         |                        ), 0.200,  0.267,  0.295,  0.309,  0.328
  31  X13013711 (              *          |                        ), 0.205,  0.294,  0.299,  0.304,  0.314
  31  X11012611 (             --*-----    |                        ), 0.234,  0.269,  0.304,  0.349,  0.437
  31  X11012511 (             --*---      |                        ), 0.204,  0.265,  0.304,  0.350,  0.400
  31  X12013511 (              -*-        |                        ), 0.272,  0.287,  0.305,  0.323,  0.345
  31  X12013311 (              -*-        |                        ), 0.235,  0.281,  0.305,  0.323,  0.348
  31  X12012411 (              -*         |                        ), 0.226,  0.288,  0.305,  0.324,  0.335
  31  X12013611 (              -*-        |                        ), 0.233,  0.295,  0.305,  0.333,  0.347
  31  X12013411 (              -*         |                        ), 0.278,  0.298,  0.306,  0.312,  0.325
  31  X11013711 (              -*---      |                        ), 0.276,  0.292,  0.307,  0.359,  0.397
  31  X12012511 (             --*--       |                        ), 0.203,  0.278,  0.307,  0.326,  0.378
  31  X11012711 (             --*---      |                        ), 0.246,  0.273,  0.308,  0.335,  0.389
  31  X12012611 (               *         |                        ), 0.149,  0.302,  0.309,  0.324,  0.330
  32  X01013410 (              -*         |                        ), 0.295,  0.295,  0.315,  0.315,  0.315
  33  X12013711 (               -*        |                        ), 0.304,  0.313,  0.322,  0.331,  0.351
  33  X01012610 (             ---*        |                        ), 0.274,  0.274,  0.337,  0.337,  0.337
  34  X01012310 (                -*       |                        ), 0.323,  0.323,  0.350,  0.350,  0.350
  35  X13013710 (                -*-      |                        ), 0.313,  0.336,  0.358,  0.376,  0.382
  36  X13012510 (                --*--    |                        ), 0.300,  0.329,  0.364,  0.383,  0.429
  36  X11013710 (                 -*--    |                        ), 0.286,  0.350,  0.368,  0.385,  0.424
  36  X13012310 (                --*---   |                        ), 0.292,  0.333,  0.370,  0.395,  0.441
  37  X12013310 (                 -*--    |                        ), 0.340,  0.352,  0.371,  0.403,  0.439
  38  X13012410 (                  *--    |                        ), 0.333,  0.364,  0.371,  0.407,  0.423
  38  X11012411 (              ----*--    |                        ), 0.242,  0.294,  0.372,  0.412,  0.436
  38  X13013410 (                 -*--    |                        ), 0.345,  0.360,  0.379,  0.388,  0.429
  38  X11013411 (                  -*     |                        ), 0.310,  0.363,  0.382,  0.398,  0.411
  38  X13012610 (                 --*     |                        ), 0.263,  0.353,  0.382,  0.388,  0.417
  38  X13013610 (                 --*-    |                        ), 0.325,  0.355,  0.382,  0.404,  0.440
  38  X11013611 (                ---*     |                        ), 0.307,  0.333,  0.383,  0.390,  0.408
  39  X12012310 (                 --*-    |                        ), 0.286,  0.347,  0.384,  0.413,  0.423
  40  X01012510 (               ----*     |                        ), 0.303,  0.303,  0.385,  0.385,  0.385
  41  X13013510 (                 --*-    |                        ), 0.328,  0.356,  0.385,  0.405,  0.435
  41  X11012610 (                  -*     |                        ), 0.265,  0.372,  0.385,  0.402,  0.411
  41  X13012710 (                  -*     |                        ), 0.304,  0.366,  0.385,  0.402,  0.413
  41  X12013410 (                  -*--   |                        ), 0.324,  0.374,  0.386,  0.408,  0.454
  41  X12012610 (                  -*-    |                        ), 0.335,  0.377,  0.387,  0.400,  0.430
  42  X11012710 (               ----*     |                        ), 0.199,  0.306,  0.387,  0.397,  0.404
  43  X12013610 (                  -*-    |                        ), 0.347,  0.375,  0.388,  0.409,  0.421
  43  X13013310 (                  -*     |                        ), 0.306,  0.373,  0.389,  0.402,  0.412
  43  X12013710 (                  -*-    |                        ), 0.353,  0.377,  0.392,  0.397,  0.425
  43  X12013510 (                  -*-    |                        ), 0.369,  0.376,  0.393,  0.402,  0.421
  43  X11013511 (                   *--   |                        ), 0.360,  0.381,  0.394,  0.419,  0.455
  43  X11013610 (                  -*-    |                        ), 0.317,  0.372,  0.394,  0.419,  0.434
  44  X12012410 (                   *---  |                        ), 0.274,  0.382,  0.395,  0.423,  0.473
  44  X12012710 (                  -*     |                        ), 0.336,  0.375,  0.397,  0.400,  0.416
  44  X12012510 (                   *-    |                        ), 0.326,  0.388,  0.400,  0.409,  0.433
  44  X11012410 (                 ---*    |                        ), 0.303,  0.356,  0.403,  0.427,  0.437
  45  X11002311 (                   -*    |                        ), 0.376,  0.387,  0.404,  0.413,  0.437
  46  X01013610 (            --------*    |                        ), 0.241,  0.241,  0.404,  0.404,  0.404
  47  X11012310 (               -----*-   |                        ), 0.084,  0.306,  0.404,  0.415,  0.451
  48  X11013310 (                   -*    |                        ), 0.360,  0.390,  0.404,  0.417,  0.425
  48  X11012510 (                 ---*    |                        ), 0.264,  0.357,  0.406,  0.414,  0.427
  49  X11013510 (                   -*    |                        ), 0.295,  0.400,  0.413,  0.426,  0.434
  49  X11013410 (                    *    |                        ), 0.389,  0.403,  0.413,  0.430,  0.439
  49  X11002310 (                   -*    |                        ), 0.364,  0.400,  0.413,  0.430,  0.436
  49  X11002301 (                   -*-   |                        ), 0.351,  0.400,  0.414,  0.419,  0.444
  50  X01012410 (          ----------*    |                        ), 0.214,  0.214,  0.415,  0.415,  0.415
