X11002301 0.041237113402061855 0.0 0.0 0.0 0.0 0.06315789473684211 0.021052631578947368 0.0 0.06122448979591836 0.0 0.29268292682926833 0.1981981981981982 0.0 0.15094339622641512 0.0 0.0 0.0 0.0 0.1320754716981132 0.04040404040404041
X11013410 0.6321243523316061 0.5882352941176471 0.6267281105990784 0.5337620578778135 0.5536723163841807 0.42469135802469143 0.6036036036036037 0.44755244755244755 0.5198237885462555 0.46551724137931033 0.6145833333333333 0.5704467353951891 0.6145833333333333 0.5193370165745856 0.6521739130434783 0.4907975460122699 0.4057971014492754 0.522875816993464 0.5523809523809524 0.5290322580645161
X11002310 0.5726141078838175 0.4791666666666667 0.5111111111111111 0.5151515151515152 0.53475935828877 0.45283018867924535 0.5422222222222223 0.5357142857142857 0.5533980582524273 0.5226130653266332 0.49438202247191015 0.5435897435897437 0.5538461538461538 0.5612244897959183 0.532608695652174 0.5073170731707317 0.55 0.5502645502645502 0.4891304347826087 0.5408163265306122
X12013610 0.38596491228070173 0.5737051792828685 0.625 0.03333333333333333 0.5207100591715976 0.5893719806763285 0.4982698961937716 0.5351170568561873 0.45077720207253885 0.5337837837837839 0.4583333333333333 0.6250000000000001 0.5752212389380531 0.5494505494505494 0.43456790123456795 0.6016260162601625 0.5951219512195122 0.6336633663366337 0.5692883895131087 0.4294478527607362
X11002310 0.4666666666666666 0.5251396648044694 0.5371428571428571 0.5263157894736842 0.4823529411764706 0.5053763440860215 0.5052631578947369 0.5771144278606966 0.5177664974619289 0.577319587628866 0.46052631578947373 0.5198237885462555 0.5287356321839081 0.4895833333333333 0.62 0.5604395604395604 0.45054945054945056 0.5028571428571429 0.5051546391752577 0.5527638190954773
X11012310 0.3837209302325581 0.4153498871331828 0.639269406392694 0.6261682242990654 0.6372549019607843 0.6037735849056605 0.17525773195876287 0.5914396887159533 0.6178010471204187 0.5962264150943397 0.6494845360824741 0.6133333333333334 0.6083650190114068 0.5317919075144509 0.5799256505576209 0.5842696629213483 0.5992217898832686 0.09125475285171103 0.6220095693779905 0.5979381443298969
X11012610 0.3870967741935484 0.4274809160305344 0.46719160104986873 0.49777777777777776 0.375 0.4935064935064935 0.557142857142857 0.46889952153110054 0.5928853754940712 0.4224137931034483 0.38274932614555257 0.6294416243654822 0.6023166023166022 0.5923076923076923 0.32996632996632996 0.5870646766169153 0.5242718446601942 0.6106194690265487 0.507645259938838 0.3087248322147651
X12013410 0.6321243523316061 0.021276595744680847 0.5521885521885522 0.6331658291457286 0.43749999999999994 0.5121951219512195 0.4755700325732899 0.6194690265486725 0.602510460251046 0.6304347826086957 0.09259259259259259 0.5416666666666666 0.4222222222222222 0.5953488372093023 0.6363636363636365 0.4931506849315068 0.5570469798657718 0.6024096385542168 0.582089552238806 0.5714285714285714
X11013310 0.5922330097087378 0.635593220338983 0.5903614457831325 0.46723646723646717 0.4702549575070822 0.4761904761904761 0.5811965811965811 0.5301204819277109 0.5591397849462365 0.6307053941908715 0.5333333333333332 0.5529953917050691 0.20370370370370372 0.631578947368421 0.6244343891402714 0.5952380952380952 0.5422535211267606 0.5086206896551724 0.5786802030456852 0.6262626262626263
X12012310 0.14285714285714285 0.0 0.04687500000000001 0.4018475750577367 0.6352941176470589 0.0 0.3141361256544502 0.5648148148148149 0.44919786096256686 0.08080808080808081 0.638095238095238 0.40816326530612246 0.5555555555555556 0.6443514644351465 0.12751677852348994 0.5907172995780591 0.65 0.6229508196721312 0.0 0.0
