X11002301 0.4 0.0 0.0 0.0 0.0 1.0 0.3333333333333333 0.0 0.5 0.0 0.5806451612903226 0.5789473684210527 0.0 0.5714285714285714 0.0 0.0 0.0 0.0 0.5 0.2857142857142857
X11013410 0.6039603960396039 0.6410256410256411 0.544 0.3789954337899543 0.5764705882352941 0.2747603833865815 0.5153846153846153 0.6274509803921569 0.43703703703703706 0.38571428571428573 0.59 0.41708542713567837 0.59 0.5280898876404494 0.6521739130434783 0.5633802816901409 0.30434782608695654 0.6557377049180327 0.4915254237288136 0.6507936507936508
X11002310 0.46308724832214765 0.46 0.5227272727272727 0.4811320754716981 0.5263157894736842 0.5373134328358209 0.45864661654135336 0.5921052631578947 0.5 0.48598130841121495 0.5116279069767442 0.5145631067961165 0.5242718446601942 0.5288461538461539 0.532608695652174 0.46017699115044247 0.5092592592592593 0.5360824742268041 0.4891304347826087 0.5096153846153846
X12013610 0.4177215189873418 0.4528301886792453 0.5603448275862069 0.07142857142857142 0.5714285714285714 0.5304347826086957 0.36548223350253806 0.3864734299516908 0.29591836734693877 0.3872549019607843 0.336734693877551 0.6 0.48507462686567165 0.4143646408839779 0.28115015974440893 0.4805194805194805 0.5398230088495575 0.5818181818181818 0.4342857142857143 0.29914529914529914
X11002310 0.4772727272727273 0.5402298850574713 0.5662650602409639 0.569620253164557 0.5256410256410257 0.5 0.4897959183673469 0.5321100917431193 0.4857142857142857 0.5490196078431373 0.5833333333333334 0.43703703703703706 0.5609756097560976 0.47 0.5740740740740741 0.5666666666666667 0.45555555555555555 0.5301204819277109 0.4803921568627451 0.514018691588785
X11012310 0.4125 0.2621082621082621 0.5511811023622047 0.5491803278688525 0.5803571428571429 0.5333333333333333 0.16666666666666666 0.46060606060606063 0.5959595959595959 0.45664739884393063 0.6176470588235294 0.518796992481203 0.4678362573099415 0.5679012345679012 0.4406779661016949 0.44571428571428573 0.4666666666666667 0.07017543859649122 0.5555555555555556 0.5686274509803921
X11012610 0.47619047619047616 0.27906976744186046 0.3079584775086505 0.42105263157894735 0.24074074074074073 0.41007194244604317 0.4148936170212766 0.4188034188034188 0.4658385093167702 0.35 0.25448028673835127 0.5904761904761905 0.46706586826347307 0.4583333333333333 0.23902439024390243 0.5412844036697247 0.47368421052631576 0.5149253731343284 0.35319148936170214 0.22330097087378642
X12013410 0.6039603960396039 0.5 0.4 0.5887850467289719 0.42 0.3559322033898305 0.3395348837209302 0.5223880597014925 0.4897959183673469 0.6304347826086957 0.3125 0.3979591836734694 0.2835820895522388 0.5203252032520326 0.5943396226415094 0.36 0.4029126213592233 0.47770700636942676 0.4431818181818182 0.5567010309278351
X11013310 0.5350877192982456 0.5208333333333334 0.6621621621621622 0.3166023166023166 0.31800766283524906 0.32075471698113206 0.4788732394366197 0.5945945945945946 0.5531914893617021 0.5100671140939598 0.5454545454545454 0.48 0.6875 0.5294117647058824 0.5348837209302325 0.46875 0.4010416666666667 0.42142857142857143 0.5428571428571428 0.5849056603773585
X12012310 0.11643835616438356 0.0 0.08333333333333333 0.25513196480938416 0.49693251533742333 0.0 0.30303030303030304 0.49193548387096775 0.2978723404255319 0.5714285714285714 0.5677966101694916 0.25787965616045844 0.4375 0.5238095238095238 0.09223300970873786 0.4827586206896552 0.6018518518518519 0.6263736263736264 0.0 0.0
