X11002301 0.021739130434782608 0.0 0.0 0.0 0.0 0.03260869565217391 0.010869565217391304 0.0 0.03260869565217391 0.0 0.1956521739130435 0.11956521739130435 0.0 0.08695652173913043 0.0 0.0 0.0 0.0 0.07608695652173914 0.021739130434782608
X11013410 0.6630434782608695 0.5434782608695652 0.7391304347826086 0.9021739130434783 0.532608695652174 0.9347826086956522 0.7282608695652174 0.34782608695652173 0.6413043478260869 0.5869565217391305 0.6413043478260869 0.9021739130434783 0.6413043478260869 0.5108695652173914 0.6521739130434783 0.43478260869565216 0.6086956521739131 0.43478260869565216 0.6304347826086957 0.44565217391304346
X11002310 0.75 0.5 0.5 0.5543478260869565 0.5434782608695652 0.391304347826087 0.6630434782608695 0.4891304347826087 0.6195652173913043 0.5652173913043478 0.4782608695652174 0.5760869565217391 0.5869565217391305 0.5978260869565217 0.532608695652174 0.5652173913043478 0.5978260869565217 0.5652173913043478 0.4891304347826087 0.5760869565217391
X12013610 0.358695652173913 0.782608695652174 0.7065217391304348 0.021739130434782608 0.4782608695652174 0.6630434782608695 0.782608695652174 0.8695652173913043 0.9456521739130435 0.8586956521739131 0.717391304347826 0.6521739130434783 0.7065217391304348 0.8152173913043478 0.9565217391304348 0.8043478260869565 0.6630434782608695 0.6956521739130435 0.8260869565217391 0.7608695652173914
X11002310 0.45652173913043476 0.5108695652173914 0.5108695652173914 0.4891304347826087 0.44565217391304346 0.5108695652173914 0.5217391304347826 0.6304347826086957 0.5543478260869565 0.6086956521739131 0.3804347826086957 0.6413043478260869 0.5 0.5108695652173914 0.6739130434782609 0.5543478260869565 0.44565217391304346 0.4782608695652174 0.532608695652174 0.5978260869565217
X11012310 0.358695652173913 1.0 0.7608695652173914 0.7282608695652174 0.7065217391304348 0.6956521739130435 0.18478260869565216 0.8260869565217391 0.6413043478260869 0.8586956521739131 0.6847826086956522 0.75 0.8695652173913043 0.5 0.8478260869565217 0.8478260869565217 0.8369565217391305 0.13043478260869565 0.7065217391304348 0.6304347826086957
X11012610 0.32608695652173914 0.9130434782608695 0.967391304347826 0.6086956521739131 0.8478260869565217 0.6195652173913043 0.8478260869565217 0.532608695652174 0.8152173913043478 0.532608695652174 0.7717391304347826 0.6739130434782609 0.8478260869565217 0.8369565217391305 0.532608695652174 0.6413043478260869 0.5869565217391305 0.75 0.9021739130434783 0.5
X12013410 0.6630434782608695 0.010869565217391304 0.8913043478260869 0.6847826086956522 0.45652173913043476 0.9130434782608695 0.7934782608695652 0.7608695652173914 0.782608695652174 0.6304347826086957 0.05434782608695652 0.8478260869565217 0.8260869565217391 0.6956521739130435 0.6847826086956522 0.782608695652174 0.9021739130434783 0.8152173913043478 0.8478260869565217 0.5869565217391305
X11013310 0.6630434782608695 0.8152173913043478 0.532608695652174 0.8913043478260869 0.9021739130434783 0.9239130434782609 0.7391304347826086 0.4782608695652174 0.5652173913043478 0.8260869565217391 0.5217391304347826 0.6521739130434783 0.11956521739130435 0.782608695652174 0.75 0.8152173913043478 0.8369565217391305 0.6413043478260869 0.6195652173913043 0.6739130434782609
X12012310 0.18478260869565216 0.0 0.03260869565217391 0.9456521739130435 0.8804347826086957 0.0 0.32608695652173914 0.6630434782608695 0.9130434782608695 0.043478260869565216 0.7282608695652174 0.9782608695652174 0.7608695652173914 0.8369565217391305 0.20652173913043478 0.7608695652173914 0.7065217391304348 0.6195652173913043 0.0 0.0
