X11002301 7.67664647102356 7.833192825317383 7.740424871444702 7.832961797714233 8.034669160842896 8.12009334564209 8.174835681915283 8.381759881973267 8.449236392974854 8.60158371925354 8.640695333480835 8.85371708869934 8.910102367401123 9.018481492996216 9.175716400146484 9.145851135253906 9.290673732757568 9.376372575759888 9.462218284606934 9.60312557220459
X11013410 10.682888269424438 10.741302251815796 10.740781784057617 10.900823831558228 11.055301427841187 11.154790163040161 11.346059322357178 11.272356033325195 11.465119123458862 11.5614755153656 11.669035911560059 11.734803199768066 11.876765966415405 12.0083749294281 12.098663330078125 12.273834466934204 12.307466745376587 12.388259649276733 12.49423623085022 12.630696535110474
X11002310 12.747504472732544 12.82848858833313 12.991941690444946 13.089581727981567 13.164351224899292 13.308604717254639 13.462181091308594 13.577876567840576 13.590009927749634 13.774250030517578 13.916780471801758 13.984775066375732 14.139879703521729 14.847577333450317 14.310635328292847 14.421453714370728 14.510702848434448 14.637407541275024 14.606209993362427 14.741462230682373
X12013610 15.37434720993042 15.531728506088257 15.613794088363647 15.754366874694824 15.91519570350647 16.01551604270935 16.16655445098877 16.261563301086426 16.386441469192505 16.43215775489807 16.629788398742676 16.70760703086853 16.831365823745728 17.037785053253174 17.09527587890625 17.278467178344727 17.347641944885254 17.478914499282837 17.822805404663086 17.754427909851074
X11002310 17.601113319396973 17.765515327453613 17.831358909606934 17.897916316986084 17.909870862960815 18.089343309402466 18.172812938690186 18.19858407974243 18.27107286453247 19.26877760887146 18.474226713180542 18.637373685836792 18.7122004032135 18.77221155166626 18.882967948913574 18.89950442314148 19.045884370803833 19.098612546920776 19.171944618225098 19.323341608047485
X11012310 19.48940873146057 19.51674485206604 19.65530776977539 19.801637887954712 20.026567459106445 20.12300729751587 20.16409921646118 20.341159105300903 20.345677852630615 20.563683032989502 20.6418719291687 20.750192403793335 20.944267511367798 20.939183712005615 20.99753761291504 21.11735701560974 21.219593048095703 21.261459589004517 21.377574920654297 21.54109525680542
X11012610 21.751994371414185 21.85701823234558 21.993759870529175 22.138738870620728 22.140048265457153 22.292800426483154 22.326226711273193 22.580425024032593 22.519816875457764 22.6737060546875 22.695678234100342 22.929665327072144 22.846880674362183 23.036338329315186 22.913856744766235 22.95233464241028 23.997421979904175 23.59079647064209 23.453988313674927 23.50981640815735
X12013410 24.005709648132324 24.168492078781128 24.153358697891235 24.10126256942749 24.207379579544067 24.442456245422363 24.66663670539856 24.8935444355011 25.0121967792511 25.128346920013428 25.161668062210083 25.45067596435547 25.46576499938965 25.585204124450684 25.50527548789978 25.718730688095093 25.45507526397705 25.5831937789917 25.604931116104126 25.7982497215271
X11013310 25.79569411277771 25.77726173400879 25.879217386245728 26.14448308944702 26.17341709136963 26.143625736236572 26.53182554244995 26.399109601974487 26.55151343345642 26.583016395568848 26.703867435455322 26.83003306388855 26.77318835258484 26.87935185432434 26.9720938205719 27.036858081817627 27.02207088470459 27.144410371780396 27.303420066833496 27.30655837059021
X12012310 27.842719793319702 27.799872159957886 27.934434413909912 28.040924072265625 28.14536476135254 28.261389017105103 28.264477491378784 29.658668756484985 28.730557918548584 28.913788557052612 28.960232496261597 29.009910583496094 29.016056537628174 29.482373237609863 29.373001098632812 29.453779220581055 29.503817796707153 29.59625816345215 29.656599521636963 29.72779631614685
