X13012310 0.538116591928251 0.538116591928251 0.538116591928251 0.538116591928251 0.5405405405405406 0.538116591928251 0.538116591928251 0.538116591928251 0.538116591928251 0.538116591928251 0.538116591928251 0.538116591928251 0.538116591928251 0.538116591928251 0.538116591928251 0.538116591928251 0.538116591928251 0.538116591928251 0.538116591928251 0.538116591928251
X12013310 0.538116591928251 0.538116591928251 0.5405405405405406 0.538116591928251 0.538116591928251 0.538116591928251 0.538116591928251 0.5339366515837104 0.5405405405405406 0.538116591928251 0.538116591928251 0.538116591928251 0.538116591928251 0.538116591928251 0.538116591928251 0.538116591928251 0.538116591928251 0.538116591928251 0.538116591928251 0.538116591928251
X13012410 0.538116591928251 0.538116591928251 0.538116591928251 0.538116591928251 0.5 0.5429864253393665 0.5248868778280542 0.538116591928251 0.538116591928251 0.538116591928251 0.538116591928251 0.538116591928251 0.538116591928251 0.538116591928251 0.538116591928251 0.538116591928251 0.538116591928251 0.538116591928251 0.538116591928251 0.538116591928251
X13013610 0.538116591928251 0.538116591928251 0.538116591928251 0.538116591928251 0.538116591928251 0.538116591928251 0.538116591928251 0.538116591928251 0.538116591928251 0.538116591928251 0.538116591928251 0.538116591928251 0.538116591928251 0.538116591928251 0.538116591928251 0.538116591928251 0.538116591928251 0.538116591928251 0.538116591928251 0.538116591928251
X12012310 0.5145631067961166 0.538116591928251 0.538116591928251 0.538116591928251 0.538116591928251 0.538116591928251 0.538116591928251 0.538116591928251 0.538116591928251 0.538116591928251 0.538116591928251 0.538116591928251 0.5174129353233831 0.538116591928251 0.538116591928251 0.538116591928251 0.538116591928251 0.538116591928251 0.538116591928251 0.538116591928251
X13013510 0.538116591928251 0.538116591928251 0.538116591928251 0.538116591928251 0.538116591928251 0.538116591928251 0.538116591928251 0.538116591928251 0.538116591928251 0.538116591928251 0.538116591928251 0.538116591928251 0.538116591928251 0.538116591928251 0.538116591928251 0.538116591928251 0.538116591928251 0.538116591928251 0.538116591928251 0.538116591928251
X11012610 0.538116591928251 0.538116591928251 0.538116591928251 0.538116591928251 0.4691358024691358 0.538116591928251 0.538116591928251 0.538116591928251 0.538116591928251 0.538116591928251 0.538116591928251 0.538116591928251 0.538116591928251 0.538116591928251 0.538116591928251 0.538116591928251 0.538116591928251 0.538116591928251 0.37837837837837834 0.5157894736842106
X13012710 0.538116591928251 0.538116591928251 0.538116591928251 0.538116591928251 0.538116591928251 0.538116591928251 0.538116591928251 0.538116591928251 0.538116591928251 0.5302325581395348 0.538116591928251 0.538116591928251 0.538116591928251 0.538116591928251 0.538116591928251 0.538116591928251 0.538116591928251 0.538116591928251 0.538116591928251 0.538116591928251
X12013410 0.538116591928251 0.538116591928251 0.538116591928251 0.538116591928251 0.538116591928251 0.538116591928251 0.538116591928251 0.538116591928251 0.538116591928251 0.538116591928251 0.538116591928251 0.538116591928251 0.538116591928251 0.5405405405405406 0.538116591928251 0.538116591928251 0.538116591928251 0.538116591928251 0.538116591928251 0.538116591928251
X12012610 0.538116591928251 0.538116591928251 0.538116591928251 0.538116591928251 0.538116591928251 0.538116591928251 0.538116591928251 0.538116591928251 0.538116591928251 0.538116591928251 0.538116591928251 0.538116591928251 0.538116591928251 0.538116591928251 0.538116591928251 0.538116591928251 0.538116591928251 0.538116591928251 0.538116591928251 0.538116591928251
X12013610 0.538116591928251 0.538116591928251 0.538116591928251 0.538116591928251 0.538116591928251 0.538116591928251 0.538116591928251 0.538116591928251 0.538116591928251 0.538116591928251 0.5315315315315315 0.5167464114832535 0.538116591928251 0.538116591928251 0.538116591928251 0.538116591928251 0.5272727272727272 0.538116591928251 0.538116591928251 0.538116591928251
X13013310 0.5373134328358209 0.538116591928251 0.538116591928251 0.538116591928251 0.5405405405405406 0.538116591928251 0.538116591928251 0.538116591928251 0.538116591928251 0.538116591928251 0.538116591928251 0.538116591928251 0.538116591928251 0.538116591928251 0.538116591928251 0.538116591928251 0.538116591928251 0.538116591928251 0.538116591928251 0.538116591928251
X12013710 0.538116591928251 0.538116591928251 0.538116591928251 0.538116591928251 0.538116591928251 0.538116591928251 0.538116591928251 0.538116591928251 0.538116591928251 0.538116591928251 0.538116591928251 0.538116591928251 0.538116591928251 0.538116591928251 0.538116591928251 0.538116591928251 0.538116591928251 0.538116591928251 0.538116591928251 0.538116591928251
X12013510 0.538116591928251 0.538116591928251 0.538116591928251 0.538116591928251 0.538116591928251 0.5490196078431373 0.538116591928251 0.538116591928251 0.538116591928251 0.538116591928251 0.538116591928251 0.538116591928251 0.538116591928251 0.538116591928251 0.538116591928251 0.538116591928251 0.538116591928251 0.538116591928251 0.538116591928251 0.538116591928251
X11013511 0.5315315315315315 0.538116591928251 0.5108695652173912 0.5213270142180095 0.5 0.5193370165745856 0.538116591928251 0.5365853658536586 0.538116591928251 0.538116591928251 0.5283018867924527 0.538116591928251 0.538116591928251 0.538116591928251 0.5104166666666666 0.5238095238095238 0.5161290322580645 0.5320197044334976 0.2298850574712644 0.5283018867924527
X11013610 0.538116591928251 0.538116591928251 0.538116591928251 0.538116591928251 0.538116591928251 0.538116591928251 0.538116591928251 0.51 0.538116591928251 0.5111111111111111 0.5402843601895735 0.538116591928251 0.538116591928251 0.538116591928251 0.538116591928251 0.5192307692307692 0.538116591928251 0.538116591928251 0.5327102803738318 0.5363636363636364
X12012410 0.538116591928251 0.538116591928251 0.538116591928251 0.538116591928251 0.538116591928251 0.538116591928251 0.538116591928251 0.538116591928251 0.538116591928251 0.538116591928251 0.538116591928251 0.538116591928251 0.5303867403314917 0.538116591928251 0.538116591928251 0.538116591928251 0.538116591928251 0.538116591928251 0.538116591928251 0.538116591928251
X12012710 0.538116591928251 0.538116591928251 0.538116591928251 0.538116591928251 0.538116591928251 0.538116591928251 0.538116591928251 0.538116591928251 0.538116591928251 0.538116591928251 0.538116591928251 0.538116591928251 0.538116591928251 0.538116591928251 0.538116591928251 0.538116591928251 0.538116591928251 0.538116591928251 0.538116591928251 0.538116591928251
X12012510 0.538116591928251 0.538116591928251 0.538116591928251 0.538116591928251 0.538116591928251 0.538116591928251 0.538116591928251 0.538116591928251 0.538116591928251 0.538116591928251 0.538116591928251 0.538116591928251 0.538116591928251 0.538116591928251 0.538116591928251 0.538116591928251 0.538116591928251 0.538116591928251 0.538116591928251 0.538116591928251
X11012410 0.42758620689655175 0.538116591928251 0.5437788018433181 0.538116591928251 0.538116591928251 0.538116591928251 0.538116591928251 0.538116591928251 0.538116591928251 0.538116591928251 0.5339366515837104 0.5339366515837104 0.4912280701754387 0.538116591928251 0.5024630541871921 0.538116591928251 0.538116591928251 0.538116591928251 0.538116591928251 0.538116591928251
X11002311 0.4767441860465116 0.5263157894736842 0.0 0.11764705882352941 0.5472636815920398 0.538116591928251 0.5102040816326531 0.514851485148515 0.5026178010471204 0.5550239234449761 0.5283018867924527 0.5388127853881278 0.5412844036697249 0.17948717948717952 0.03225806451612903 0.0 0.10810810810810811 0.08450704225352113 0.5388127853881278 0.5161290322580645
X11012310 0.538116591928251 0.538116591928251 0.538116591928251 0.538116591928251 0.538116591928251 0.538116591928251 0.538116591928251 0.538116591928251 0.5296803652968036 0.5339366515837104 0.5277777777777778 0.5339366515837104 0.538116591928251 0.538116591928251 0.538116591928251 0.538116591928251 0.538116591928251 0.5321100917431193 0.5352112676056339 0.4819277108433735
X11013310 0.5405405405405406 0.5346534653465346 0.5339366515837104 0.5405405405405406 0.538116591928251 0.538116591928251 0.538116591928251 0.5248868778280542 0.538116591928251 0.538116591928251 0.538116591928251 0.538116591928251 0.538116591928251 0.538116591928251 0.538116591928251 0.538116591928251 0.538116591928251 0.5405405405405406 0.538116591928251 0.538116591928251
X11012510 0.5076142131979696 0.538116591928251 0.49723756906077354 0.538116591928251 0.48235294117647054 0.538116591928251 0.538116591928251 0.538116591928251 0.538116591928251 0.5125628140703518 0.538116591928251 0.538116591928251 0.5339366515837104 0.538116591928251 0.538116591928251 0.538116591928251 0.5420560747663552 0.538116591928251 0.538116591928251 0.538116591928251
X11013510 0.538116591928251 0.538116591928251 0.538116591928251 0.5339366515837104 0.5339366515837104 0.538116591928251 0.5128205128205128 0.5405405405405406 0.538116591928251 0.5339366515837104 0.538116591928251 0.4615384615384616 0.538116591928251 0.538116591928251 0.538116591928251 0.538116591928251 0.538116591928251 0.538116591928251 0.5405405405405406 0.538116591928251
X11013410 0.538116591928251 0.5217391304347826 0.538116591928251 0.538116591928251 0.538116591928251 0.538116591928251 0.538116591928251 0.538116591928251 0.538116591928251 0.538116591928251 0.538116591928251 0.538116591928251 0.538116591928251 0.538116591928251 0.538116591928251 0.538116591928251 0.514851485148515 0.538116591928251 0.538116591928251 0.538116591928251
X11002310 0.5462962962962962 0.5299999999999999 0.5437788018433181 0.538116591928251 0.5566037735849056 0.538116591928251 0.538116591928251 0.5566037735849056 0.5365853658536586 0.5402843601895735 0.538116591928251 0.5488372093023256 0.5339366515837104 0.5514018691588786 0.538116591928251 0.538116591928251 0.524271844660194 0.538116591928251 0.538116591928251 0.5463414634146341
X11002301 0.520408163265306 0.46327683615819215 0.2564102564102564 0.5027932960893855 0.4523809523809524 0.0 0.031746031746031744 0.5240641711229946 0.0 0.48387096774193544 0.0 0.441717791411043 0.05970149253731343 0.41071428571428575 0.4678362573099415 0.5373134328358209 0.03125 0.0606060606060606 0.14457831325301204 0.4645161290322581
X13002310 0.5482233502538071 0.5057471264367815 0.5345622119815667 0.5326633165829145 0.5514018691588786 0.526829268292683 0.49696969696969706 0.5363128491620112 0.5472636815920398 0.5240641711229946 0.53551912568306 0.5595854922279793 0.538116591928251 0.485207100591716 0.5363636363636364 0.48809523809523814 0.5164835164835164 0.5283018867924527 0.4550898203592814 0.5480769230769231
