X13012310 0.36809815950920244 0.36809815950920244 0.36809815950920244 0.36809815950920244 0.37037037037037035 0.36809815950920244 0.36809815950920244 0.36809815950920244 0.36809815950920244 0.36809815950920244 0.36809815950920244 0.36809815950920244 0.36809815950920244 0.36809815950920244 0.36809815950920244 0.36809815950920244 0.36809815950920244 0.36809815950920244 0.36809815950920244 0.36809815950920244
X12013310 0.36809815950920244 0.36809815950920244 0.37037037037037035 0.36809815950920244 0.36809815950920244 0.36809815950920244 0.36809815950920244 0.36645962732919257 0.37037037037037035 0.36809815950920244 0.36809815950920244 0.36809815950920244 0.36809815950920244 0.36809815950920244 0.36809815950920244 0.36809815950920244 0.36809815950920244 0.36809815950920244 0.36809815950920244 0.36809815950920244
X13012410 0.36809815950920244 0.36809815950920244 0.36809815950920244 0.36809815950920244 0.3602941176470588 0.37267080745341613 0.36024844720496896 0.36809815950920244 0.36809815950920244 0.36809815950920244 0.36809815950920244 0.36809815950920244 0.36809815950920244 0.36809815950920244 0.36809815950920244 0.36809815950920244 0.36809815950920244 0.36809815950920244 0.36809815950920244 0.36809815950920244
X13013610 0.36809815950920244 0.36809815950920244 0.36809815950920244 0.36809815950920244 0.36809815950920244 0.36809815950920244 0.36809815950920244 0.36809815950920244 0.36809815950920244 0.36809815950920244 0.36809815950920244 0.36809815950920244 0.36809815950920244 0.36809815950920244 0.36809815950920244 0.36809815950920244 0.36809815950920244 0.36809815950920244 0.36809815950920244 0.36809815950920244
X12012310 0.363013698630137 0.36809815950920244 0.36809815950920244 0.36809815950920244 0.36809815950920244 0.36809815950920244 0.36809815950920244 0.36809815950920244 0.36809815950920244 0.36809815950920244 0.36809815950920244 0.36809815950920244 0.36879432624113473 0.36809815950920244 0.36809815950920244 0.36809815950920244 0.36809815950920244 0.36809815950920244 0.36809815950920244 0.36809815950920244
X13013510 0.36809815950920244 0.36809815950920244 0.36809815950920244 0.36809815950920244 0.36809815950920244 0.36809815950920244 0.36809815950920244 0.36809815950920244 0.36809815950920244 0.36809815950920244 0.36809815950920244 0.36809815950920244 0.36809815950920244 0.36809815950920244 0.36809815950920244 0.36809815950920244 0.36809815950920244 0.36809815950920244 0.36809815950920244 0.36809815950920244
X11012610 0.36809815950920244 0.36809815950920244 0.36809815950920244 0.36809815950920244 0.37254901960784315 0.36809815950920244 0.36809815950920244 0.36809815950920244 0.36809815950920244 0.36809815950920244 0.36809815950920244 0.36809815950920244 0.36809815950920244 0.36809815950920244 0.36809815950920244 0.36809815950920244 0.36809815950920244 0.36809815950920244 0.4117647058823529 0.3769230769230769
X13012710 0.36809815950920244 0.36809815950920244 0.36809815950920244 0.36809815950920244 0.36809815950920244 0.36809815950920244 0.36809815950920244 0.36809815950920244 0.36809815950920244 0.36774193548387096 0.36809815950920244 0.36809815950920244 0.36809815950920244 0.36809815950920244 0.36809815950920244 0.36809815950920244 0.36809815950920244 0.36809815950920244 0.36809815950920244 0.36809815950920244
X12013410 0.36809815950920244 0.36809815950920244 0.36809815950920244 0.36809815950920244 0.36809815950920244 0.36809815950920244 0.36809815950920244 0.36809815950920244 0.36809815950920244 0.36809815950920244 0.36809815950920244 0.36809815950920244 0.36809815950920244 0.37037037037037035 0.36809815950920244 0.36809815950920244 0.36809815950920244 0.36809815950920244 0.36809815950920244 0.36809815950920244
X12012610 0.36809815950920244 0.36809815950920244 0.36809815950920244 0.36809815950920244 0.36809815950920244 0.36809815950920244 0.36809815950920244 0.36809815950920244 0.36809815950920244 0.36809815950920244 0.36809815950920244 0.36809815950920244 0.36809815950920244 0.36809815950920244 0.36809815950920244 0.36809815950920244 0.36809815950920244 0.36809815950920244 0.36809815950920244 0.36809815950920244
X12013610 0.36809815950920244 0.36809815950920244 0.36809815950920244 0.36809815950920244 0.36809815950920244 0.36809815950920244 0.36809815950920244 0.36809815950920244 0.36809815950920244 0.36809815950920244 0.36419753086419754 0.3624161073825503 0.36809815950920244 0.36809815950920244 0.36809815950920244 0.36809815950920244 0.3625 0.36809815950920244 0.36809815950920244 0.36809815950920244
X13013310 0.3829787234042553 0.36809815950920244 0.36809815950920244 0.36809815950920244 0.37037037037037035 0.36809815950920244 0.36809815950920244 0.36809815950920244 0.36809815950920244 0.36809815950920244 0.36809815950920244 0.36809815950920244 0.36809815950920244 0.36809815950920244 0.36809815950920244 0.36809815950920244 0.36809815950920244 0.36809815950920244 0.36809815950920244 0.36809815950920244
X12013710 0.36809815950920244 0.36809815950920244 0.36809815950920244 0.36809815950920244 0.36809815950920244 0.36809815950920244 0.36809815950920244 0.36809815950920244 0.36809815950920244 0.36809815950920244 0.36809815950920244 0.36809815950920244 0.36809815950920244 0.36809815950920244 0.36809815950920244 0.36809815950920244 0.36809815950920244 0.36809815950920244 0.36809815950920244 0.36809815950920244
X12013510 0.36809815950920244 0.36809815950920244 0.36809815950920244 0.36809815950920244 0.36809815950920244 0.3888888888888889 0.36809815950920244 0.36809815950920244 0.36809815950920244 0.36809815950920244 0.36809815950920244 0.36809815950920244 0.36809815950920244 0.36809815950920244 0.36809815950920244 0.36809815950920244 0.36809815950920244 0.36809815950920244 0.36809815950920244 0.36809815950920244
X11013511 0.36419753086419754 0.36809815950920244 0.3790322580645161 0.36423841059602646 0.3602941176470588 0.3884297520661157 0.36809815950920244 0.3793103448275862 0.36809815950920244 0.36809815950920244 0.3684210526315789 0.36809815950920244 0.36809815950920244 0.36809815950920244 0.3712121212121212 0.36666666666666664 0.35668789808917195 0.3776223776223776 0.37037037037037035 0.3684210526315789
X11013610 0.36809815950920244 0.36809815950920244 0.36809815950920244 0.36809815950920244 0.36809815950920244 0.36809815950920244 0.36809815950920244 0.36428571428571427 0.36809815950920244 0.38333333333333336 0.37748344370860926 0.36809815950920244 0.36809815950920244 0.36809815950920244 0.36809815950920244 0.36486486486486486 0.36809815950920244 0.36809815950920244 0.37012987012987014 0.36875
X12012410 0.36809815950920244 0.36809815950920244 0.36809815950920244 0.36809815950920244 0.36809815950920244 0.36809815950920244 0.36809815950920244 0.36809815950920244 0.36809815950920244 0.36809815950920244 0.36809815950920244 0.36809815950920244 0.39669421487603307 0.36809815950920244 0.36809815950920244 0.36809815950920244 0.36809815950920244 0.36809815950920244 0.36809815950920244 0.36809815950920244
X12012710 0.36809815950920244 0.36809815950920244 0.36809815950920244 0.36809815950920244 0.36809815950920244 0.36809815950920244 0.36809815950920244 0.36809815950920244 0.36809815950920244 0.36809815950920244 0.36809815950920244 0.36809815950920244 0.36809815950920244 0.36809815950920244 0.36809815950920244 0.36809815950920244 0.36809815950920244 0.36809815950920244 0.36809815950920244 0.36809815950920244
X12012510 0.36809815950920244 0.36809815950920244 0.36809815950920244 0.36809815950920244 0.36809815950920244 0.36809815950920244 0.36809815950920244 0.36809815950920244 0.36809815950920244 0.36809815950920244 0.36809815950920244 0.36809815950920244 0.36809815950920244 0.36809815950920244 0.36809815950920244 0.36809815950920244 0.36809815950920244 0.36809815950920244 0.36809815950920244 0.36809815950920244
X11012410 0.36470588235294116 0.36809815950920244 0.37579617834394907 0.36809815950920244 0.36809815950920244 0.36809815950920244 0.36809815950920244 0.36809815950920244 0.36809815950920244 0.36809815950920244 0.36645962732919257 0.36645962732919257 0.3783783783783784 0.36809815950920244 0.35664335664335667 0.36809815950920244 0.36809815950920244 0.36809815950920244 0.36809815950920244 0.36809815950920244
X11002311 0.36607142857142855 0.38461538461538464 0.0 0.5 0.3900709219858156 0.36809815950920244 0.36764705882352944 0.36619718309859156 0.366412213740458 0.38926174496644295 0.3684210526315789 0.3710691823899371 0.37341772151898733 0.3888888888888889 0.5 0.0 0.2857142857142857 0.2727272727272727 0.3710691823899371 0.38095238095238093
X11012310 0.36809815950920244 0.36809815950920244 0.36809815950920244 0.36809815950920244 0.36809815950920244 0.36809815950920244 0.36809815950920244 0.36809815950920244 0.36477987421383645 0.36645962732919257 0.36538461538461536 0.36645962732919257 0.36809815950920244 0.36809815950920244 0.36809815950920244 0.36809815950920244 0.36809815950920244 0.3670886075949367 0.37254901960784315 0.37735849056603776
X11013310 0.37037037037037035 0.38028169014084506 0.36645962732919257 0.37037037037037035 0.36809815950920244 0.36809815950920244 0.36809815950920244 0.36024844720496896 0.36809815950920244 0.36809815950920244 0.36809815950920244 0.36809815950920244 0.36809815950920244 0.36809815950920244 0.36809815950920244 0.36809815950920244 0.36809815950920244 0.37037037037037035 0.36809815950920244 0.36809815950920244
X11012510 0.36496350364963503 0.36809815950920244 0.371900826446281 0.36809815950920244 0.37272727272727274 0.36809815950920244 0.36809815950920244 0.36809815950920244 0.36809815950920244 0.3669064748201439 0.36809815950920244 0.36809815950920244 0.36645962732919257 0.36809815950920244 0.36809815950920244 0.36809815950920244 0.37662337662337664 0.36809815950920244 0.36809815950920244 0.36809815950920244
X11013510 0.36809815950920244 0.36809815950920244 0.36809815950920244 0.36645962732919257 0.36645962732919257 0.36809815950920244 0.37037037037037035 0.37037037037037035 0.36809815950920244 0.36645962732919257 0.36809815950920244 0.3577981651376147 0.36809815950920244 0.36809815950920244 0.36809815950920244 0.36809815950920244 0.36809815950920244 0.36809815950920244 0.37037037037037035 0.36809815950920244
X11013410 0.36809815950920244 0.3673469387755102 0.36809815950920244 0.36809815950920244 0.36809815950920244 0.36809815950920244 0.36809815950920244 0.36809815950920244 0.36809815950920244 0.36809815950920244 0.36809815950920244 0.36809815950920244 0.36809815950920244 0.36809815950920244 0.36809815950920244 0.36809815950920244 0.36619718309859156 0.36809815950920244 0.36809815950920244 0.36809815950920244
X11002310 0.3782051282051282 0.37857142857142856 0.37579617834394907 0.36809815950920244 0.3881578947368421 0.36809815950920244 0.36809815950920244 0.3881578947368421 0.3793103448275862 0.37748344370860926 0.36809815950920244 0.38064516129032255 0.36645962732919257 0.38311688311688313 0.36809815950920244 0.36809815950920244 0.3698630136986301 0.36809815950920244 0.36809815950920244 0.38620689655172413
X11002301 0.375 0.3504273504273504 0.5555555555555556 0.37815126050420167 0.35185185185185186 0.0 0.3333333333333333 0.3858267716535433 0.0 0.35714285714285715 0.0 0.34951456310679613 0.2857142857142857 0.4423076923076923 0.36036036036036034 0.3829787234042553 0.25 0.3333333333333333 0.2608695652173913 0.37894736842105264
X13002310 0.39416058394160586 0.38596491228070173 0.36942675159235666 0.381294964028777 0.38311688311688313 0.3724137931034483 0.3904761904761905 0.40336134453781514 0.3900709219858156 0.3858267716535433 0.3983739837398374 0.40601503759398494 0.36809815950920244 0.3761467889908257 0.36875 0.37962962962962965 0.38524590163934425 0.3684210526315789 0.35514018691588783 0.38513513513513514
