X13012310 1.0 1.0 1.0 1.0 1.0 1.0 1.0 1.0 1.0 1.0 1.0 1.0 1.0 1.0 1.0 1.0 1.0 1.0 1.0 1.0
X12013310 1.0 1.0 1.0 1.0 1.0 1.0 1.0 0.9833333333333333 1.0 1.0 1.0 1.0 1.0 1.0 1.0 1.0 1.0 1.0 1.0 1.0
X13012410 1.0 1.0 1.0 1.0 0.8166666666666667 1.0 0.9666666666666667 1.0 1.0 1.0 1.0 1.0 1.0 1.0 1.0 1.0 1.0 1.0 1.0 1.0
X13013610 1.0 1.0 1.0 1.0 1.0 1.0 1.0 1.0 1.0 1.0 1.0 1.0 1.0 1.0 1.0 1.0 1.0 1.0 1.0 1.0
X12012310 0.8833333333333333 1.0 1.0 1.0 1.0 1.0 1.0 1.0 1.0 1.0 1.0 1.0 0.8666666666666667 1.0 1.0 1.0 1.0 1.0 1.0 1.0
X13013510 1.0 1.0 1.0 1.0 1.0 1.0 1.0 1.0 1.0 1.0 1.0 1.0 1.0 1.0 1.0 1.0 1.0 1.0 1.0 1.0
X11012610 1.0 1.0 1.0 1.0 0.6333333333333333 1.0 1.0 1.0 1.0 1.0 1.0 1.0 1.0 1.0 1.0 1.0 1.0 1.0 0.35 0.8166666666666667
X13012710 1.0 1.0 1.0 1.0 1.0 1.0 1.0 1.0 1.0 0.95 1.0 1.0 1.0 1.0 1.0 1.0 1.0 1.0 1.0 1.0
X12013410 1.0 1.0 1.0 1.0 1.0 1.0 1.0 1.0 1.0 1.0 1.0 1.0 1.0 1.0 1.0 1.0 1.0 1.0 1.0 1.0
X12012610 1.0 1.0 1.0 1.0 1.0 1.0 1.0 1.0 1.0 1.0 1.0 1.0 1.0 1.0 1.0 1.0 1.0 1.0 1.0 1.0
X12013610 1.0 1.0 1.0 1.0 1.0 1.0 1.0 1.0 1.0 1.0 0.9833333333333333 0.9 1.0 1.0 1.0 1.0 0.9666666666666667 1.0 1.0 1.0
X13013310 0.9 1.0 1.0 1.0 1.0 1.0 1.0 1.0 1.0 1.0 1.0 1.0 1.0 1.0 1.0 1.0 1.0 1.0 1.0 1.0
X12013710 1.0 1.0 1.0 1.0 1.0 1.0 1.0 1.0 1.0 1.0 1.0 1.0 1.0 1.0 1.0 1.0 1.0 1.0 1.0 1.0
X12013510 1.0 1.0 1.0 1.0 1.0 0.9333333333333333 1.0 1.0 1.0 1.0 1.0 1.0 1.0 1.0 1.0 1.0 1.0 1.0 1.0 1.0
X11013511 0.9833333333333333 1.0 0.7833333333333333 0.9166666666666666 0.8166666666666667 0.7833333333333333 1.0 0.9166666666666666 1.0 1.0 0.9333333333333333 1.0 1.0 1.0 0.8166666666666667 0.9166666666666666 0.9333333333333333 0.9 0.16666666666666666 0.9333333333333333
X11013610 1.0 1.0 1.0 1.0 1.0 1.0 1.0 0.85 1.0 0.7666666666666667 0.95 1.0 1.0 1.0 1.0 0.9 1.0 1.0 0.95 0.9833333333333333
X12012410 1.0 1.0 1.0 1.0 1.0 1.0 1.0 1.0 1.0 1.0 1.0 1.0 0.8 1.0 1.0 1.0 1.0 1.0 1.0 1.0
X12012710 1.0 1.0 1.0 1.0 1.0 1.0 1.0 1.0 1.0 1.0 1.0 1.0 1.0 1.0 1.0 1.0 1.0 1.0 1.0 1.0
X12012510 1.0 1.0 1.0 1.0 1.0 1.0 1.0 1.0 1.0 1.0 1.0 1.0 1.0 1.0 1.0 1.0 1.0 1.0 1.0 1.0
X11012410 0.5166666666666667 1.0 0.9833333333333333 1.0 1.0 1.0 1.0 1.0 1.0 1.0 0.9833333333333333 0.9833333333333333 0.7 1.0 0.85 1.0 1.0 1.0 1.0 1.0
X11002311 0.6833333333333333 0.8333333333333334 0.0 0.06666666666666667 0.9166666666666666 1.0 0.8333333333333334 0.8666666666666667 0.8 0.9666666666666667 0.9333333333333333 0.9833333333333333 0.9833333333333333 0.11666666666666667 0.016666666666666666 0.0 0.06666666666666667 0.05 0.9833333333333333 0.8
X11012310 1.0 1.0 1.0 1.0 1.0 1.0 1.0 1.0 0.9666666666666667 0.9833333333333333 0.95 0.9833333333333333 1.0 1.0 1.0 1.0 1.0 0.9666666666666667 0.95 0.6666666666666666
X11013310 1.0 0.9 0.9833333333333333 1.0 1.0 1.0 1.0 0.9666666666666667 1.0 1.0 1.0 1.0 1.0 1.0 1.0 1.0 1.0 1.0 1.0 1.0
X11012510 0.8333333333333334 1.0 0.75 1.0 0.6833333333333333 1.0 1.0 1.0 1.0 0.85 1.0 1.0 0.9833333333333333 1.0 1.0 1.0 0.9666666666666667 1.0 1.0 1.0
X11013510 1.0 1.0 1.0 0.9833333333333333 0.9833333333333333 1.0 0.8333333333333334 1.0 1.0 0.9833333333333333 1.0 0.65 1.0 1.0 1.0 1.0 1.0 1.0 1.0 1.0
X11013410 1.0 0.9 1.0 1.0 1.0 1.0 1.0 1.0 1.0 1.0 1.0 1.0 1.0 1.0 1.0 1.0 0.8666666666666667 1.0 1.0 1.0
X11002310 0.9833333333333333 0.8833333333333333 0.9833333333333333 1.0 0.9833333333333333 1.0 1.0 0.9833333333333333 0.9166666666666666 0.95 1.0 0.9833333333333333 0.9833333333333333 0.9833333333333333 1.0 1.0 0.9 1.0 1.0 0.9333333333333333
X11002301 0.85 0.6833333333333333 0.16666666666666666 0.75 0.6333333333333333 0.0 0.016666666666666666 0.8166666666666667 0.0 0.75 0.0 0.6 0.03333333333333333 0.38333333333333336 0.6666666666666666 0.9 0.016666666666666666 0.03333333333333333 0.1 0.6
X13002310 0.9 0.7333333333333333 0.9666666666666667 0.8833333333333333 0.9833333333333333 0.9 0.6833333333333333 0.8 0.9166666666666666 0.8166666666666667 0.8166666666666667 0.9 1.0 0.6833333333333333 0.9833333333333333 0.6833333333333333 0.7833333333333333 0.9333333333333333 0.6333333333333333 0.95
