   1  X11002301 (   -------------------*--|                        ), 0.000,  0.061,  0.442,  0.468,  0.524
   1  X11002311 (        -----------------*-                       ), 0.032,  0.179,  0.515,  0.538,  0.547
   2  X11013511 (                         |*                       ), 0.510,  0.521,  0.532,  0.538,  0.538
   2  X13002310 (                         |*                       ), 0.488,  0.524,  0.535,  0.538,  0.551
   3  X13012310 (                         |*                       ), 0.538,  0.538,  0.538,  0.538,  0.538
   3  X12013310 (                         |*                       ), 0.538,  0.538,  0.538,  0.538,  0.541
   3  X13012410 (                         |*                       ), 0.538,  0.538,  0.538,  0.538,  0.538
   3  X13013610 (                         |*                       ), 0.538,  0.538,  0.538,  0.538,  0.538
   3  X12012310 (                         |*                       ), 0.538,  0.538,  0.538,  0.538,  0.538
   3  X13013510 (                         |*                       ), 0.538,  0.538,  0.538,  0.538,  0.538
   3  X11012610 (                         |*                       ), 0.516,  0.538,  0.538,  0.538,  0.538
   3  X13012710 (                         |*                       ), 0.538,  0.538,  0.538,  0.538,  0.538
   3  X12013410 (                         |*                       ), 0.538,  0.538,  0.538,  0.538,  0.538
   3  X12012610 (                         |*                       ), 0.538,  0.538,  0.538,  0.538,  0.538
   3  X12013610 (                         |*                       ), 0.532,  0.538,  0.538,  0.538,  0.538
   3  X13013310 (                         |*                       ), 0.538,  0.538,  0.538,  0.538,  0.538
   3  X12013710 (                         |*                       ), 0.538,  0.538,  0.538,  0.538,  0.538
   3  X12013510 (                         |*                       ), 0.538,  0.538,  0.538,  0.538,  0.538
   3  X11013610 (                         |*                       ), 0.519,  0.538,  0.538,  0.538,  0.538
   3  X12012410 (                         |*                       ), 0.538,  0.538,  0.538,  0.538,  0.538
   3  X12012710 (                         |*                       ), 0.538,  0.538,  0.538,  0.538,  0.538
   3  X12012510 (                         |*                       ), 0.538,  0.538,  0.538,  0.538,  0.538
   3  X11012410 (                         |*                       ), 0.502,  0.538,  0.538,  0.538,  0.538
   3  X11012310 (                         |*                       ), 0.530,  0.535,  0.538,  0.538,  0.538
   3  X11013310 (                         |*                       ), 0.535,  0.538,  0.538,  0.538,  0.541
   3  X11012510 (                         |*                       ), 0.508,  0.538,  0.538,  0.538,  0.538
   3  X11013510 (                         |*                       ), 0.534,  0.538,  0.538,  0.538,  0.541
   3  X11013410 (                         |*                       ), 0.538,  0.538,  0.538,  0.538,  0.538
   3  X11002310 (                         |*                       ), 0.534,  0.538,  0.538,  0.546,  0.557
