X11002301 0.7768924302788844 0.7181628392484342 0.7027027027027027 0.2949640287769784 0.7686116700201208 0.22568093385214008 0.13991769547325103 0.2792452830188679 0.7050997782705101 0.1572052401746725 0.7510040160642569 0.44794952681388017 0.753968253968254 0.718562874251497 0.0751173708920188 0.7435387673956263 0.7519999999999999 0.7519685039370079 0.18106995884773663 0.24905660377358488
X11013410 0.50814332247557 0.5488126649076517 0.5064935064935064 0.6420824295010845 0.6960556844547564 0.5488958990536278 0.6021505376344086 0.5647668393782384 0.6984815618221258 0.3773584905660378 0.517948717948718 0.038461538461538464 0.52 0.5943152454780362 0.7233115468409586 0.4971751412429378 0.5590778097982709 0.6940451745379876 0.5 0.2230769230769231
X11002310 0.6584158415841583 0.4210526315789474 0.5714285714285714 0.6229508196721312 0.608695652173913 0.5828220858895706 0.6541554959785523 0.6233766233766234 0.6310160427807485 0.5959885386819485 0.6393442622950819 0.6210826210826211 0.6649999999999999 0.6032608695652174 0.5246913580246915 0.5552238805970149 0.625 0.6352357320099256 0.6260869565217391 0.6201117318435755
X12013610 0.2889733840304182 0.34944237918215615 0.5522788203753352 0.2890625 0.1415929203539823 0.38783269961977185 0.5015873015873016 0.5329512893982807 0.06306306306306306 0.36363636363636365 0.7476979742173112 0.6229508196721311 0.5625 0.7142857142857143 0.3496503496503497 0.684326710816777 0.49504950495049516 0.5245098039215687 0.5464788732394366 0.553935860058309
X11002310 0.7160493827160495 0.6747572815533981 0.6808510638297872 0.5361445783132531 0.6733668341708542 0.7011764705882353 0.6326530612244898 0.5329341317365269 0.6574585635359116 0.6138107416879797 0.6983372921615202 0.5966850828729281 0.6005361930294906 0.711943793911007 0.6243093922651933 0.6797066014669927 0.5776566757493188 0.6551724137931034 0.7111111111111111 0.6530612244897959
X11012310 0.6406570841889117 0.43452380952380953 0.6857142857142857 0.676056338028169 0.5909090909090909 0.7284482758620688 0.26714801444043323 0.6563192904656321 0.67420814479638 0.42214532871972316 0.6801801801801802 0.13793103448275862 0.07305936073059362 0.01932367149758454 0.6867749419953596 0.4242424242424243 0.7215189873417722 0.7346072186836519 0.6228710462287105 0.6958762886597938
X11012610 0.3496503496503497 0.7227533460803058 0.056338028169014086 0.6442307692307692 0.63 0.6713615023474179 0.2775800711743772 0.6975717439293598 0.3464052287581699 0.6651685393258426 0.6681614349775785 0.6173469387755103 0.7196819085487078 0.40483383685800606 0.7004219409282701 0.5585585585585585 0.654945054945055 0.6206896551724138 0.34364261168384885 0.5917808219178082
X12013410 0.6036036036036035 0.5194805194805195 0.64 0.540192926045016 0.3728813559322034 0.40740740740740733 0.5855072463768116 0.27906976744186046 0.6185567010309279 0.5409836065573771 0.4673539518900343 0.6494623655913978 0.7170626349892008 0.4246575342465754 0.31325301204819284 0.39354838709677425 0.299625468164794 0.6292134831460675 0.15789473684210528 0.4485981308411215
X11013310 0.13698630136986303 0.4320987654320988 0.5343511450381679 0.6136986301369863 0.5058823529411764 0.45217391304347826 0.6666666666666666 0.5098039215686275 0.7203219315895373 0.6822429906542056 0.5531914893617021 0.5359116022099448 0.718816067653277 0.4733727810650888 0.6004618937644342 0.6094808126410836 0.5362776025236593 0.5974025974025974 0.42176870748299317 0.4289855072463768
X12012310 0.3046357615894039 0.7004219409282701 0.2786885245901639 0.7337057728119181 0.4966887417218543 0.6482758620689655 0.13333333333333333 0.23829787234042552 0.596949891067538 0.40569395017793597 0.6448979591836735 0.7425373134328359 0.5414012738853502 0.47094801223241584 0.41379310344827586 0.697495183044316 0.5898876404494382 0.30935251798561153 0.7476979742173112 0.5161290322580644
X13002310 0.6243093922651933 0.6312997347480107 0.5919540229885057 0.6828087167070218 0.7149321266968326 0.6388888888888888 0.682051282051282 0.6925064599483204 0.6481994459833795 0.6713286713286712 0.6666666666666666 0.6541554959785523 0.6650246305418719 0.6968325791855203 0.673469387755102 0.6128133704735376 0.6783042394014961 0.7149532710280374 0.5994236311239194 0.5630498533724341
