X11002301 0.6521739130434783 0.6231884057971014 0.6079136690647482 0.5466666666666666 0.6496598639455783 0.5370370370370371 0.425 0.5967741935483871 0.6411290322580645 0.6923076923076923 0.6338983050847458 0.6228070175438597 0.6312292358803987 0.6040268456375839 0.8 0.6233333333333333 0.632996632996633 0.6262295081967213 0.55 0.532258064516129
X11013410 0.75 0.5909090909090909 0.7428571428571429 0.5736434108527132 0.6578947368421053 0.7631578947368421 0.6627218934911243 0.5956284153005464 0.624031007751938 0.5217391304347826 0.5401069518716578 0.8 0.6190476190476191 0.625 0.6484375 0.5827814569536424 0.6736111111111112 0.5950704225352113 0.656 0.5087719298245614
X11002310 0.6616915422885572 0.6336633663366337 0.6802721088435374 0.6993865030674846 0.6787878787878788 0.7723577235772358 0.7176470588235294 0.6593406593406593 0.6900584795321637 0.7123287671232876 0.7177914110429447 0.7364864864864865 0.6751269035532995 0.6727272727272727 0.7024793388429752 0.7045454545454546 0.7894736842105263 0.64 0.7605633802816901 0.7161290322580646
X12013610 0.6333333333333333 0.7121212121212122 0.6058823529411764 0.6981132075471698 0.6956521739130435 0.85 0.7053571428571429 0.636986301369863 0.3684210526315789 0.6265060240963856 0.5970588235294118 0.59375 0.5492957746478874 0.637065637065637 0.6024096385542169 0.62 0.75 0.5219512195121951 0.6381578947368421 0.6785714285714286
X11002310 0.7178217821782178 0.6650717703349283 0.6545454545454545 0.689922480620155 0.6871794871794872 0.6711711711711712 0.656084656084656 0.6793893129770993 0.7484276729559748 0.6382978723404256 0.6743119266055045 0.6792452830188679 0.6588235294117647 0.6785714285714286 0.710691823899371 0.6747572815533981 0.6463414634146342 0.6551724137931034 0.7128712871287128 0.6772486772486772
X11012310 0.5492957746478874 0.5488721804511278 0.6190476190476191 0.5714285714285714 0.6062176165803109 0.6475095785440613 0.5 0.5967741935483871 0.6234309623430963 0.7093023255813954 0.6265560165975104 0.5517241379310345 0.5 0.5 0.6491228070175439 0.6702127659574468 0.6309963099630996 0.6455223880597015 0.6153846153846154 0.7297297297297297
X11012610 0.6024096385542169 0.590625 0.6 0.6291079812206573 0.6395939086294417 0.6412556053811659 0.5 0.632 0.5145631067961165 0.6115702479338843 0.6131687242798354 0.6402116402116402 0.6033333333333334 0.5234375 0.6125461254612546 0.7153846153846154 0.5912698412698413 0.6206896551724138 0.5681818181818182 0.6666666666666666
X12013410 0.5560165975103735 0.7619047619047619 0.5588235294117647 0.7777777777777778 0.5978260869565217 0.5454545454545454 0.7112676056338029 0.6545454545454545 0.6486486486486487 0.6073619631901841 0.7727272727272727 0.5763358778625954 0.6384615384615384 0.6966292134831461 0.8478260869565217 0.5700934579439252 0.625 0.7320261437908496 0.72 0.6101694915254238
X11013310 0.9375 0.5785123966942148 0.5526315789473685 0.691358024691358 0.6277372262773723 0.5492957746478874 0.625 0.7572815533980582 0.608843537414966 0.6488888888888888 0.6011560693641619 0.610062893081761 0.6296296296296297 0.5925925925925926 0.5652173913043478 0.5625 0.7456140350877193 0.6318681318681318 0.6813186813186813 0.5211267605633803
X12012310 0.46464646464646464 0.6125461254612546 0.8292682926829268 0.5898203592814372 0.7575757575757576 0.6077586206896551 0.6818181818181818 0.875 0.53515625 0.7307692307692307 0.5505226480836237 0.5975975975975976 0.7657657657657657 0.6209677419354839 0.5689655172413793 0.5727848101265823 0.6862745098039216 0.5733333333333334 0.5970588235294118 0.5680473372781065
X13002310 0.710691823899371 0.6839080459770115 0.7103448275862069 0.6714285714285714 0.6610878661087866 0.732484076433121 0.7112299465240641 0.7282608695652174 0.740506329113924 0.6371681415929203 0.72 0.7176470588235294 0.6650246305418719 0.6443514644351465 0.6984126984126984 0.7051282051282052 0.6868686868686869 0.68 0.7222222222222222 0.6956521739130435
