X11002301 0.9605911330049262 0.8472906403940886 0.8325123152709359 0.2019704433497537 0.9408866995073891 0.14285714285714285 0.08374384236453201 0.18226600985221675 0.7832512315270936 0.08866995073891626 0.9211822660098522 0.3497536945812808 0.9359605911330049 0.8866995073891626 0.03940886699507389 0.9211822660098522 0.9261083743842364 0.9408866995073891 0.10837438423645321 0.1625615763546798
X11013410 0.3842364532019704 0.5123152709359606 0.3842364532019704 0.729064039408867 0.7389162561576355 0.42857142857142855 0.5517241379310345 0.5369458128078818 0.7931034482758621 0.2955665024630542 0.4975369458128079 0.019704433497536946 0.4482758620689655 0.5665024630541872 0.8177339901477833 0.43349753694581283 0.47783251231527096 0.8325123152709359 0.4039408866995074 0.14285714285714285
X11002310 0.6551724137931034 0.31527093596059114 0.49261083743842365 0.5615763546798029 0.5517241379310345 0.46798029556650245 0.6009852216748769 0.5911330049261084 0.5812807881773399 0.5123152709359606 0.5763546798029556 0.5369458128078818 0.6551724137931034 0.5467980295566502 0.4187192118226601 0.458128078817734 0.5172413793103449 0.6305418719211823 0.5320197044334976 0.5467980295566502
X12013610 0.18719211822660098 0.2315270935960591 0.5073891625615764 0.18226600985221675 0.07881773399014778 0.2512315270935961 0.3891625615763547 0.458128078817734 0.034482758620689655 0.2561576354679803 1.0 0.6551724137931034 0.5763546798029556 0.812807881773399 0.24630541871921183 0.7635467980295566 0.3694581280788177 0.5270935960591133 0.47783251231527096 0.46798029556650245
X11002310 0.7142857142857143 0.6847290640394089 0.7093596059113301 0.43842364532019706 0.6600985221674877 0.7339901477832512 0.6108374384236454 0.43842364532019706 0.5862068965517241 0.5911330049261084 0.7241379310344828 0.5320197044334976 0.5517241379310345 0.7487684729064039 0.5566502463054187 0.6847290640394089 0.5221674876847291 0.6551724137931034 0.7093596059113301 0.6305418719211823
X11012310 0.7684729064039408 0.35960591133004927 0.7684729064039408 0.8275862068965517 0.5763546798029556 0.8325123152709359 0.18226600985221675 0.729064039408867 0.7339901477832512 0.30049261083743845 0.7438423645320197 0.07881773399014778 0.03940886699507389 0.009852216748768473 0.729064039408867 0.3103448275862069 0.8423645320197044 0.8522167487684729 0.6305418719211823 0.6650246305418719
X11012610 0.24630541871921183 0.9310344827586207 0.029556650246305417 0.6600985221674877 0.6206896551724138 0.7044334975369458 0.1921182266009852 0.7783251231527094 0.26108374384236455 0.729064039408867 0.7339901477832512 0.5960591133004927 0.8916256157635468 0.33004926108374383 0.8177339901477833 0.458128078817734 0.7339901477832512 0.6206896551724138 0.24630541871921183 0.5320197044334976
X12013410 0.6600985221674877 0.39408866995073893 0.7487684729064039 0.41379310344827586 0.270935960591133 0.3251231527093596 0.4975369458128079 0.17733990147783252 0.5911330049261084 0.4876847290640394 0.33497536945812806 0.7438423645320197 0.8177339901477833 0.3054187192118227 0.1921182266009852 0.30049261083743845 0.19704433497536947 0.5517241379310345 0.08866995073891626 0.35467980295566504
X11013310 0.07389162561576355 0.3448275862068966 0.5172413793103449 0.5517241379310345 0.4236453201970443 0.3842364532019704 0.7142857142857143 0.3842364532019704 0.8817733990147784 0.7192118226600985 0.5123152709359606 0.47783251231527096 0.8374384236453202 0.39408866995073893 0.6403940886699507 0.6650246305418719 0.4187192118226601 0.5665024630541872 0.3054187192118227 0.3645320197044335
X12012310 0.22660098522167488 0.8177339901477833 0.16748768472906403 0.9704433497536946 0.3694581280788177 0.6945812807881774 0.07389162561576355 0.13793103448275862 0.6748768472906403 0.28078817733990147 0.7783251231527094 0.9802955665024631 0.4187192118226601 0.3793103448275862 0.3251231527093596 0.8916256157635468 0.5172413793103449 0.21182266009852216 1.0 0.4729064039408867
X13002310 0.5566502463054187 0.5862068965517241 0.5073891625615764 0.6945812807881774 0.7783251231527094 0.5665024630541872 0.6551724137931034 0.6600985221674877 0.5763546798029556 0.7093596059113301 0.6206896551724138 0.6009852216748769 0.6650246305418719 0.7586206896551724 0.6502463054187192 0.541871921182266 0.6699507389162561 0.7536945812807881 0.5123152709359606 0.4729064039408867
