X11002301 5.502065420150757 1.239025354385376 1.284616231918335 1.3305833339691162 1.37119460105896 1.593574047088623 1.509706974029541 1.5675005912780762 1.638918399810791 1.6859712600708008 1.7176003456115723 1.7899982929229736 1.8844630718231201 1.9625611305236816 2.014570474624634 2.1140904426574707 2.3346080780029297 2.2886600494384766 2.396512269973755 2.4188265800476074
X11013410 2.8061628341674805 2.866312265396118 2.9408934116363525 2.996729612350464 3.1905579566955566 3.153057098388672 3.239534616470337 3.62611722946167 3.3710885047912598 3.5140302181243896 3.5438382625579834 3.5676109790802 3.667637586593628 3.752396583557129 3.784684419631958 3.845475435256958 3.9068708419799805 3.9780313968658447 4.0196216106414795 4.111091136932373
X11002310 4.312170505523682 4.3020594120025635 4.437277317047119 4.419336318969727 4.4899351596832275 4.581849575042725 4.938132286071777 4.761349201202393 4.852796316146851 4.940321207046509 5.020445346832275 5.050292015075684 5.226353168487549 5.235830307006836 5.31084418296814 5.385491371154785 5.455572843551636 5.518697738647461 5.5640013217926025 5.711022138595581
X12013610 6.1411895751953125 6.17944598197937 6.229109048843384 6.424644708633423 6.866419315338135 6.642179727554321 6.72300386428833 6.980362415313721 7.016172409057617 6.950516700744629 7.0986387729644775 7.167117595672607 7.307632207870483 7.394530534744263 7.41200590133667 7.501692771911621 7.564005136489868 7.734962463378906 7.790707349777222 7.892233848571777
X11002310 7.688164710998535 7.777390241622925 7.8689892292022705 7.92230486869812 8.018675565719604 8.128661870956421 8.116739511489868 8.183232545852661 8.244132041931152 8.679632425308228 8.421172380447388 8.596594333648682 8.521743774414062 8.540138244628906 8.689104080200195 8.758198499679565 8.886145830154419 8.9058997631073 9.248521566390991 9.159375429153442
X11012310 9.46064043045044 9.476136684417725 9.565492630004883 9.777945041656494 9.865221500396729 10.066765069961548 10.09731388092041 10.206343173980713 10.273646116256714 10.352234840393066 10.51518964767456 10.440770864486694 10.559118747711182 10.682110786437988 10.8633713722229 10.961997747421265 11.09189224243164 11.071764469146729 11.083974838256836 11.187451124191284
X11012610 11.323355913162231 11.363951444625854 11.444743394851685 11.54223370552063 11.542348861694336 11.718782424926758 11.759109020233154 11.88570261001587 11.91546893119812 12.180614948272705 12.118356466293335 12.20480751991272 12.104496955871582 12.407134056091309 12.380129098892212 12.648590564727783 12.54640007019043 12.790283441543579 12.908514499664307 12.794833660125732
X12013410 13.29676628112793 13.512913465499878 13.838055610656738 14.015599250793457 14.033907651901245 14.30059003829956 14.35836124420166 14.607065677642822 14.608760595321655 14.814326524734497 14.716838359832764 14.890145301818848 15.1477952003479 15.464249610900879 16.437408208847046 15.914451360702515 16.094207525253296 16.121389627456665 16.34829068183899 16.452112197875977
X11013310 15.985063314437866 15.773919820785522 15.832610607147217 16.027440309524536 16.071348190307617 16.178091526031494 16.225903034210205 16.42774271965027 16.4004967212677 16.579541206359863 16.582473516464233 16.682080268859863 16.66832447052002 16.815791368484497 16.895217657089233 16.932570695877075 17.016992807388306 17.199360370635986 17.088979482650757 17.20572829246521
X12012310 17.847961902618408 17.84844160079956 17.920835256576538 17.99936294555664 18.204705953598022 18.28418231010437 18.464125871658325 18.38186478614807 18.466606616973877 18.680553913116455 18.609481811523438 18.799874544143677 18.90171504020691 18.972816705703735 19.137380599975586 19.13651704788208 20.128830194473267 19.495458364486694 19.710379362106323 19.643890142440796
X13002310 20.032259702682495 20.116644382476807 20.171530961990356 20.548540115356445 20.598488092422485 20.581597089767456 20.692071199417114 20.830272436141968 21.015008211135864 21.086974143981934 21.216179370880127 21.14382290840149 21.345662832260132 21.459317207336426 21.471004962921143 21.547202348709106 21.858429431915283 21.77508306503296 21.754743576049805 21.906771421432495
