X11002301 0.0 0.37606837606837606 0.0 0.4383561643835616 0.0 0.0 0.0 0.15555555555555553 0.22680412371134018 0.41194029850746267 0.0 0.0 0.0 0.0 0.0 0.0 0.0 0.0 0.02469135802469136 0.0
X11013410 0.4910714285714286 0.4639999999999999 0.5276073619631901 0.480349344978166 0.41358024691358025 0.4148148148148148 0.2295081967213115 0.5084745762711865 0.5174129353233832 0.025974025974025976 0.3067484662576687 0.33033033033033027 0.4651162790697675 0.45312500000000006 0.3585434173669468 0.4780876494023904 0.40668523676880225 0.0821917808219178 0.41818181818181815 0.5196078431372549
X11002310 0.4568527918781726 0.35151515151515156 0.4230769230769231 0.44808743169398907 0.48309178743961345 0.4941176470588235 0.5123152709359606 0.4673913043478261 0.4225352112676056 0.49 0.49214659685863876 0.449438202247191 0.5026178010471204 0.4873096446700507 0.48113207547169806 0.5445026178010471 0.4820512820512821 0.4776119402985074 0.505050505050505 0.4615384615384615
X12013610 0.3801652892561983 0.5217391304347826 0.5837837837837838 0.4535315985130112 0.5842696629213483 0.33618233618233617 0.5352112676056338 0.516431924882629 0.07874015748031496 0.42500000000000004 0.452054794520548 0.38202247191011235 0.5238095238095238 0.21739130434782608 0.2938388625592417 0.4732824427480916 0.576923076923077 0.4895104895104895 0.45312500000000006 0.411214953271028
X11002310 0.4666666666666667 0.5291479820627802 0.48314606741573035 0.5225225225225225 0.4976076555023924 0.5257731958762887 0.505050505050505 0.4705882352941177 0.5242718446601942 0.513089005235602 0.49514563106796117 0.5116279069767441 0.4771573604060914 0.45627376425855515 0.5077720207253886 0.5074626865671642 0.5057471264367815 0.5133689839572193 0.46486486486486484 0.0
X11012310 0.3560830860534125 0.492462311557789 0.05714285714285714 0.1797752808988764 0.5780346820809249 0.5257142857142858 0.3526011560693642 0.39252336448598135 0.6025641025641025 0.1111111111111111 0.4897959183673469 0.2554517133956386 0.3846153846153846 0.34328358208955223 0.1797752808988764 0.16541353383458646 0.41666666666666663 0.5540540540540541 0.5039370078740159 0.26006191950464397
X11012610 0.2845849802371541 0.5 0.4680851063829787 0.46923076923076923 0.4429065743944637 0.35555555555555557 0.40650406504065034 0.3333333333333333 0.3069306930693069 0.4971098265895953 0.39024390243902435 0.18039215686274507 0.47286821705426346 0.4715447154471545 0.18691588785046728 0.5454545454545454 0.1 0.47011952191235057 0.4476534296028881 0.462686567164179
X12013410 0.4491228070175439 0.36923076923076925 0.416 0.04838709677419355 0.4245810055865922 0.43601895734597157 0.4591836734693877 0.5398773006134969 0.480349344978166 0.4878048780487805 0.5649717514124294 0.5031446540880503 0.5371428571428571 0.16455696202531647 0.34188034188034183 0.49142857142857144 0.4793388429752067 0.4245810055865922 0.41595441595441596 0.49781659388646293
X11013310 0.44628099173553726 0.4776119402985075 0.43200000000000005 0.3456090651558073 0.32209737827715357 0.3581267217630854 0.3946188340807175 0.4433962264150944 0.3698630136986301 0.2810810810810811 0.1917808219178082 0.3057324840764331 0.4266666666666667 0.36078431372549014 0.17061611374407581 0.2874251497005988 0.36697247706422015 0.36448598130841114 0.1894736842105263 0.4057971014492754
X12012310 0.4816753926701571 0.52 0.0 0.4920634920634921 0.22568093385214008 0.4807692307692308 0.3542234332425068 0.35714285714285715 0.0 0.4085106382978724 0.3516483516483517 0.4999999999999999 0.5166666666666667 0.5714285714285715 0.4071428571428572 0.43661971830985913 0.5536723163841808 0.32861189801699714 0.5402298850574714 0.4255319148936171
