X11002301 0.0 0.5238095238095238 0.0 0.29493087557603687 0.0 0.0 0.0 0.4666666666666667 0.5 0.2653846153846154 0.0 0.0 0.0 0.0 0.0 0.0 0.0 0.0 0.16666666666666666 0.0
X11013410 0.3691275167785235 0.3314285714285714 0.48863636363636365 0.35714285714285715 0.26907630522088355 0.28717948717948716 0.2978723404255319 0.4411764705882353 0.4126984126984127 0.5 0.199203187250996 0.2131782945736434 0.32786885245901637 0.32044198895027626 0.22695035460992907 0.3409090909090909 0.25704225352112675 0.08450704225352113 0.27058823529411763 0.4108527131782946
X11002310 0.36885245901639346 0.32222222222222224 0.3308270676691729 0.37962962962962965 0.3787878787878788 0.4421052631578947 0.40625 0.3944954128440367 0.44776119402985076 0.392 0.4051724137931034 0.3883495145631068 0.41379310344827586 0.39344262295081966 0.3722627737226277 0.4482758620689655 0.39166666666666666 0.38095238095238093 0.4065040650406504 0.3609022556390977
X12013610 0.5 0.5714285714285714 0.4909090909090909 0.31443298969072164 0.5048543689320388 0.213768115942029 0.41304347826086957 0.39855072463768115 0.09615384615384616 0.4 0.30414746543778803 0.265625 0.4074074074074074 0.5882352941176471 0.22794117647058823 0.5535714285714286 0.5555555555555556 0.5147058823529411 0.32044198895027626 0.2682926829268293
X11002310 0.4 0.39864864864864863 0.4174757281553398 0.3945578231292517 0.3880597014925373 0.42857142857142855 0.4065040650406504 0.37209302325581395 0.4122137404580153 0.4224137931034483 0.3893129770992366 0.39285714285714285 0.38524590163934425 0.3191489361702128 0.4152542372881356 0.40476190476190477 0.4444444444444444 0.42857142857142855 0.39090909090909093 0.0
X11012310 0.22900763358778625 0.3951612903225806 0.1 0.5714285714285714 0.5102040816326531 0.46 0.22509225092250923 0.65625 0.5802469135802469 0.3333333333333333 0.5 0.16666666666666666 0.37037037037037035 0.3898305084745763 0.5714285714285714 0.1896551724137931 0.30303030303030304 0.5616438356164384 0.6153846153846154 0.1693548387096774
X11012610 0.20224719101123595 0.39097744360902253 0.34375 0.32972972972972975 0.29906542056074764 0.22456140350877193 0.5208333333333334 0.6296296296296297 0.2440944881889764 0.4387755102040816 0.24489795918367346 0.12777777777777777 0.3333333333333333 0.6041666666666666 0.14388489208633093 0.4752475247524752 0.8 0.3352272727272727 0.3069306930693069 0.32124352331606215
X12013410 0.3047619047619048 0.2594594594594595 0.29714285714285715 0.061224489795918366 0.36538461538461536 0.3382352941176471 0.371900826446281 0.5 0.35714285714285715 0.449438202247191 0.49019607843137253 0.47619047619047616 0.47 0.1566265060240964 0.47619047619047616 0.43 0.3473053892215569 0.36538461538461536 0.2644927536231884 0.37012987012987014
X11013310 0.32335329341317365 0.5423728813559322 0.54 0.21942446043165467 0.22395833333333334 0.22569444444444445 0.2972972972972973 0.34306569343065696 0.38028169014084506 0.23636363636363636 0.14583333333333334 0.2926829268292683 0.32 0.25555555555555554 0.1323529411764706 0.18532818532818532 0.5882352941176471 0.2805755395683453 0.45 0.3181818181818182
X12012310 0.39655172413793105 0.416 0.0 0.6078431372549019 0.15934065934065933 0.37593984962406013 0.2226027397260274 0.5405405405405406 0.0 0.3 0.22145328719723184 0.5217391304347826 0.6888888888888889 0.6153846153846154 0.2780487804878049 0.4626865671641791 0.4803921568627451 0.20863309352517986 0.47474747474747475 0.45454545454545453
