X11002301 0.0 0.29333333333333333 0.0 0.8533333333333334 0.0 0.0 0.0 0.09333333333333334 0.14666666666666667 0.92 0.0 0.0 0.0 0.0 0.0 0.0 0.0 0.0 0.013333333333333334 0.0
X11013410 0.7333333333333333 0.7733333333333333 0.5733333333333334 0.7333333333333333 0.8933333333333333 0.7466666666666667 0.18666666666666668 0.6 0.6933333333333334 0.013333333333333334 0.6666666666666666 0.7333333333333333 0.8 0.7733333333333333 0.8533333333333334 0.8 0.9733333333333334 0.08 0.92 0.7066666666666667
X11002310 0.6 0.38666666666666666 0.5866666666666667 0.5466666666666666 0.6666666666666666 0.56 0.6933333333333334 0.5733333333333334 0.4 0.6533333333333333 0.6266666666666667 0.5333333333333333 0.64 0.64 0.68 0.6933333333333334 0.6266666666666667 0.64 0.6666666666666666 0.64
X12013610 0.30666666666666664 0.48 0.72 0.8133333333333334 0.6933333333333334 0.7866666666666666 0.76 0.7333333333333333 0.06666666666666667 0.4533333333333333 0.88 0.68 0.7333333333333333 0.13333333333333333 0.41333333333333333 0.41333333333333333 0.6 0.4666666666666667 0.7733333333333333 0.88
X11002310 0.56 0.7866666666666666 0.5733333333333334 0.7733333333333333 0.6933333333333334 0.68 0.6666666666666666 0.64 0.72 0.6533333333333333 0.68 0.7333333333333333 0.6266666666666667 0.8 0.6533333333333333 0.68 0.5866666666666667 0.64 0.5733333333333334 0.0
X11012310 0.8 0.6533333333333333 0.04 0.10666666666666667 0.6666666666666666 0.6133333333333333 0.8133333333333334 0.28 0.6266666666666667 0.06666666666666667 0.48 0.5466666666666666 0.4 0.30666666666666664 0.10666666666666667 0.14666666666666667 0.6666666666666666 0.5466666666666666 0.4266666666666667 0.56
X11012610 0.48 0.6933333333333334 0.7333333333333333 0.8133333333333334 0.8533333333333334 0.8533333333333334 0.3333333333333333 0.22666666666666666 0.41333333333333333 0.5733333333333334 0.96 0.30666666666666664 0.8133333333333334 0.38666666666666666 0.26666666666666666 0.64 0.05333333333333334 0.7866666666666666 0.8266666666666667 0.8266666666666667
X12013410 0.8533333333333334 0.64 0.6933333333333334 0.04 0.5066666666666667 0.6133333333333333 0.6 0.5866666666666667 0.7333333333333333 0.5333333333333333 0.6666666666666666 0.5333333333333333 0.6266666666666667 0.17333333333333334 0.26666666666666666 0.5733333333333334 0.7733333333333333 0.5066666666666667 0.9733333333333334 0.76
X11013310 0.72 0.4266666666666667 0.36 0.8133333333333334 0.5733333333333334 0.8666666666666667 0.5866666666666667 0.6266666666666667 0.36 0.3466666666666667 0.28 0.32 0.64 0.6133333333333333 0.24 0.64 0.26666666666666666 0.52 0.12 0.56
X12012310 0.6133333333333333 0.6933333333333334 0.0 0.41333333333333333 0.38666666666666666 0.6666666666666666 0.8666666666666667 0.26666666666666666 0.0 0.64 0.8533333333333334 0.48 0.41333333333333333 0.5333333333333333 0.76 0.41333333333333333 0.6533333333333333 0.7733333333333333 0.6266666666666667 0.4
