X11002301 49.930604219436646 49.43768072128296 49.587217569351196 49.71249079704285 49.62266278266907 49.64056754112244 49.321725845336914 49.25215435028076 48.88375210762024 48.70533728599548 49.05474901199341 49.54979181289673 49.570232629776 50.09949803352356 50.23345351219177 50.18443584442139 49.89897036552429 49.789538860321045 50.181838035583496 50.64969611167908
X11013410 50.61306190490723 52.345566511154175 50.67411231994629 50.98279523849487 50.94197678565979 51.21750497817993 51.38200926780701 51.749332427978516 52.23418736457825 51.74996042251587 51.55438590049744 51.53431844711304 51.74226093292236 53.19046974182129 52.092570304870605 52.06352424621582 52.2321617603302 52.23475790023804 52.05929160118103 51.764514207839966
X11002310 51.66618752479553 51.72532391548157 52.10196900367737 53.88547110557556 52.13519525527954 52.78499388694763 52.76405882835388 53.130433797836304 53.29358887672424 53.06661891937256 53.224204540252686 53.544883251190186 53.44647192955017 53.668843030929565 53.29036569595337 53.568135023117065 53.609267473220825 54.2703812122345 53.344571590423584 52.884291648864746
X12013610 52.71797180175781 53.09884285926819 53.075207471847534 53.25146961212158 52.92990851402283 53.27331614494324 53.02682399749756 53.163965940475464 53.20408511161804 53.19759964942932 53.13744139671326 53.13252544403076 53.20622634887695 53.693190574645996 53.840047121047974 54.32138276100159 54.668142795562744 54.86657452583313 54.95555329322815 54.470890045166016
X11002310 55.17024254798889 54.49998450279236 54.03065514564514 53.98164439201355 53.975091218948364 54.15474581718445 54.02257251739502 54.11375594139099 54.12015891075134 54.32447338104248 54.76098275184631 56.691007137298584 55.58770751953125 56.107638359069824 56.150513648986816 56.0528781414032 55.81839084625244 56.14401578903198 56.64710187911987 56.724924087524414
X11012310 56.937413454055786 57.11960053443909 57.51983046531677 57.80548596382141 57.74807691574097 58.14549255371094 57.88417196273804 57.99700951576233 57.27949595451355 57.31622862815857 58.61772155761719 57.92507219314575 57.529947996139526 57.92408752441406 59.52483654022217 59.586899280548096 59.825146198272705 60.20997166633606 60.35504508018494 60.18908357620239
X11012610 58.82198667526245 58.82908844947815 58.163575172424316 58.05937457084656 58.301671266555786 58.30953621864319 58.11146378517151 57.97445225715637 58.70572590827942 59.21358799934387 59.40096855163574 59.111294746398926 59.35376834869385 59.70863676071167 60.096137046813965 59.8944149017334 59.93870258331299 60.01920437812805 59.909714460372925 60.05421018600464
X12013410 2.2698817253112793 2.288916826248169 2.3812549114227295 2.4046404361724854 2.4351282119750977 2.682429075241089 2.5879433155059814 2.666091203689575 2.742924928665161 2.7595701217651367 2.845863103866577 2.930495023727417 2.960340976715088 3.0418970584869385 3.0829520225524902 3.200870990753174 3.2782206535339355 3.4637672901153564 3.408982038497925 3.4814653396606445
X11013310 3.4984254837036133 3.6106247901916504 3.7568442821502686 3.7888693809509277 3.719428300857544 3.7609329223632812 3.9266488552093506 4.028364658355713 4.116567134857178 4.1901891231536865 4.2670934200286865 4.3276047706604 4.608666658401489 4.486581325531006 4.740301132202148 4.8340232372283936 4.6993408203125 4.810388565063477 4.863012313842773 4.879313707351685
X12012310 5.433528423309326 5.590327739715576 5.633975028991699 5.706374168395996 5.869079113006592 5.979304790496826 6.111306190490723 6.1867454051971436 6.301494836807251 6.649953842163086 6.5698113441467285 6.590670347213745 6.704208135604858 6.823007106781006 6.890247344970703 6.984473943710327 7.101075172424316 7.139594078063965 7.24851655960083 7.387106418609619
