X11002301 0.0 0.03773584905660378 0.20833333333333334 0.0 0.2456140350877193 0.0 0.0 0.3 0.045454545454545456 0.0 0.0 0.0 0.0 0.0 0.0 0.2127659574468085 0.17543859649122806 0.0 0.1923076923076923 0.0
X11013410 0.3076923076923077 0.3131313131313131 0.16759776536312854 0.25316455696202533 0.30985915492957744 0.27272727272727276 0.25663716814159293 0.311377245508982 0.2837837837837838 0.319672131147541 0.3167420814479638 0.2770562770562771 0.13953488372093023 0.14503816793893132 0.3636363636363636 0.23214285714285715 0.2978723404255319 0.28148148148148144 0.2084942084942085 0.24113475177304966
X11002310 0.18181818181818182 0.1836734693877551 0.27522935779816515 0.3478260869565218 0.3157894736842105 0.3076923076923077 0.21568627450980393 0.36036036036036034 0.22727272727272727 0.3304347826086957 0.32258064516129037 0.28205128205128205 0.3 0.3137254901960784 0.3302752293577982 0.2857142857142857 0.339622641509434 0.3168316831683169 0.2809917355371901 0.32989690721649484
X12013610 0.2743362831858407 0.35955056179775274 0.20588235294117646 0.13489736070381234 0.2575107296137339 0.10975609756097562 0.36641221374045796 0.20408163265306123 0.3157894736842105 0.3111111111111111 0.3018867924528302 0.1218274111675127 0.40287769784172656 0.38961038961038963 0.2619047619047619 0.35514018691588783 0.25688073394495414 0.12807881773399016 0.18473895582329317 0.3211678832116789
X11002310 0.2857142857142857 0.16091954022988506 0.3206106870229008 0.21359223300970875 0.26086956521739135 0.17142857142857143 0.26548672566371684 0.2888888888888889 0.25 0.2830188679245283 0.2692307692307692 0.3709677419354839 0.22727272727272727 0.14814814814814814 0.045454545454545456 0.31775700934579443 0.0 0.2608695652173913 0.29411764705882354 0.35593220338983045
X11012310 0.25477707006369427 0.17543859649122806 0.15909090909090912 0.2096069868995633 0.20491803278688522 0.2298850574712644 0.16842105263157894 0.31292517006802717 0.16766467065868262 0.21276595744680848 0.25327510917030566 0.17073170731707316 0.16666666666666666 0.1423948220064725 0.3205128205128205 0.11949685534591195 0.14792899408284024 0.20338983050847456 0.3354838709677419 0.19607843137254902
X11012610 0.32432432432432434 0.16370106761565836 0.30845771144278605 0.4029850746268657 0.08108108108108107 0.18009478672985782 0.4246575342465753 0.3916083916083916 0.14285714285714285 0.26785714285714285 0.32110091743119273 0.19289340101522845 0.1308411214953271 0.3636363636363637 0.3295454545454545 0.3402061855670103 0.2617801047120419 0.36231884057971014 0.3229166666666667 0.37410071942446044
X12013410 0.34449760765550236 0.30097087378640774 0.34375 0.33018867924528306 0.29743589743589743 0.31034482758620685 0.3157894736842105 0.25806451612903225 0.3354037267080745 0.318840579710145 0.2909090909090909 0.33628318584070793 0.2540983606557377 0.2894736842105263 0.3609756097560975 0.3924050632911392 0.33663366336633666 0.2222222222222222 0.21406727828746178 0.3619047619047619
X11013310 0.25149700598802394 0.3953488372093023 0.12345679012345678 0.2605042016806723 0.2585034013605442 0.30985915492957744 0.5094339622641509 0.21359223300970878 0.15976331360946744 0.3502824858757062 0.43165467625899284 0.3536585365853658 0.44444444444444436 0.2755102040816326 0.2987012987012987 0.3483870967741936 0.38666666666666666 0.191044776119403 0.36363636363636365 0.21495327102803738
X12012310 0.32142857142857145 0.28688524590163933 0.3709677419354839 0.39506172839506176 0.0631578947368421 0.3114754098360656 0.39106145251396646 0.21305841924398625 0.18106995884773663 0.3448275862068965 0.34710743801652894 0.28906250000000006 0.37267080745341613 0.39285714285714285 0.07079646017699115 0.35555555555555557 0.28793774319066145 0.12 0.39215686274509803 0.0
