X11002301 0.0 0.07692307692307693 0.625 0.0 0.4117647058823529 0.0 0.0 0.45 0.25 0.0 0.0 0.0 0.0 0.0 0.0 0.7142857142857143 0.29411764705882354 0.0 0.4166666666666667 0.0
X11013410 0.21359223300970873 0.1962025316455696 0.09433962264150944 0.15228426395939088 0.1907514450867052 0.16336633663366337 0.15591397849462366 0.2047244094488189 0.19444444444444445 0.19117647058823528 0.19337016574585636 0.16753926701570682 0.09090909090909091 0.08558558558558559 0.24561403508771928 0.14130434782608695 0.1794871794871795 0.2 0.1232876712328767 0.14049586776859505
X11002310 0.15254237288135594 0.15517241379310345 0.21739130434782608 0.26666666666666666 0.2727272727272727 0.25 0.1774193548387097 0.28169014084507044 0.20833333333333334 0.25333333333333335 0.2830188679245283 0.2894736842105263 0.225 0.25806451612903225 0.2608695652173913 0.23076923076923078 0.2727272727272727 0.26229508196721313 0.20987654320987653 0.2807017543859649
X12013610 0.16666666666666666 0.32653061224489793 0.25 0.07641196013289037 0.15544041450777202 0.0625 0.26373626373626374 0.11363636363636363 0.2727272727272727 0.2 0.20168067226890757 0.07643312101910828 0.2828282828282828 0.2631578947368421 0.171875 0.2835820895522388 0.2028985507246377 0.07975460122699386 0.11004784688995216 0.2268041237113402
X11002310 0.23076923076923078 0.14893617021276595 0.23076923076923078 0.1746031746031746 0.2 0.2 0.2054794520547945 0.26 0.22916666666666666 0.22727272727272727 0.21875 0.27380952380952384 0.20833333333333334 0.14634146341463414 0.25 0.2537313432835821 0.0 0.23076923076923078 0.20833333333333334 0.2692307692307692
X11012310 0.17094017094017094 0.29411764705882354 0.09375 0.12698412698412698 0.12254901960784313 0.2127659574468085 0.14545454545454545 0.21495327102803738 0.11023622047244094 0.1282051282051282 0.15343915343915343 0.11290322580645161 0.10365853658536585 0.08178438661710037 0.21551724137931033 0.0683453237410072 0.08389261744966443 0.11464968152866242 0.22608695652173913 0.11041009463722397
X11012610 0.2222222222222222 0.0954356846473029 0.19254658385093168 0.2872340425531915 0.08823529411764706 0.1111111111111111 0.29245283018867924 0.27184466019417475 0.08974358974358974 0.16304347826086957 0.19662921348314608 0.12101910828025478 0.07473309608540925 0.23129251700680273 0.21323529411764705 0.21428571428571427 0.16556291390728478 0.25510204081632654 0.20394736842105263 0.26262626262626265
X12013410 0.21301775147928995 0.18674698795180722 0.25 0.20348837209302326 0.1870967741935484 0.20149253731343283 0.21428571428571427 0.1643835616438356 0.2231404958677686 0.19760479041916168 0.22857142857142856 0.2602739726027397 0.15196078431372548 0.3055555555555556 0.22424242424242424 0.2627118644067797 0.20987654320987653 0.12840466926070038 0.12195121951219512 0.2923076923076923
X11013310 0.16535433070866143 0.3695652173913043 0.07389162561576355 0.15656565656565657 0.17757009345794392 0.1907514450867052 0.4090909090909091 0.13253012048192772 0.09060402684563758 0.22627737226277372 0.30303030303030304 0.23387096774193547 0.3157894736842105 0.17307692307692307 0.20175438596491227 0.23478260869565218 0.2636363636363636 0.10847457627118644 0.24 0.13218390804597702
X12012310 0.25 0.1715686274509804 0.27380952380952384 0.26229508196721313 0.05454545454545454 0.18627450980392157 0.2517985611510791 0.12350597609561753 0.10837438423645321 0.2147239263803681 0.25925925925925924 0.1712962962962963 0.24793388429752067 0.3055555555555556 0.0547945205479452 0.25263157894736843 0.17050691244239632 0.06923076923076923 0.3225806451612903 0.0
