X11002301 0.0 0.025 0.125 0.0 0.175 0.0 0.0 0.225 0.025 0.0 0.0 0.0 0.0 0.0 0.0 0.125 0.125 0.0 0.125 0.0
X11013410 0.55 0.775 0.75 0.75 0.825 0.825 0.725 0.65 0.525 0.975 0.875 0.8 0.3 0.475 0.7 0.65 0.875 0.475 0.675 0.85
X11002310 0.225 0.225 0.375 0.5 0.375 0.4 0.275 0.5 0.25 0.475 0.375 0.275 0.45 0.4 0.45 0.375 0.45 0.4 0.425 0.4
X12013610 0.775 0.4 0.175 0.575 0.75 0.45 0.6 1.0 0.375 0.7 0.6 0.3 0.7 0.75 0.55 0.475 0.35 0.325 0.575 0.55
X11002310 0.375 0.175 0.525 0.275 0.375 0.15 0.375 0.325 0.275 0.375 0.35 0.575 0.25 0.15 0.025 0.425 0.0 0.3 0.5 0.525
X11012310 0.5 0.125 0.525 0.6 0.625 0.25 0.2 0.575 0.35 0.625 0.725 0.35 0.425 0.55 0.625 0.475 0.625 0.9 0.65 0.875
X11012610 0.6 0.575 0.775 0.675 0.075 0.475 0.775 0.7 0.35 0.75 0.875 0.475 0.525 0.85 0.725 0.825 0.625 0.625 0.775 0.65
X12013410 0.9 0.775 0.55 0.875 0.725 0.675 0.6 0.6 0.675 0.825 0.4 0.475 0.775 0.275 0.925 0.775 0.85 0.825 0.875 0.475
X11013310 0.525 0.425 0.375 0.775 0.475 0.825 0.675 0.55 0.675 0.775 0.75 0.725 0.75 0.675 0.575 0.675 0.725 0.8 0.75 0.575
X12012310 0.45 0.875 0.575 0.8 0.075 0.95 0.875 0.775 0.55 0.875 0.525 0.925 0.75 0.55 0.1 0.6 0.925 0.45 0.5 0.0
