X11002301 32.6798779964447 32.368998527526855 32.32756686210632 32.171364545822144 32.23140859603882 33.49154853820801 32.714603424072266 32.886579275131226 32.99078297615051 33.514023303985596 33.56748008728027 33.88339352607727 33.855698347091675 33.760082960128784 34.06975531578064 34.21364164352417 34.046523571014404 33.97607612609863 33.86204504966736 34.2368860244751
X11013410 35.53917217254639 35.1706063747406 34.99076795578003 35.251107931137085 35.23083734512329 35.25199055671692 35.38806509971619 35.443360805511475 35.511380672454834 34.85787105560303 35.22381949424744 36.555784463882446 37.4867262840271 37.646233320236206 37.85243582725525 38.1810667514801 38.4447386264801 38.59423542022705 38.64708089828491 38.190269947052
X11002310 38.1380717754364 38.33969044685364 38.053640842437744 37.67784023284912 37.74715852737427 37.22980332374573 37.365710973739624 37.290685415267944 37.13452506065369 36.825443744659424 36.81131076812744 37.502599000930786 37.79305720329285 37.37055277824402 37.70479989051819 37.41500544548035 37.915651082992554 37.03057408332825 37.407395362854004 37.245213747024536
X12013610 37.65323233604431 38.27916216850281 37.72845482826233 37.8442964553833 37.548012495040894 37.60440921783447 37.79553198814392 38.03233766555786 37.95006275177002 38.0698516368866 38.11166477203369 38.11985993385315 38.34460186958313 38.41691994667053 38.21397137641907 38.26099729537964 38.429712772369385 38.440857887268066 38.369126319885254 38.602686643600464
X11002310 38.390233278274536 38.31080722808838 39.0164577960968 38.97707533836365 38.71538281440735 38.89911246299744 38.84827709197998 38.979281425476074 39.22674894332886 39.038822650909424 39.05270552635193 39.13736629486084 39.1041944026947 39.27326035499573 39.39633369445801 39.33383131027222 39.38728642463684 39.69267916679382 39.81068968772888 39.972697019577026
X11012310 40.08128595352173 40.359373331069946 40.46209907531738 40.19401812553406 40.77567672729492 40.51949644088745 40.392937421798706 40.966031074523926 40.67453145980835 40.94473433494568 41.030479192733765 40.682199239730835 41.12792682647705 41.587891817092896 41.43308067321777 43.08636426925659 42.18306922912598 42.246073961257935 42.0538387298584 42.435864210128784
X11012610 42.73540687561035 42.806891441345215 42.72517776489258 42.6994309425354 42.811588764190674 43.214903831481934 43.57402944564819 43.51082253456116 43.464926958084106 43.80402326583862 43.631638288497925 43.55316996574402 44.168277978897095 44.862476110458374 44.437806844711304 44.47870206832886 44.224098682403564 44.95528554916382 44.703251361846924 44.605905532836914
X12013410 45.18437600135803 45.30934929847717 45.189208030700684 45.516210317611694 45.33982014656067 45.45111298561096 45.66688585281372 45.81107544898987 45.52603459358215 45.39465618133545 45.038291215896606 45.12842106819153 45.06520223617554 45.08425998687744 45.26681447029114 45.37323212623596 45.19666266441345 45.724809646606445 45.61215400695801 45.610891580581665
X11013310 45.38095140457153 45.689037799835205 45.493202686309814 45.628746032714844 45.72588014602661 46.07239747047424 46.56207752227783 45.51935291290283 45.563040018081665 45.73784422874451 45.8355553150177 45.956722021102905 45.87570667266846 46.153475522994995 46.19659447669983 46.29534363746643 46.410496950149536 46.434404134750366 47.31122398376465 48.03423523902893
X12012310 49.40165424346924 49.28741717338562 49.355982542037964 49.68443250656128 49.673986196517944 49.89067602157593 49.813899755477905 49.78021597862244 49.863786458969116 49.95929765701294 50.03347659111023 50.34279942512512 50.27759122848511 50.54913830757141 51.02443075180054 50.759552001953125 50.693543434143066 51.062870025634766 51.35092616081238 51.24200654029846
