X11002301 0.6519114688128773 0.8291032148900169 0.0 0.8257191201353639 0.7737226277372263 0.0 0.8125000000000001 0.8408304498269896 0.82 0.8277027027027027 0.0 0.799249530956848 0.00796812749003984 0.8385899814471244 0.8388214904679376 0.04545454545454545 0.7933884297520662 0.5721518987341773 0.099644128113879 0.8243243243243245
X11013410 0.5728155339805825 0.6826347305389222 0.44705882352941173 0.7697594501718212 0.579185520361991 0.7575221238938052 0.7126948775055679 0.532258064516129 0.6649874055415617 0.599483204134367 0.4201183431952663 0.7807933194154488 0.625 0.7746741154562383 0.6444906444906445 0.5200945626477541 0.562189054726368 0.4943820224719101 0.7735470941883767 0.37962962962962965
X11002310 0.7959183673469388 0.8200836820083682 0.8063872255489022 0.7925311203319501 0.8 0.8637236084452974 0.8091286307053942 0.7806841046277667 0.8253968253968254 0.8056680161943319 0.7822580645161291 0.7547169811320755 0.8108108108108107 0.8254620123203286 0.8067226890756302 0.8311688311688312 0.7942386831275721 0.7714285714285714 0.8263473053892216 0.8066528066528066
X12013610 0.6779661016949153 0.18815331010452963 0.689655172413793 0.5113636363636365 0.26116838487972505 0.7171171171171171 0.2191011235955056 0.5910064239828693 0.33136094674556216 0.4382022471910112 0.5895691609977324 0.6678571428571429 0.3701492537313433 0.7897435897435898 0.4574780058651026 0.6177024482109228 0.25 0.6513761467889909 0.356687898089172 0.5931372549019608
X11002310 0.6713615023474179 0.7105263157894737 0.834008097165992 0.7289293849658315 0.6712643678160919 0.7600849256900212 0.7158836689038031 0.7966457023060798 0.7024608501118569 0.7232142857142857 0.7794432548179872 0.8447937131630647 0.8452380952380952 0.759656652360515 0.728476821192053 0.8032454361054767 0.6893424036281179 0.807531380753138 0.779874213836478 0.7510548523206751
X11012310 0.41225626740947074 0.7485604606525912 0.7931623931623932 0.5333333333333333 0.6409638554216868 0.41935483870967744 0.572093023255814 0.7229357798165138 0.44761904761904764 0.7073170731707318 0.4723618090452261 0.6720647773279351 0.5444743935309974 0.5222222222222223 0.6640926640926641 0.5311653116531165 0.5504087193460491 0.7350096711798839 0.5576407506702413 0.7452471482889734
X11012610 0.7135506003430533 0.6636568848758465 0.5847665847665847 0.6441441441441442 0.3503184713375796 0.5549738219895288 0.6496350364963505 0.18300653594771243 0.4956140350877193 0.761437908496732 0.5497382198952879 0.6193853427895981 0.6462093862815885 0.5272206303724928 0.06976744186046512 0.47597254004576656 0.6973947895791583 0.31152647975077885 0.728813559322034 0.3417721518987342
X12013410 0.7637130801687764 0.6014319809069213 0.7834394904458599 0.7970204841713221 0.7088607594936708 0.8025210084033613 0.7136929460580913 0.6666666666666666 0.8173258003766478 0.5307262569832403 0.3551912568306011 0.6235011990407674 0.6271604938271604 0.7562642369020501 0.6131386861313869 0.5904365904365905 0.2857142857142857 0.6206896551724138 0.8202020202020203 0.7992047713717694
X11013310 0.6514522821576763 0.6728280961182995 0.4169014084507042 0.7191489361702127 0.3869047619047619 0.6954887218045113 0.5698924731182796 0.7600700525394046 0.7764227642276423 0.629955947136564 0.5934065934065935 0.5461689587426326 0.5882352941176472 0.7066895368782161 0.7008196721311476 0.8080808080808081 0.1283018867924528 0.5307125307125308 0.5714285714285714 0.521978021978022
X12012310 0.8047538200339559 0.5566037735849058 0.6069246435845215 0.01593625498007968 0.43243243243243246 0.2647058823529412 0.4946808510638298 0.7835703001579779 0.7475409836065573 0.8 0.7835703001579779 0.1198501872659176 0.6095238095238095 0.7835703001579779 0.6406926406926406 0.0 0.0 0.5934579439252337 0.7487684729064039 0.0
X13002310 0.8025210084033613 0.84 0.7843137254901961 0.8295687885010267 0.7999999999999999 0.7268817204301075 0.7604395604395604 0.8247011952191234 0.7589285714285714 0.8298279158699808 0.8008565310492507 0.8274428274428275 0.807531380753138 0.7027027027027026 0.7804878048780489 0.8204081632653061 0.6995305164319249 0.800804828973843 0.8226120857699806 0.7510729613733904
