X11002301 0.6506024096385542 0.7142857142857143 0.0 0.7113702623906706 0.7066666666666667 0.0 0.6861111111111111 0.7363636363636363 0.6988636363636364 0.7122093023255814 0.0 0.7473684210526316 0.3333333333333333 0.7766323024054983 0.7355623100303952 0.375 0.8135593220338984 0.7687074829931972 0.42424242424242425 0.7093023255813954
X11013410 0.7195121951219512 0.6758893280632411 0.8260869565217391 0.6706586826347305 0.6597938144329897 0.6750788643533123 0.7960199004975125 0.7983870967741935 0.8859060402684564 0.8345323741007195 0.7888888888888889 0.8095238095238095 0.8223684210526315 0.7197231833910035 0.6652360515021459 0.6285714285714286 0.7337662337662337 0.8148148148148148 0.7689243027888446 0.44565217391304346
X11002310 0.8057851239669421 0.8521739130434782 0.7984189723320159 0.8162393162393162 0.8016194331983806 0.8241758241758241 0.8333333333333334 0.7791164658634538 0.8125 0.8089430894308943 0.782258064516129 0.7860262008733624 0.8369098712446352 0.8410041841004184 0.8421052631578947 0.7697594501718213 0.8109243697478992 0.78099173553719 0.8181818181818182 0.8326180257510729
X12013610 0.6360424028268551 0.6923076923076923 0.7407407407407407 0.8653846153846154 0.8837209302325582 0.6482084690553745 0.3611111111111111 0.6301369863013698 0.6222222222222222 0.7222222222222222 0.6735751295336787 0.5993589743589743 0.7126436781609196 0.685459940652819 0.8387096774193549 0.5795053003533569 0.609375 0.7553191489361702 0.8484848484848485 0.75625
X11002310 0.8033707865168539 0.7788461538461539 0.8373983739837398 0.837696335078534 0.7807486631016043 0.8026905829596412 0.8040201005025126 0.8296943231441049 0.7889447236180904 0.81 0.8310502283105022 0.8237547892720306 0.83203125 0.8119266055045872 0.8048780487804879 0.8081632653061225 0.7875647668393783 0.8391304347826087 0.8122270742358079 0.7876106194690266
X11012310 0.6666666666666666 0.7142857142857143 0.6884272997032641 0.8571428571428571 0.7964071856287425 0.489247311827957 0.6758241758241759 0.6632996632996633 0.5465116279069767 0.6226993865030674 0.6266666666666667 0.6747967479674797 0.8211382113821138 0.8392857142857143 0.6370370370370371 0.8099173553719008 0.8487394957983193 0.7063197026022305 0.832 0.7050359712230215
X11012610 0.6208955223880597 0.7538461538461538 0.7484276729559748 0.7295918367346939 0.8333333333333334 0.7910447761194029 0.5933333333333334 0.4827586206896552 0.5432692307692307 0.6401098901098901 0.7835820895522388 0.7485714285714286 0.5849673202614379 0.9108910891089109 0.9 0.5502645502645502 0.6932270916334662 0.684931506849315 0.6286549707602339 0.7941176470588235
X12013410 0.8008849557522124 0.7368421052631579 0.6473684210526316 0.740484429065744 0.7433628318584071 0.8377192982456141 0.7350427350427351 0.8598726114649682 0.7667844522968198 0.8636363636363636 0.5508474576271186 0.7692307692307693 0.8089171974522293 0.8691099476439791 0.7730061349693251 0.6094420600858369 0.49019607843137253 0.6244897959183674 0.8218623481781376 0.788235294117647
X11013310 0.6709401709401709 0.621160409556314 0.6915887850467289 0.7612612612612613 0.7386363636363636 0.6514084507042254 0.8548387096774194 0.6718266253869969 0.7827868852459017 0.6941747572815534 0.6521739130434783 0.5325670498084292 0.7062146892655368 0.6149253731343284 0.7125 0.8097165991902834 1.0 0.6792452830188679 0.7549668874172185 0.8189655172413793
X12012310 0.6950146627565983 0.6704545454545454 0.6131687242798354 0.6666666666666666 0.8470588235294118 0.4891304347826087 0.7265625 0.6441558441558441 0.6298342541436464 0.6943620178041543 0.6441558441558441 0.8421052631578947 0.7441860465116279 0.6441558441558441 0.6915887850467289 0.0 0.0 0.7055555555555556 0.631578947368421 0.0
X13002310 0.8377192982456141 0.7649006622516556 0.8530805687203792 0.8451882845188284 0.7859922178988327 0.7788018433179723 0.8357487922705314 0.8149606299212598 0.85 0.7890909090909091 0.8538812785388128 0.8540772532188842 0.8391304347826087 0.7959183673469388 0.8669950738916257 0.8305785123966942 0.8370786516853933 0.7991967871485943 0.7962264150943397 0.8027522935779816
