X11002301 0.6532258064516129 0.9879032258064516 0.0 0.9838709677419355 0.8548387096774194 0.0 0.9959677419354839 0.9798387096774194 0.9919354838709677 0.9879032258064516 0.0 0.8588709677419355 0.004032258064516129 0.9112903225806451 0.9758064516129032 0.024193548387096774 0.7741935483870968 0.45564516129032256 0.056451612903225805 0.9838709677419355
X11013410 0.47580645161290325 0.6895161290322581 0.3064516129032258 0.9032258064516129 0.5161290322580645 0.8629032258064516 0.6451612903225806 0.39919354838709675 0.532258064516129 0.46774193548387094 0.2862903225806452 0.7540322580645161 0.5040322580645161 0.8387096774193549 0.625 0.4435483870967742 0.45564516129032256 0.3548387096774194 0.7782258064516129 0.33064516129032256
X11002310 0.7862903225806451 0.7903225806451613 0.8145161290322581 0.7701612903225806 0.7983870967741935 0.907258064516129 0.7862903225806451 0.782258064516129 0.8387096774193549 0.8024193548387096 0.782258064516129 0.7258064516129032 0.7862903225806451 0.8104838709677419 0.7741935483870968 0.9032258064516129 0.7782258064516129 0.7620967741935484 0.8346774193548387 0.782258064516129
X12013610 0.7258064516129032 0.10887096774193548 0.6451612903225806 0.3629032258064516 0.1532258064516129 0.8024193548387096 0.15725806451612903 0.5564516129032258 0.22580645161290322 0.31451612903225806 0.5241935483870968 0.7540322580645161 0.25 0.9314516129032258 0.31451612903225806 0.6612903225806451 0.15725806451612903 0.5725806451612904 0.22580645161290322 0.4879032258064516
X11002310 0.5766129032258065 0.6532258064516129 0.8306451612903226 0.6451612903225806 0.5887096774193549 0.7217741935483871 0.6451612903225806 0.7661290322580645 0.6330645161290323 0.6532258064516129 0.7338709677419355 0.8669354838709677 0.8588709677419355 0.7137096774193549 0.6653225806451613 0.7983870967741935 0.6129032258064516 0.7782258064516129 0.75 0.717741935483871
X11012310 0.29838709677419356 0.7862903225806451 0.9354838709677419 0.3870967741935484 0.5362903225806451 0.36693548387096775 0.4959677419354839 0.7943548387096774 0.3790322580645161 0.8185483870967742 0.3790322580645161 0.6693548387096774 0.40725806451612906 0.3790322580645161 0.6935483870967742 0.3951612903225806 0.40725806451612906 0.7661290322580645 0.41935483870967744 0.7903225806451613
X11012610 0.8387096774193549 0.592741935483871 0.4798387096774194 0.5766129032258065 0.2217741935483871 0.4274193548387097 0.717741935483871 0.11290322580645161 0.45564516129032256 0.9395161290322581 0.42338709677419356 0.5282258064516129 0.7217741935483871 0.3709677419354839 0.036290322580645164 0.41935483870967744 0.7016129032258065 0.20161290322580644 0.8669354838709677 0.21774193548387097
X12013410 0.7298387096774194 0.5080645161290323 0.9919354838709677 0.8629032258064516 0.6774193548387096 0.7701612903225806 0.6935483870967742 0.5443548387096774 0.875 0.38306451612903225 0.2620967741935484 0.5241935483870968 0.5120967741935484 0.6693548387096774 0.5080645161290323 0.5725806451612904 0.20161290322580644 0.6169354838709677 0.8185483870967742 0.8104838709677419
X11013310 0.6330645161290323 0.7338709677419355 0.29838709677419356 0.6814516129032258 0.2620967741935484 0.7459677419354839 0.4274193548387097 0.875 0.7701612903225806 0.5766129032258065 0.5443548387096774 0.5604838709677419 0.5040322580645161 0.8306451612903226 0.6895161290322581 0.8064516129032258 0.06854838709677419 0.43548387096774194 0.4596774193548387 0.38306451612903225
X12012310 0.9556451612903226 0.47580645161290325 0.6008064516129032 0.008064516129032258 0.2903225806451613 0.1814516129032258 0.375 1.0 0.9193548387096774 0.9435483870967742 1.0 0.06451612903225806 0.5161290322580645 1.0 0.5967741935483871 0.0 0.0 0.5120967741935484 0.9193548387096774 0.0
X13002310 0.7701612903225806 0.9314516129032258 0.7258064516129032 0.8145161290322581 0.8145161290322581 0.6814516129032258 0.6975806451612904 0.8346774193548387 0.6854838709677419 0.875 0.7540322580645161 0.8024193548387096 0.7782258064516129 0.6290322580645161 0.7096774193548387 0.8104838709677419 0.6008064516129032 0.8024193548387096 0.8508064516129032 0.7056451612903226
