X11002301 21.499701976776123 21.48024845123291 21.66974687576294 21.679111003875732 21.81773090362549 21.785394430160522 21.91003942489624 21.93410015106201 22.066939115524292 22.037008047103882 22.286531686782837 22.217402696609497 22.395222425460815 22.310956239700317 22.446064949035645 22.501606225967407 22.640243530273438 22.601500034332275 22.682467937469482 22.786021947860718
X11013410 23.284387350082397 23.40117859840393 23.574575662612915 23.66409158706665 23.75282597541809 23.795291900634766 24.10811495780945 23.94843888282776 24.21691346168518 25.249956369400024 24.482445240020752 24.395459175109863 24.45886516571045 24.58764886856079 24.626680374145508 24.629242658615112 24.890382051467896 24.84183144569397 25.137943983078003 24.84369158744812
X11002310 25.052709579467773 25.117620706558228 25.067989826202393 25.353862524032593 25.769994735717773 25.918480396270752 25.906232833862305 26.10207772254944 26.033725261688232 25.606910943984985 25.67425775527954 25.714273691177368 25.89461874961853 25.757168292999268 25.948923587799072 26.029102325439453 26.109070301055908 26.223335027694702 26.223389148712158 26.305425882339478
X12013610 26.66251826286316 26.615980625152588 26.62845253944397 26.794217824935913 26.919010162353516 27.051746129989624 27.042508125305176 27.352376222610474 27.200461864471436 27.325424194335938 27.38901400566101 27.52586054801941 27.521309852600098 27.75214123725891 27.817771673202515 27.90307378768921 27.864484548568726 28.00205707550049 28.106836557388306 28.234060049057007
X11002310 28.032821893692017 28.330111265182495 28.1347815990448 28.32135581970215 28.41291642189026 28.40468692779541 28.460808992385864 28.689956188201904 28.478981256484985 28.709051609039307 28.73660683631897 28.781978845596313 28.776810884475708 29.48911428451538 29.492178201675415 29.80938482284546 29.633607625961304 29.639108657836914 29.202468395233154 29.369136571884155
X11012310 29.587464809417725 30.803200721740723 29.95300793647766 29.998082160949707 30.144511461257935 30.284031629562378 30.11855125427246 30.280544757843018 30.33472728729248 30.3596293926239 30.426937341690063 30.636422872543335 30.46469759941101 30.854663610458374 30.738869428634644 30.752793073654175 30.93582034111023 30.99544858932495 30.953946352005005 31.111247062683105
X11012610 31.142266511917114 31.41195845603943 31.2794930934906 31.518674612045288 31.464086532592773 31.6981782913208 31.68175983428955 31.756048679351807 31.731595993041992 31.8445725440979 31.859505653381348 32.03063774108887 32.07539200782776 32.15221858024597 32.187052488327026 33.05026865005493 33.02966070175171 33.14869952201843 33.269110679626465 32.49260425567627
X12013410 32.933751821517944 32.85126304626465 32.7384569644928 32.942760944366455 32.84041166305542 33.12886381149292 32.94380164146423 32.95010781288147 32.95708441734314 32.655219316482544 32.95712900161743 33.50167465209961 33.79300308227539 34.18718409538269 34.24294996261597 34.26772880554199 34.38809251785278 34.60840082168579 34.60382866859436 34.82486271858215
X11013310 34.88316226005554 34.780394077301025 34.834025144577026 35.05618119239807 34.81203246116638 35.376553535461426 35.784571409225464 35.379541635513306 35.35600423812866 35.18506073951721 35.19239854812622 35.298909187316895 35.30864930152893 36.25976610183716 36.0820107460022 36.38888239860535 35.8163697719574 35.28986740112305 35.19775104522705 35.33359408378601
X12012310 35.956793546676636 35.76637673377991 35.66713213920593 35.683387756347656 37.60043239593506 36.388585567474365 36.536118507385254 37.12875175476074 37.29526352882385 37.56443524360657 37.60879039764404 37.8364052772522 37.93052673339844 38.0467312335968 38.48128938674927 38.522576570510864 38.38618206977844 38.60870981216431 38.594069719314575 38.71566152572632
X13002310 39.213881969451904 39.13064408302307 39.33809447288513 39.50814652442932 39.47039866447449 39.67457032203674 39.823036193847656 39.77882409095764 40.858856201171875 40.97349810600281 41.083160161972046 40.48221468925476 40.47633647918701 40.510571002960205 40.82103204727173 40.81628632545471 40.63584566116333 40.97215414047241 40.898194313049316 41.119181871414185
